0 0.987
0.01 0.98632093
0.02 0.98590235
0.03 0.98574048
0.04 0.98583159
0.05 0.98617192
0.06 0.98675772
0.07 0.98758523
0.08 0.98865069
0.09 0.98995037
0.1 0.99148049
0.11 0.99323732
0.12 0.99521709
0.13 0.99741605
0.14 0.99983016
0.15 1.002455
0.16 1.0052862
0.17 1.0083191
0.18 1.0115495
0.19 1.0149728
0.2 1.0185847
0.21 1.0223806
0.22 1.026356
0.23 1.0305067
0.24 1.0348281
0.25 1.0393157
0.26 1.0439654
0.27 1.048775
0.28 1.0537435
0.29 1.05887
0.3 1.0641535
0.31 1.069593
0.32 1.0751876
0.33 1.0809362
0.34 1.0868379
0.35 1.0928916
0.36 1.0990965
0.37 1.1054516
0.38 1.1119558
0.39 1.1186078
0.4 1.1254052
0.41 1.1323454
0.42 1.1394256
0.43 1.1466433
0.44 1.1539959
0.45 1.1614806
0.46 1.1690949
0.47 1.176836
0.48 1.1847015
0.49 1.1926886
0.5 1.2007946
0.51 1.209017
0.52 1.2173527
0.53 1.2257981
0.54 1.2343497
0.55 1.243004
0.56 1.2517573
0.57 1.2606063
0.58 1.2695473
0.59 1.2785768
0.6 1.2876912
0.61 1.2968871
0.62 1.3061608
0.63 1.3155088
0.64 1.3249278
0.65 1.3344153
0.66 1.3439692
0.67 1.3535875
0.68 1.3632682
0.69 1.3730093
0.7 1.3828087
0.71 1.3926643
0.72 1.4025742
0.73 1.4125362
0.74 1.4225484
0.75 1.4326088
0.76 1.4427152
0.77 1.4528631
0.78 1.4630429
0.79 1.4732438
0.8 1.4834555
0.81 1.4936673
0.82 1.5038688
0.83 1.5140494
0.84 1.5241985
0.85 1.5343056
0.86 1.5443603
0.87 1.5543518
0.88 1.5642699
0.89 1.5741047
0.9 1.5838621
0.91 1.5935608
0.92 1.6032198
0.93 1.6128581
0.94 1.6224947
0.95 1.6321486
0.96 1.6418389
0.97 1.6515845
0.98 1.6614045
0.99 1.6713178
1 1.6813436
1.01 1.6915008
1.02 1.701793
1.03 1.7121493
1.04 1.7224767
1.05 1.7326821
1.06 1.7426723
1.07 1.7523543
1.08 1.7616349
1.09 1.770421
1.1 1.7786195
1.11 1.7861373
1.12 1.7928814
1.13 1.7987585
1.14 1.8036767
1.15 1.8076267
1.16 1.8107367
1.17 1.8131479
1.18 1.8150018
1.19 1.8164395
1.2 1.8176024
1.21 1.8186319
1.22 1.8196692
1.23 1.8208555
1.24 1.8223323
1.25 1.8242408
1.26 1.8267223
1.27 1.8299181
1.28 1.8339696
1.29 1.839018
1.3 1.8452046
1.31 1.8526707
1.32 1.8615577
1.33 1.8720068
1.34 1.8841594
1.35 1.8981567
1.36 1.9141401
1.37 1.9322508
1.38 1.9526301
1.39 1.9754194
1.4 2.00076
1.41 2.0287932
1.42 2.0596602
1.43 2.0935023
1.44 2.130461
1.45 2.1706774
1.46 2.2142929
1.47 2.2614487
1.48 2.3122863
1.49 2.3669468
1.5 2.4255717
1.51 2.4883021
1.52 2.5552766
1.53 2.6265313
1.54 2.7019718
1.55 2.7814955
1.56 2.8649996
1.57 2.9523816
1.58 3.0435387
1.59 3.1383682
1.6 3.2367675
1.61 3.3386338
1.62 3.4438645
1.63 3.552357
1.64 3.6640084
1.65 3.7787462
1.66 3.8967373
1.67 4.0182638
1.68 4.1436084
1.69 4.2730537
1.7 4.4068826
1.71 4.5453777
1.72 4.6888218
1.73 4.8374975
1.74 4.9916876
1.75 5.1516747
1.76 5.3177417
1.77 5.4901708
1.78 5.6690868
1.79 5.8542004
1.8 6.0451555
1.81 6.241596
1.82 6.4431658
1.83 6.6495089
1.84 6.860269
1.85 7.07509
1.86 7.2936159
1.87 7.5154906
1.88 7.7403579
1.89 7.9678617
1.9 8.1976457
1.91 8.429351
1.92 8.6626158
1.93 8.8970782
1.94 9.1323762
1.95 9.3681481
1.96 9.6040319
1.97 9.8396658
1.98 10.074688
1.99 10.308736
2 10.541449
2.01 10.772464
2.02 11.00142
2.03 11.228009
2.04 11.45224
2.05 11.674235
2.06 11.894114
2.07 12.112
2.08 12.328015
2.09 12.54228
2.1 12.754918
2.11 12.966049
2.12 13.175796
2.13 13.384281
2.14 13.591625
2.15 13.797951
2.16 14.003528
2.17 14.208912
2.18 14.414692
2.19 14.621457
2.2 14.829795
2.21 15.040297
2.22 15.253551
2.23 15.470146
2.24 15.690672
2.25 15.915717
2.26 16.145871
2.27 16.381723
2.28 16.623823
2.29 16.87216
2.3 17.126305
2.31 17.385823
2.32 17.650274
2.33 17.919222
2.34 18.192228
2.35 18.468855
2.36 18.748665
2.37 19.03122
2.38 19.316083
2.39 19.602817
2.4 19.890982
2.41 20.180343
2.42 20.47151
2.43 20.765321
2.44 21.062614
2.45 21.364225
2.46 21.670993
2.47 21.983754
2.48 22.303346
2.49 22.630606
2.5 22.966373
2.51 23.311482
2.52 23.666772
2.53 24.033066
2.54 24.410446
2.55 24.797884
2.56 25.194264
2.57 25.598467
2.58 26.009377
2.59 26.425876
2.6 26.846847
2.61 27.271172
2.62 27.697734
2.63 28.125415
2.64 28.553098
2.65 28.979665
2.66 29.404077
2.67 29.826041
2.68 30.245695
2.69 30.663178
2.7 31.078631
2.71 31.492193
2.72 31.904005
2.73 32.314207
2.74 32.72294
2.75 33.130344
2.76 33.536559
2.77 33.941725
2.78 34.345983
2.79 34.749084
2.8 35.149564
2.81 35.545721
2.82 35.935856
2.83 36.318266
2.84 36.69125
2.85 37.053107
2.86 37.402136
2.87 37.736634
2.88 38.054902
2.89 38.355238
2.9 38.635939
2.91 38.895327
2.92 39.132327
2.93 39.346558
2.94 39.537677
2.95 39.705341
2.96 39.849208
2.97 39.968933
2.98 40.064174
2.99 40.134587
3 40.179831
3.01 40.19956
3.02 40.193433
3.03 40.161107
3.04 40.102335
3.05 40.017555
3.06 39.907498
3.07 39.772893
3.08 39.614472
3.09 39.432965
3.1 39.229103
3.11 39.003616
3.12 38.757236
3.13 38.490694
3.14 38.204719
3.15 37.900043
3.16 37.577397
3.17 37.237718
3.18 36.882423
3.19 36.512995
3.2 36.13092
3.21 35.737682
3.22 35.334765
3.23 34.923653
3.24 34.505831
3.25 34.082784
3.26 33.655996
3.27 33.226951
3.28 32.797134
3.29 32.367991
3.3 31.940294
3.31 31.514219
3.32 31.089924
3.33 30.667568
3.34 30.247307
3.35 29.8293
3.36 29.413704
3.37 29.000677
3.38 28.590377
3.39 28.182962
3.4 27.778589
3.41 27.377417
3.42 26.979637
3.43 26.585618
3.44 26.195785
3.45 25.810562
3.46 25.430374
3.47 25.055645
3.48 24.686801
3.49 24.324265
3.5 23.968462
3.51 23.619817
3.52 23.278755
3.53 22.9457
3.54 22.621074
3.55 22.305083
3.56 21.997556
3.57 21.698279
3.58 21.407042
3.59 21.123634
3.6 20.847843
3.61 20.579457
3.62 20.318264
3.63 20.064055
3.64 19.816616
3.65 19.575737
3.66 19.341207
3.67 19.112817
3.68 18.890418
3.69 18.673895
3.7 18.463136
3.71 18.258027
3.72 18.058455
3.73 17.864307
3.74 17.67547
3.75 17.491832
3.76 17.313278
3.77 17.139696
3.78 16.970972
3.79 16.806994
3.8 16.647672
3.81 16.493004
3.82 16.343009
3.83 16.197706
3.84 16.057112
3.85 15.921248
3.86 15.790132
3.87 15.663782
3.88 15.542218
3.89 15.425458
3.9 15.313521
3.91 15.206425
3.92 15.104188
3.93 15.006751
3.94 14.913954
3.95 14.825629
3.96 14.741609
3.97 14.661727
3.98 14.585816
3.99 14.513708
4 14.445237
4.01 14.380235
4.02 14.318534
4.03 14.259968
4.04 14.204369
4.05 14.15158
4.06 14.101536
4.07 14.054215
4.08 14.009596
4.09 13.967659
4.1 13.928384
4.11 13.89175
4.12 13.857736
4.13 13.826323
4.14 13.797488
4.15 13.771212
4.16 13.747475
4.17 13.726255
4.18 13.707519
4.19 13.6912
4.2 13.677221
4.21 13.665509
4.22 13.655988
4.23 13.648584
4.24 13.643222
4.25 13.639828
4.26 13.638327
4.27 13.638643
4.28 13.640703
4.29 13.644431
4.3 13.649753
4.31 13.656585
4.32 13.664834
4.33 13.674408
4.34 13.685212
4.35 13.697156
4.36 13.710145
4.37 13.724086
4.38 13.738887
4.39 13.754455
4.4 13.770697
4.41 13.787519
4.42 13.80483
4.43 13.822544
4.44 13.840634
4.45 13.859092
4.46 13.87791
4.47 13.89708
4.48 13.916596
4.49 13.93645
4.5 13.956633
4.51 13.977139
4.52 13.99796
4.53 14.019088
4.54 14.040517
4.55 14.062237
4.56 14.084216
4.57 14.106366
4.58 14.128591
4.59 14.150798
4.6 14.172892
4.61 14.194778
4.62 14.216362
4.63 14.23755
4.64 14.258246
4.65 14.278356
4.66 14.297785
4.67 14.31644
4.68 14.334227
4.69 14.351082
4.7 14.366964
4.71 14.381833
4.72 14.395649
4.73 14.40837
4.74 14.419956
4.75 14.430366
4.76 14.43956
4.77 14.447498
4.78 14.454138
4.79 14.459441
4.8 14.463365
4.81 14.465879
4.82 14.466993
4.83 14.466726
4.84 14.465101
4.85 14.462138
4.86 14.457857
4.87 14.45228
4.88 14.445426
4.89 14.437318
4.9 14.427975
4.91 14.417419
4.92 14.405671
4.93 14.392749
4.94 14.378635
4.95 14.363244
4.96 14.346487
4.97 14.328275
4.98 14.308517
4.99 14.287125
5 14.26401
5.01 14.23908
5.02 14.212249
5.03 14.183425
5.04 14.152519
5.05 14.119442
5.06 14.084113
5.07 14.046537
5.08 14.006772
5.09 13.964874
5.1 13.920904
5.11 13.874918
5.12 13.826974
5.13 13.77713
5.14 13.725445
5.15 13.671976
5.16 13.616782
5.17 13.559919
5.18 13.501447
5.19 13.441419
5.2 13.379869
5.21 13.316833
5.22 13.252341
5.23 13.186427
5.24 13.119124
5.25 13.050465
5.26 12.980482
5.27 12.909209
5.28 12.836678
5.29 12.762921
5.3 12.687973
5.31 12.611865
5.32 12.534642
5.33 12.456357
5.34 12.377067
5.35 12.296827
5.36 12.215693
5.37 12.13372
5.38 12.050963
5.39 11.96748
5.4 11.883325
5.41 11.798553
5.42 11.713221
5.43 11.627384
5.44 11.541093
5.45 11.45436
5.46 11.367182
5.47 11.279553
5.48 11.191471
5.49 11.102931
5.5 11.013928
5.51 10.924459
5.52 10.834519
5.53 10.744103
5.54 10.653209
5.55 10.561832
5.56 10.469966
5.57 10.377646
5.58 10.284991
5.59 10.192138
5.6 10.09922
5.61 10.006372
5.62 9.9137304
5.63 9.8214289
5.64 9.7296025
5.65 9.6383863
5.66 9.547915
5.67 9.4583236
5.68 9.369747
5.69 9.2823153
5.7 9.1960666
5.71 9.110954
5.72 9.0269273
5.73 8.9439366
5.74 8.8619318
5.75 8.7808627
5.76 8.7006793
5.77 8.6213316
5.78 8.5427694
5.79 8.4649427
5.8 8.3878014
5.81 8.3112955
5.82 8.2353874
5.83 8.1601085
5.84 8.0855129
5.85 8.0116551
5.86 7.9385893
5.87 7.8663698
5.88 7.7950511
5.89 7.7246873
5.9 7.6553329
5.91 7.5870422
5.92 7.5198695
5.93 7.4538692
5.94 7.3890952
5.95 7.3255796
5.96 7.2633128
5.97 7.202281
5.98 7.1424701
5.99 7.0838663
6 7.0264557
6.01 6.9702242
6.02 6.9151579
6.03 6.861243
6.04 6.8084654
6.05 6.7568113
6.06 6.7062667
6.07 6.6568171
6.08 6.6084421
6.09 6.5611165
6.1 6.5148154
6.11 6.4695136
6.12 6.425186
6.13 6.3818076
6.14 6.3393533
6.15 6.297798
6.16 6.2571166
6.17 6.2172841
6.18 6.1782753
6.19 6.1400652
6.2 6.1026316
6.21 6.0659639
6.22 6.0300543
6.23 5.9948949
6.24 5.9604781
6.25 5.926796
6.26 5.8938408
6.27 5.8616048
6.28 5.8300803
6.29 5.7992593
6.3 5.7691342
6.31 5.7396972
6.32 5.7109404
6.33 5.6828556
6.34 5.6554336
6.35 5.6286652
6.36 5.6025414
6.37 5.5770529
6.38 5.5521906
6.39 5.5279452
6.4 5.5043077
6.41 5.4812689
6.42 5.4588196
6.43 5.4369506
6.44 5.4156528
6.45 5.3949152
6.46 5.3747106
6.47 5.3550027
6.48 5.3357556
6.49 5.316933
6.5 5.2984988
6.51 5.2804169
6.52 5.2626511
6.53 5.2451652
6.54 5.2279232
6.55 5.2108888
6.56 5.194026
6.57 5.1772985
6.58 5.1606813
6.59 5.1441816
6.6 5.1278126
6.61 5.1115873
6.62 5.095519
6.63 5.0796208
6.64 5.0639059
6.65 5.0483875
6.66 5.0330786
6.67 5.0179924
6.68 5.0031422
6.69 4.988541
6.7 4.9742015
6.71 4.9601188
6.72 4.9462698
6.73 4.9326305
6.74 4.9191766
6.75 4.9058842
6.76 4.892729
6.77 4.879687
6.78 4.866734
6.79 4.853846
6.8 4.8409988
6.81 4.8281683
6.82 4.8153304
6.83 4.802462
6.84 4.7895466
6.85 4.7765704
6.86 4.7635196
6.87 4.7503804
6.88 4.7371389
6.89 4.7237814
6.9 4.710294
6.91 4.6966629
6.92 4.6828744
6.93 4.6689145
6.94 4.6547695
6.95 4.6404257
6.96 4.625877
6.97 4.6111349
6.98 4.5962131
6.99 4.5811252
7 4.5658849
7.01 4.5505058
7.02 4.5350016
7.03 4.519386
7.04 4.5036727
7.05 4.4878753
7.06 4.4720075
7.07 4.4560829
7.08 4.4401148
7.09 4.4241077
7.1 4.4080592
7.11 4.3919669
7.12 4.3758279
7.13 4.3596398
7.14 4.3433998
7.15 4.3271055
7.16 4.3107541
7.17 4.2943431
7.18 4.2778698
7.19 4.2613317
7.2 4.2447261
7.21 4.2280508
7.22 4.2113053
7.23 4.1944895
7.24 4.1776035
7.25 4.1606474
7.26 4.143621
7.27 4.1265245
7.28 4.1093578
7.29 4.092121
7.3 4.074814
7.31 4.057437
7.32 4.0399898
7.33 4.0224726
7.34 4.0048895
7.35 3.9872519
7.36 3.9695716
7.37 3.9518604
7.38 3.9341301
7.39 3.9163926
7.4 3.8986597
7.41 3.8809433
7.42 3.8632553
7.43 3.8456075
7.44 3.8280117
7.45 3.8104798
7.46 3.7930232
7.47 3.7756474
7.48 3.7583545
7.49 3.7411466
7.5 3.7240257
7.51 3.7069937
7.52 3.6900526
7.53 3.6732045
7.54 3.6564513
7.55 3.6397952
7.56 3.6232379
7.57 3.6067816
7.58 3.5904283
7.59 3.5741813
7.6 3.5580483
7.61 3.5420384
7.62 3.5261603
7.63 3.5104229
7.64 3.494835
7.65 3.4794056
7.66 3.4641434
7.67 3.4490574
7.68 3.4341564
7.69 3.4194493
7.7 3.4049449
7.71 3.390652
7.72 3.3765761
7.73 3.3627189
7.74 3.3490814
7.75 3.335665
7.76 3.3224709
7.77 3.3095004
7.78 3.2967546
7.79 3.2842349
7.8 3.2719424
7.81 3.2598785
7.82 3.2480443
7.83 3.2364411
7.84 3.2250703
7.85 3.2139342
7.86 3.2030354
7.87 3.1923768
7.88 3.181961
7.89 3.1717909
7.9 3.1618691
7.91 3.1521984
7.92 3.1427816
7.93 3.1336214
7.94 3.1247205
7.95 3.1160816
7.96 3.1077075
7.97 3.0995986
7.98 3.0917488
7.99 3.084151
8 3.0767982
8.01 3.0696835
8.02 3.0627996
8.03 3.0561397
8.04 3.0496967
8.05 3.0434635
8.06 3.037433
8.07 3.0315984
8.08 3.0259524
8.09 3.0204884
8.1 3.015205
8.11 3.0101064
8.12 3.0051968
8.13 3.0004805
8.14 2.9959617
8.15 2.9916448
8.16 2.9875341
8.17 2.9836339
8.18 2.9799483
8.19 2.9764818
8.2 2.9732386
8.21 2.970223
8.22 2.9674377
8.23 2.9648764
8.24 2.9625294
8.25 2.9603871
8.26 2.95844
8.27 2.9566783
8.28 2.9550926
8.29 2.9536733
8.3 2.9524106
8.31 2.951295
8.32 2.9503169
8.33 2.9494667
8.34 2.9487348
8.35 2.9481153
8.36 2.9476096
8.37 2.9472199
8.38 2.9469485
8.39 2.9467976
8.4 2.9467693
8.41 2.946866
8.42 2.9470898
8.43 2.9474429
8.44 2.9479277
8.45 2.9485462
8.46 2.9493008
8.47 2.9501932
8.48 2.9512191
8.49 2.9523697
8.5 2.9536362
8.51 2.9550097
8.52 2.9564812
8.53 2.9580418
8.54 2.9596827
8.55 2.9613949
8.56 2.9631696
8.57 2.9649978
8.58 2.9668707
8.59 2.9687793
8.6 2.9707159
8.61 2.9726772
8.62 2.974661
8.63 2.9766654
8.64 2.9786883
8.65 2.9807276
8.66 2.9827813
8.67 2.9848473
8.68 2.9869235
8.69 2.989008
8.7 2.9910986
8.71 2.9931932
8.72 2.9952898
8.73 2.9973855
8.74 2.999476
8.75 3.0015568
8.76 3.0036236
8.77 3.0056721
8.78 3.0076978
8.79 3.0096964
8.8 3.0116634
8.81 3.0135945
8.82 3.0154854
8.83 3.0173316
8.84 3.0191288
8.85 3.0208729
8.86 3.0225643
8.87 3.0242055
8.88 3.025799
8.89 3.0273475
8.9 3.0288535
8.91 3.0303197
8.92 3.0317485
8.93 3.0331427
8.94 3.0345048
8.95 3.0358373
8.96 3.037143
8.97 3.0384243
8.98 3.0396811
8.99 3.0409047
9 3.0420848
9.01 3.0432109
9.02 3.0442729
9.03 3.0452602
9.04 3.0461626
9.05 3.0469697
9.06 3.0476711
9.07 3.0482565
9.08 3.0487156
9.09 3.0490379
9.1 3.0492134
9.11 3.0492399
9.12 3.0491242
9.13 3.0488736
9.14 3.0484954
9.15 3.0479968
9.16 3.0473851
9.17 3.0466677
9.18 3.0458518
9.19 3.0449446
9.2 3.0439535
9.21 3.0428857
9.22 3.0417486
9.23 3.0405483
9.24 3.0392834
9.25 3.0379493
9.26 3.0365414
9.27 3.035055
9.28 3.0334854
9.29 3.0318281
9.3 3.0300784
9.31 3.0282316
9.32 3.0262831
9.33 3.0242283
9.34 3.0220625
9.35 3.0197811
9.36 3.0173813
9.37 3.0148647
9.38 3.0122335
9.39 3.0094899
9.4 3.0066361
9.41 3.0036742
9.42 3.0006065
9.43 2.9974352
9.44 2.9941624
9.45 2.9907903
9.46 2.9873211
9.47 2.9837571
9.48 2.9801003
9.49 2.9763528
9.5 2.9725164
9.51 2.9685929
9.52 2.9645841
9.53 2.9604918
9.54 2.9563178
9.55 2.9520639
9.56 2.9477319
9.57 2.9433237
9.58 2.938841
9.59 2.9342856
9.6 2.9296593
9.61 2.9249635
9.62 2.9201967
9.63 2.9153565
9.64 2.9104409
9.65 2.9054475
9.66 2.9003739
9.67 2.8952181
9.68 2.8899776
9.69 2.8846503
9.7 2.8792339
9.71 2.873726
9.72 2.8681245
9.73 2.862427
9.74 2.8566357
9.75 2.8507597
9.76 2.844809
9.77 2.8387936
9.78 2.8327236
9.79 2.8266089
9.8 2.8204596
9.81 2.8142857
9.82 2.8080971
9.83 2.8019039
9.84 2.7957161
9.85 2.7895436
9.86 2.7833959
9.87 2.7772738
9.88 2.7711729
9.89 2.7650884
9.9 2.7590157
9.91 2.7529501
9.92 2.746887
9.93 2.7408218
9.94 2.7347497
9.95 2.728666
9.96 2.7225662
9.97 2.7164456
9.98 2.7102994
9.99 2.7041244
10 2.6979217
10.01 2.6916939
10.02 2.6854432
10.03 2.6791722
10.04 2.6728831
10.05 2.6665784
10.06 2.6602605
10.07 2.6539318
10.08 2.6475947
10.09 2.6412516
10.1 2.6349049
10.11 2.628557
10.12 2.622212
10.13 2.6158762
10.14 2.609556
10.15 2.6032578
10.16 2.5969882
10.17 2.5907534
10.18 2.58456
10.19 2.5784144
10.2 2.572323
10.21 2.5662922
10.22 2.5603285
10.23 2.5544383
10.24 2.5486273
10.25 2.5428944
10.26 2.5372355
10.27 2.5316461
10.28 2.5261221
10.29 2.520659
10.3 2.5152526
10.31 2.5098985
10.32 2.5045925
10.33 2.4993302
10.34 2.4941073
10.35 2.4889196
10.36 2.4837626
10.37 2.4786337
10.38 2.4735344
10.39 2.4684672
10.4 2.4634344
10.41 2.4584383
10.42 2.4534814
10.43 2.448566
10.44 2.4436945
10.45 2.4388691
10.46 2.4340924
10.47 2.4293667
10.48 2.4246942
10.49 2.4200774
10.5 2.4155165
10.51 2.4110096
10.52 2.406555
10.53 2.4021507
10.54 2.3977949
10.55 2.3934857
10.56 2.3892212
10.57 2.3849995
10.58 2.3808189
10.59 2.3766773
10.6 2.3725729
10.61 2.3685039
10.62 2.3644686
10.63 2.3604668
10.64 2.3564991
10.65 2.3525658
10.66 2.3486673
10.67 2.3448041
10.68 2.3409766
10.69 2.3371852
10.7 2.3334303
10.71 2.3297125
10.72 2.326032
10.73 2.3223893
10.74 2.3187849
10.75 2.3152189
10.76 2.311691
10.77 2.3082007
10.78 2.3047476
10.79 2.3013312
10.8 2.2979513
10.81 2.2946073
10.82 2.2912988
10.83 2.2880254
10.84 2.2847867
10.85 2.2815822
10.86 2.2784115
10.87 2.2752742
10.88 2.272169
10.89 2.269094
10.9 2.2660471
10.91 2.2630266
10.92 2.2600305
10.93 2.2570568
10.94 2.2541036
10.95 2.251169
10.96 2.2482511
10.97 2.245348
10.98 2.2424577
10.99 2.2395782
11 2.236708
11.01 2.2338462
11.02 2.2309924
11.03 2.2281462
11.04 2.225307
11.05 2.2224745
11.06 2.2196482
11.07 2.2168276
11.08 2.2140123
11.09 2.2112018
11.1 2.2083957
11.11 2.2055934
11.12 2.2027947
11.13 2.1999984
11.14 2.1972025
11.15 2.194405
11.16 2.191604
11.17 2.1887973
11.18 2.185983
11.19 2.183159
11.2 2.1803233
11.21 2.1774738
11.22 2.1746086
11.23 2.1717256
11.24 2.1688227
11.25 2.1658981
11.26 2.1629515
11.27 2.1599835
11.28 2.1569947
11.29 2.1539858
11.3 2.1509574
11.31 2.14791
11.32 2.1448444
11.33 2.1417612
11.34 2.138661
11.35 2.1355444
11.36 2.1324121
11.37 2.1292647
11.38 2.1261024
11.39 2.1229242
11.4 2.1197288
11.41 2.1165147
11.42 2.1132807
11.43 2.1100254
11.44 2.1067476
11.45 2.1034458
11.46 2.1001187
11.47 2.096765
11.48 2.0933834
11.49 2.0899726
11.5 2.0865311
11.51 2.0830587
11.52 2.0795561
11.53 2.0760241
11.54 2.0724635
11.55 2.0688751
11.56 2.0652597
11.57 2.0616181
11.58 2.0579512
11.59 2.0542597
11.6 2.0505444
11.61 2.0468062
11.62 2.0430459
11.63 2.039264
11.64 2.03546
11.65 2.0316325
11.66 2.0277805
11.67 2.0239027
11.68 2.0199978
11.69 2.0160646
11.7 2.0121019
11.71 2.0081085
11.72 2.0040832
11.73 2.0000247
11.74 1.9959318
11.75 1.9918032
11.76 1.9876386
11.77 1.9834392
11.78 1.9792069
11.79 1.9749431
11.8 1.9706496
11.81 1.966328
11.82 1.96198
11.83 1.9576072
11.84 1.9532114
11.85 1.9487941
11.86 1.9443571
11.87 1.9399019
11.88 1.9354303
11.89 1.930943
11.9 1.9264404
11.91 1.9219225
11.92 1.9173895
11.93 1.9128416
11.94 1.908279
11.95 1.9037018
11.96 1.8991102
11.97 1.8945044
11.98 1.8898845
11.99 1.8852508
12 1.8806034
12.01 1.8759424
12.02 1.8712682
12.03 1.8665808
12.04 1.8618806
12.05 1.8571678
12.06 1.8524425
12.07 1.8477051
12.08 1.8429558
12.09 1.8381948
12.1 1.8334222
12.11 1.8286385
12.12 1.8238437
12.13 1.8190381
12.14 1.8142222
12.15 1.809397
12.16 1.8045635
12.17 1.7997226
12.18 1.7948755
12.19 1.7900231
12.2 1.7851664
12.21 1.7803065
12.22 1.7754444
12.23 1.770581
12.24 1.7657174
12.25 1.7608546
12.26 1.7559936
12.27 1.7511351
12.28 1.7462793
12.29 1.7414267
12.3 1.7365777
12.31 1.7317326
12.32 1.7268917
12.33 1.7220556
12.34 1.7172244
12.35 1.7123987
12.36 1.7075787
12.37 1.7027649
12.38 1.6979576
12.39 1.6931571
12.4 1.6883633
12.41 1.6835762
12.42 1.6787955
12.43 1.6740212
12.44 1.669253
12.45 1.6644909
12.46 1.6597348
12.47 1.6549844
12.48 1.6502396
12.49 1.6455004
12.5 1.6407665
12.51 1.6360379
12.52 1.6313152
12.53 1.6266004
12.54 1.6218956
12.55 1.6172027
12.56 1.6125237
12.57 1.6078607
12.58 1.6032156
12.59 1.5985906
12.6 1.5939876
12.61 1.5894086
12.62 1.5848557
12.63 1.5803308
12.64 1.5758358
12.65 1.5713704
12.66 1.5669332
12.67 1.5625229
12.68 1.5581382
12.69 1.5537775
12.7 1.5494397
12.71 1.5451233
12.72 1.540827
12.73 1.5365494
12.74 1.5322891
12.75 1.5280448
12.76 1.5238151
12.77 1.5195992
12.78 1.5153978
12.79 1.5112117
12.8 1.507042
12.81 1.5028896
12.82 1.4987554
12.83 1.4946405
12.84 1.4905456
12.85 1.4864719
12.86 1.4824201
12.87 1.4783914
12.88 1.4743866
12.89 1.4704066
12.9 1.4664517
12.91 1.4625213
12.92 1.4586149
12.93 1.4547319
12.94 1.4508716
12.95 1.4470336
12.96 1.4432172
12.97 1.4394218
12.98 1.435647
12.99 1.431892
13 1.4281563
13.01 1.4244394
13.02 1.4207408
13.03 1.4170609
13.04 1.4134004
13.05 1.4097603
13.06 1.4061412
13.07 1.4025439
13.08 1.3989692
13.09 1.3954178
13.1 1.3918906
13.11 1.3883883
13.12 1.3849117
13.13 1.3814616
13.14 1.3780387
13.15 1.3746433
13.16 1.3712745
13.17 1.3679312
13.18 1.3646124
13.19 1.361317
13.2 1.358044
13.21 1.3547923
13.22 1.351561
13.23 1.3483488
13.24 1.3451548
13.25 1.341978
13.26 1.3388172
13.27 1.3356715
13.28 1.332541
13.29 1.329427
13.3 1.3263305
13.31 1.3232526
13.32 1.3201946
13.33 1.3171575
13.34 1.3141426
13.35 1.311151
13.36 1.3081838
13.37 1.3052421
13.38 1.3023272
13.39 1.2994402
13.4 1.2965817
13.41 1.2937504
13.42 1.2909442
13.43 1.2881609
13.44 1.2853987
13.45 1.2826553
13.46 1.2799288
13.47 1.277217
13.48 1.2745179
13.49 1.2718294
13.5 1.2691496
13.51 1.2664762
13.52 1.2638073
13.53 1.2611421
13.54 1.2584819
13.55 1.2558283
13.56 1.2531828
13.57 1.2505469
13.58 1.2479222
13.59 1.2453102
13.6 1.2427125
13.61 1.2401305
13.62 1.2375659
13.63 1.2350201
13.64 1.2324947
13.65 1.2299912
13.66 1.2275099
13.67 1.2250506
13.68 1.222613
13.69 1.2201968
13.7 1.2178019
13.71 1.2154278
13.72 1.2130745
13.73 1.2107415
13.74 1.2084287
13.75 1.2061357
13.76 1.2038624
13.77 1.2016083
13.78 1.1993733
13.79 1.1971564
13.8 1.1949569
13.81 1.1927738
13.82 1.1906063
13.83 1.1884536
13.84 1.1863148
13.85 1.1841889
13.86 1.1820752
13.87 1.1799729
13.88 1.1778809
13.89 1.1757985
13.9 1.1737248
13.91 1.1716597
13.92 1.1696037
13.93 1.1675574
13.94 1.1655216
13.95 1.1634968
13.96 1.1614838
13.97 1.1594832
13.98 1.1574956
13.99 1.1555217
14 1.1535621
14.01 1.1516175
14.02 1.1496886
14.03 1.1477758
14.04 1.1458789
14.05 1.1439972
14.06 1.14213
14.07 1.1402765
14.08 1.1384361
14.09 1.136608
14.1 1.1347915
14.11 1.1329859
14.12 1.1311905
14.13 1.1294046
14.14 1.1276275
14.15 1.1258584
14.16 1.1240972
14.17 1.1223449
14.18 1.1206031
14.19 1.1188729
14.2 1.1171557
14.21 1.115453
14.22 1.113766
14.23 1.1120961
14.24 1.1104446
14.25 1.1088129
14.26 1.1072024
14.27 1.1056143
14.28 1.1040501
14.29 1.1025093
14.3 1.1009904
14.31 1.0994915
14.32 1.0980109
14.33 1.0965468
14.34 1.0950974
14.35 1.0936609
14.36 1.0922357
14.37 1.0908199
14.38 1.0894117
14.39 1.0880094
14.4 1.0866111
14.41 1.0852156
14.42 1.0838231
14.43 1.082435
14.44 1.0810522
14.45 1.0796761
14.46 1.0783077
14.47 1.0769481
14.48 1.0755986
14.49 1.0742603
14.5 1.0729343
14.51 1.0716218
14.52 1.0703239
14.53 1.0690418
14.54 1.0677765
14.55 1.0665293
14.56 1.0653009
14.57 1.0640925
14.58 1.0629052
14.59 1.0617398
14.6 1.0605975
14.61 1.0594793
14.62 1.0583861
14.63 1.0573191
14.64 1.0562792
14.65 1.0552674
14.66 1.0542847
14.67 1.0533298
14.68 1.0523998
14.69 1.051492
14.7 1.0506035
14.71 1.0497314
14.72 1.0488729
14.73 1.0480251
14.74 1.0471853
14.75 1.0463505
14.76 1.045518
14.77 1.0446848
14.78 1.0438481
14.79 1.043006
14.8 1.0421608
14.81 1.0413154
14.82 1.0404732
14.83 1.0396374
14.84 1.0388111
14.85 1.0379975
14.86 1.0371998
14.87 1.0364212
14.88 1.0356649
14.89 1.0349341
14.9 1.034232
14.91 1.0335617
14.92 1.0329241
14.93 1.0323166
14.94 1.0317361
14.95 1.03118
14.96 1.0306452
14.97 1.0301289
14.98 1.0296282
14.99 1.0291402
15 1.028662
15.01 1.0281908
15.02 1.0277235
15.03 1.0272574
15.04 1.0267899
15.05 1.0263215
15.06 1.0258548
15.07 1.0253922
15.08 1.0249361
15.09 1.0244891
15.1 1.0240534
15.11 1.0236317
15.12 1.0232263
15.13 1.0228398
15.14 1.0224744
15.15 1.0221328
15.16 1.0218174
15.17 1.0215294
15.18 1.0212666
15.19 1.021026
15.2 1.0208046
15.21 1.0205994
15.22 1.0204074
15.23 1.0202258
15.24 1.0200514
15.25 1.0198813
15.26 1.0197125
15.27 1.0195421
15.28 1.019367
15.29 1.0191844
15.3 1.0189937
15.31 1.0187971
15.32 1.0185969
15.33 1.0183954
15.34 1.0181949
15.35 1.0179977
15.36 1.0178062
15.37 1.0176225
15.38 1.0174492
15.39 1.0172883
15.4 1.0171424
15.41 1.0170136
15.42 1.0169038
15.43 1.0168125
15.44 1.0167377
15.45 1.0166775
15.46 1.0166302
15.47 1.0165939
15.48 1.0165668
15.49 1.0165469
15.5 1.0165325
15.51 1.0165217
15.52 1.0165127
15.53 1.0165036
15.54 1.0164926
15.55 1.0164784
15.56 1.0164612
15.57 1.0164413
15.58 1.016419
15.59 1.0163946
15.6 1.0163685
15.61 1.016341
15.62 1.0163125
15.63 1.0162831
15.64 1.0162534
15.65 1.0162236
15.66 1.0161939
15.67 1.0161649
15.68 1.0161363
15.69 1.0161079
15.7 1.0160793
15.71 1.0160502
15.72 1.0160202
15.73 1.015989
15.74 1.0159562
15.75 1.0159216
15.76 1.0158846
15.77 1.0158451
15.78 1.0158027
15.79 1.0157569
15.8 1.0157076
15.81 1.0156542
15.82 1.0155964
15.83 1.0155337
15.84 1.0154659
15.85 1.0153924
15.86 1.0153129
15.87 1.015227
15.88 1.0151343
15.89 1.0150344
15.9 1.0149269
15.91 1.0148114
15.92 1.0146875
15.93 1.014555
15.94 1.014414
15.95 1.0142647
15.96 1.0141071
15.97 1.0139415
15.98 1.0137679
15.99 1.0135866
16 1.0133977
16.01 1.0132012
16.02 1.0129974
16.03 1.0127864
16.04 1.0125683
16.05 1.0123433
16.06 1.0121112
16.07 1.0118719
16.08 1.011625
16.09 1.0113704
16.1 1.0111078
16.11 1.0108369
16.12 1.0105576
16.13 1.0102695
16.14 1.0099724
16.15 1.0096661
16.16 1.0093503
16.17 1.0090248
16.18 1.0086893
16.19 1.0083435
16.2 1.0079868
16.21 1.0076189
16.22 1.0072393
16.23 1.0068476
16.24 1.0064434
16.25 1.0060263
16.26 1.0055958
16.27 1.0051515
16.28 1.004693
16.29 1.0042198
16.3 1.0037315
16.31 1.0032281
16.32 1.00271
16.33 1.0021777
16.34 1.0016315
16.35 1.0010719
16.36 1.0004995
16.37 0.99991454
16.38 0.99931759
16.39 0.99870906
16.4 0.9980894
16.41 0.99745908
16.42 0.99681853
16.43 0.99616814
16.44 0.99550786
16.45 0.99483737
16.46 0.99415636
16.47 0.99346453
16.48 0.99276158
16.49 0.99204719
16.5 0.99132106
16.51 0.99058288
16.52 0.98983235
16.53 0.98906916
16.54 0.98829299
16.55 0.98750356
16.56 0.9867007
16.57 0.98588474
16.58 0.98505604
16.59 0.984215
16.6 0.98336199
16.61 0.9824974
16.62 0.98162162
16.63 0.98073501
16.64 0.97983798
16.65 0.97893089
16.66 0.97801414
16.67 0.9770881
16.68 0.97615314
16.69 0.97520922
16.7 0.97425588
16.71 0.97329264
16.72 0.97231904
16.73 0.97133459
16.74 0.97033881
16.75 0.96933123
16.76 0.96831138
16.77 0.96727878
16.78 0.96623295
16.79 0.96517342
16.8 0.96409971
16.81 0.96301146
16.82 0.96190904
16.83 0.96079311
16.84 0.95966431
16.85 0.95852329
16.86 0.95737069
16.87 0.95620716
16.88 0.95503336
16.89 0.95384992
16.9 0.9526575
16.91 0.95145675
16.92 0.9502483
16.93 0.94903282
16.94 0.94781088
16.95 0.94658297
16.96 0.94534955
16.97 0.94411108
16.98 0.94286802
16.99 0.94162085
17 0.94037
17.01 0.93911596
17.02 0.93785919
17.03 0.93660013
17.04 0.93533927
17.05 0.93407705
17.06 0.93281391
17.07 0.93154972
17.08 0.93028392
17.09 0.92901594
17.1 0.92774521
17.11 0.92647116
17.12 0.92519323
17.13 0.92391083
17.14 0.9226234
17.15 0.92133037
17.16 0.92003117
17.17 0.91872523
17.18 0.91741198
17.19 0.91609099
17.2 0.9147625
17.21 0.91342689
17.22 0.9120846
17.23 0.910736
17.24 0.90938152
17.25 0.90802157
17.26 0.90665653
17.27 0.90528683
17.28 0.90391286
17.29 0.90253504
17.3 0.90115377
17.31 0.89976945
17.32 0.89838233
17.33 0.89699242
17.34 0.89559969
17.35 0.89420414
17.36 0.89280575
17.37 0.89140449
17.38 0.89000036
17.39 0.88859334
17.4 0.8871834
17.41 0.88577054
17.42 0.88435474
17.43 0.88293598
17.44 0.88151427
17.45 0.88008994
17.46 0.8786635
17.47 0.87723547
17.48 0.87580636
17.49 0.87437667
17.5 0.87294693
17.51 0.87151765
17.52 0.87008934
17.53 0.86866252
17.54 0.8672377
17.55 0.86581538
17.56 0.8643961
17.57 0.86298027
17.58 0.8615681
17.59 0.86015973
17.6 0.85875528
17.61 0.85735492
17.62 0.85595876
17.63 0.85456696
17.64 0.85317964
17.65 0.85179696
17.66 0.85041905
17.67 0.84904605
17.68 0.8476781
17.69 0.84631533
17.7 0.84495753
17.71 0.84360409
17.72 0.84225436
17.73 0.84090772
17.74 0.83956351
17.75 0.83822112
17.76 0.83687989
17.77 0.83553919
17.78 0.83419838
17.79 0.83285683
17.8 0.83151389
17.81 0.83016894
17.82 0.82882143
17.83 0.8274716
17.84 0.82612004
17.85 0.82476734
17.86 0.82341407
17.87 0.82206082
17.88 0.82070818
17.89 0.81935674
17.9 0.81800707
17.91 0.81665977
17.92 0.81531541
17.93 0.81397459
17.94 0.81263789
17.95 0.81130561
17.96 0.80997739
17.97 0.80865276
17.98 0.80733124
17.99 0.80601236
18 0.80469565
18.01 0.80338064
18.02 0.80206686
18.03 0.80075384
18.04 0.7994411
18.05 0.79812818
18.06 0.7968146
18.07 0.79549993
18.08 0.79418434
18.09 0.79286859
18.1 0.79155346
18.11 0.79023972
18.12 0.78892815
18.13 0.78761952
18.14 0.78631461
18.15 0.7850142
18.16 0.78371905
18.17 0.78242995
18.18 0.78114766
18.19 0.77987298
18.2 0.77860648
18.21 0.7773478
18.22 0.77609623
18.23 0.77485107
18.24 0.77361163
18.25 0.7723772
18.26 0.77114707
18.27 0.76992056
18.28 0.76869695
18.29 0.76747556
18.3 0.76625567
18.31 0.76503658
18.32 0.7638176
18.33 0.76259824
18.34 0.76137844
18.35 0.76015815
18.36 0.75893734
18.37 0.75771598
18.38 0.75649404
18.39 0.75527147
18.4 0.75404825
18.41 0.75282435
18.42 0.75159972
18.43 0.75037434
18.44 0.74914817
18.45 0.74792121
18.46 0.74669388
18.47 0.74546687
18.48 0.7442409
18.49 0.74301667
18.5 0.74179489
18.51 0.74057627
18.52 0.73936153
18.53 0.73815136
18.54 0.73694649
18.55 0.7357476
18.56 0.73455543
18.57 0.73337067
18.58 0.73219375
18.59 0.73102396
18.6 0.72986031
18.61 0.72870182
18.62 0.72754749
18.63 0.72639635
18.64 0.72524741
18.65 0.72409968
18.66 0.72295216
18.67 0.72180389
18.68 0.72065386
18.69 0.71950109
18.7 0.71834461
18.71 0.7171842
18.72 0.71602071
18.73 0.71485504
18.74 0.71368812
18.75 0.71252087
18.76 0.7113542
18.77 0.71018903
18.78 0.70902627
18.79 0.70786686
18.8 0.70671169
18.81 0.7055617
18.82 0.7044178
18.83 0.70328079
18.84 0.70215054
18.85 0.70102638
18.86 0.69990765
18.87 0.69879368
18.88 0.6976838
18.89 0.69657737
18.9 0.6954737
18.91 0.69437213
18.92 0.69327201
18.93 0.69217266
18.94 0.69107342
18.95 0.68997363
18.96 0.68887288
18.97 0.68777157
18.98 0.68667019
18.99 0.68556928
19 0.68446936
19.01 0.68337094
19.02 0.68227454
19.03 0.68118068
19.04 0.68008988
19.05 0.67900265
19.06 0.67791953
19.07 0.67684102
19.08 0.67576763
19.09 0.67469943
19.1 0.67363602
19.11 0.67257696
19.12 0.67152185
19.13 0.67047025
19.14 0.66942175
19.15 0.66837591
19.16 0.66733233
19.17 0.66629057
19.18 0.6652502
19.19 0.66421082
19.2 0.66317199
19.21 0.66213338
19.22 0.66109524
19.23 0.66005803
19.24 0.65902224
19.25 0.65798835
19.26 0.65695682
19.27 0.65592814
19.28 0.65490278
19.29 0.65388122
19.3 0.65286394
19.31 0.6518514
19.32 0.65084409
19.33 0.64984248
19.34 0.64884686
19.35 0.64785712
19.36 0.6468731
19.37 0.64589461
19.38 0.64492151
19.39 0.64395362
19.4 0.64299078
19.41 0.64203281
19.42 0.64107956
19.43 0.64013086
19.44 0.63918653
19.45 0.63824642
19.46 0.63731035
19.47 0.6363782
19.48 0.63544985
19.49 0.63452519
19.5 0.63360412
19.51 0.63268653
19.52 0.6317723
19.53 0.63086133
19.54 0.6299535
19.55 0.62904872
19.56 0.62814686
19.57 0.62724783
19.58 0.6263515
19.59 0.62545781
19.6 0.62456689
19.61 0.62367891
19.62 0.62279405
19.63 0.62191249
19.64 0.62103441
19.65 0.62015999
19.66 0.6192894
19.67 0.61842282
19.68 0.61756044
19.69 0.61670243
19.7 0.61584896
19.71 0.61500023
19.72 0.61415642
19.73 0.61331776
19.74 0.61248446
19.75 0.61165677
19.76 0.6108349
19.77 0.61001907
19.78 0.60920952
19.79 0.60840646
19.8 0.60761013
19.81 0.60682075
19.82 0.60603854
19.83 0.60526373
19.84 0.6044965
19.85 0.60373657
19.86 0.60298338
19.87 0.60223634
19.88 0.60149489
19.89 0.60075846
19.9 0.60002646
19.91 0.59929833
19.92 0.59857348
19.93 0.59785135
19.94 0.59713136
19.95 0.59641294
19.96 0.59569551
19.97 0.5949787
19.98 0.59426279
19.99 0.59354823
