0.0 -563.16333
0.06135923 -562.05814
0.12271846 -558.83628
0.1840777 -553.75574
0.24543692 -547.17423
0.30679616 -539.46189
0.36815539 -530.91544
0.42951462 -521.69538
0.49087384 -511.80165
0.5522331 -501.09084
0.61359233 -489.32688
0.67495155 -476.24904
0.73631078 -461.63856
0.79767001 -445.36805
0.85902923 -427.4242
0.92038846 -407.90456
0.98174769 -386.99366
1.0431069 -364.93
1.1044662 -341.97411
1.1658254 -318.38532
1.2271847 -294.40941
1.2885438 -270.27643
1.3499031 -246.20395
1.4112623 -222.40111
1.4726216 -199.07047
1.5339809 -176.40641
1.59534 -154.59088
1.6566993 -133.78887
1.7180585 -114.14504
1.7794178 -95.782333
1.8407769 -78.802354
1.9021362 -63.28606
1.9634954 -49.293976
2.0248547 -36.865357
2.0862138 -26.016522
2.147573 -16.739106
2.2089324 -8.9991075
2.2702916 -2.7372871
2.3316507 2.1287949
2.3930101 5.7013811
2.4543693 8.0982526
2.5157285 9.4482009
2.5770876 9.8866489
2.638447 9.5516502
2.6998062 8.5803
2.7611654 7.1055685
2.8225246 5.2535961
2.8838839 3.1415363
2.9452431 0.87599189
3.0066023 -1.4479831
3.0679617 -3.7474366
3.1293209 -5.9517607
3.19068 -8.0026967
3.2520392 -9.8540973
3.3133986 -11.471435
3.3747578 -12.831082
3.4361169 -13.919394
3.4974761 -14.731673
3.5588355 -15.270962
3.6201947 -15.546658
3.6815538 -15.572943
3.742913 -15.367147
3.8042724 -14.948193
3.8656316 -14.335376
3.9269907 -13.547623
3.9883502 -12.603278
4.0497093 -11.52039
4.1110687 -10.317331
4.1724277 -9.013579
4.2337871 -7.6304859
4.295146 -6.1918751
4.3565054 -4.7243571
4.4178648 -3.2572967
4.4792237 -1.8223856
4.5405831 -0.45281366
4.6019425 0.81791342
4.6633015 1.9574327
4.7246609 2.9361245
4.7860203 3.7287021
4.8473792 4.3156312
4.9087386 4.6842444
4.9700975 4.8294688
5.0314569 4.7541147
5.0928164 4.468742
5.1541753 3.991121
5.2155347 3.3453414
5.2768941 2.5606218
5.338253 1.6698899
5.3996124 0.70823294
5.4609718 -0.2886679
5.5223308 -1.2859978
5.5836902 -2.2510592
5.6450491 -3.1542535
5.7064085 -3.9697892
5.7677679 -4.6761607
5.8291268 -5.2564625
5.8904862 -5.6985994
5.9518457 -5.9954093
6.0132046 -6.1446814
6.074564 -6.1490039
6.1359234 -6.0154015
6.1972823 -5.7547279
6.2586417 -5.3808631
6.3200006 -4.9098123
6.3813601 -4.358821
6.4427195 -3.7456348
6.5040784 -3.0879712
6.5654378 -2.4032072
6.6267972 -1.7082271
6.6881561 -1.0193457
6.7495155 -0.3522091
6.8108745 0.27838348
6.8722339 0.85874565
6.9335933 1.376626
6.9949522 1.8215262
7.0563116 2.1849599
7.117671 2.4606167
7.1790299 2.6444366
7.2403894 2.7346205
7.3017487 2.7316148
7.3631077 2.6381011
7.4244671 2.4589899
7.485826 2.2014007
7.5471854 1.8745791
7.6085448 1.4897099
7.6699038 1.0595978
7.7312632 0.59821264
7.7926226 0.12013649
7.8539815 -0.36002601
7.9153409 -0.8282036
7.9767003 -1.2713174
8.0380592 -1.6776078
8.0994186 -2.0368332
8.160778 -2.3403747
8.2221374 -2.5813031
8.2834959 -2.7544607
8.3448553 -2.8565818
8.4062147 -2.8864479
8.4675741 -2.8450221
8.5289335 -2.7355036
8.590292 -2.5632348
8.6516514 -2.3354307
8.7130108 -2.060751
8.7743702 -1.7487761
8.8357296 -1.409482
8.897089 -1.0528069
8.9584475 -0.68836601
9.0198069 -0.32532111
9.0811663 0.027639634
9.1425257 0.36229003
9.2038851 0.67089847
9.2652435 0.94635312
9.3266029 1.1823792
9.3879623 1.3738039
9.4493218 1.5167983
9.5106811 1.609032
9.5720406 1.6497047
9.633399 1.6394641
9.6947584 1.5802526
9.7561178 1.4751424
9.8174772 1.3282065
9.8788366 1.1444383
9.9401951 0.92970039
10.001554 0.69065405
10.062914 0.43462637
10.124273 0.16938753
10.185633 -0.097148255
10.246992 -0.357257
10.308351 -0.60371532
10.36971 -0.83003817
10.431069 -1.0306215
10.492429 -1.200802
10.553788 -1.33687
10.615147 -1.4360808
10.676506 -1.4966911
10.737865 -1.5180222
10.799225 -1.5005208
10.860584 -1.4457805
10.921944 -1.3564846
10.983302 -1.2362657
11.044662 -1.0894969
11.106021 -0.92106012
11.16738 -0.73613586
11.22874 -0.54004559
11.290098 -0.33815144
11.351458 -0.13578864
11.412817 0.061805042
11.474176 0.24959488
11.535536 0.42289895
11.596895 0.57756354
11.658254 0.71012517
11.719613 0.81791604
11.780972 0.8990882
11.842332 0.95255994
11.903691 0.97791802
11.96505 0.97532498
12.026409 0.9454748
12.087769 0.88961258
12.149128 0.80960315
12.210487 0.70800108
