









alpha 1 
m 	0 
n 	0 
mu 	0 
nu 	0 
khi 	0 
 q(A-1)           Re(ck)           Im(ck) 	
0.0000000000 	( -5.3991674429 , 0.0000000000 ) 
0.1227184630 	( -6.0539912235 , 0.0000000000 ) 
0.2454369261 	( -7.3949405318 , 0.0000000000 ) 
0.3681553891 	( -8.6076835627 , 0.0000000000 ) 
0.4908738521 	( -9.1618779145 , 0.0000000000 ) 
0.6135923152 	( -8.8601212578 , 0.0000000000 ) 
0.7363107782 	( -7.7939703967 , 0.0000000000 ) 
0.8590292412 	( -6.2312375012 , 0.0000000000 ) 
0.9817477042 	( -4.4906335840 , 0.0000000000 ) 
1.1044661673 	( -2.8501589857 , 0.0000000000 ) 
1.2271846303 	( -1.5023646024 , 0.0000000000 ) 
1.3499030933 	( -0.5434236630 , 0.0000000000 ) 
1.4726215564 	( 0.0202072731 , 0.0000000000 ) 
1.5953400194 	( 0.2532997679 , 0.0000000000 ) 
1.7180584824 	( 0.2617611875 , 0.0000000000 ) 
1.8407769455 	( 0.1567429421 , 0.0000000000 ) 
1.9634954085 	( 0.0257555798 , 0.0000000000 ) 
2.0862138715 	( -0.0790602235 , 0.0000000000 ) 
2.2089323346 	( -0.1365801837 , 0.0000000000 ) 
2.3316507976 	( -0.1460906109 , 0.0000000000 ) 
2.4543692606 	( -0.1189704310 , 0.0000000000 ) 
2.5770877236 	( -0.0736051321 , 0.0000000000 ) 
2.6998061867 	( -0.0299149756 , 0.0000000000 ) 
2.8225246497 	( -0.0023040832 , 0.0000000000 ) 
2.9452431127 	( 0.0054750189 , 0.0000000000 ) 
3.0679615758 	( -0.0003594139 , 0.0000000000 ) 
3.1906800388 	( -0.0095561483 , 0.0000000000 ) 
3.3133985018 	( -0.0143380744 , 0.0000000000 ) 
3.4361169649 	( -0.0122364990 , 0.0000000000 ) 
3.5588354279 	( -0.0048661163 , 0.0000000000 ) 
3.6815538909 	( 0.0047248319 , 0.0000000000 ) 
3.8042723540 	( 0.0137088630 , 0.0000000000 ) 
3.9269908170 	( 0.0198430709 , 0.0000000000 ) 
4.0497092800 	( 0.0215592216 , 0.0000000000 ) 
4.1724277430 	( 0.0183527622 , 0.0000000000 ) 
4.2951462061 	( 0.0110861329 , 0.0000000000 ) 
4.4178646691 	( 0.0017002701 , 0.0000000000 ) 
4.5405831321 	( -0.0075450464 , 0.0000000000 ) 
4.6633015952 	( -0.0147655823 , 0.0000000000 ) 
4.7860200582 	( -0.0187734086 , 0.0000000000 ) 
4.9087385212 	( -0.0191321922 , 0.0000000000 ) 
5.0314569843 	( -0.0161316625 , 0.0000000000 ) 
5.1541754473 	( -0.0106758180 , 0.0000000000 ) 
5.2768939103 	( -0.0040176677 , 0.0000000000 ) 
5.3996123734 	( 0.0025747405 , 0.0000000000 ) 
5.5223308364 	( 0.0080454447 , 0.0000000000 ) 
5.6450492994 	( 0.0116247543 , 0.0000000000 ) 
5.7677677625 	( 0.0128654097 , 0.0000000000 ) 
5.8904862255 	( 0.0117212178 , 0.0000000000 ) 
6.0132046885 	( 0.0085912362 , 0.0000000000 ) 
6.1359231515 	( 0.0042189022 , 0.0000000000 ) 
6.2586416146 	( -0.0005216386 , 0.0000000000 ) 
6.3813600776 	( -0.0048073706 , 0.0000000000 ) 
6.5040785406 	( -0.0079466062 , 0.0000000000 ) 
6.6267970037 	( -0.0094341301 , 0.0000000000 ) 
6.7495154667 	( -0.0090634056 , 0.0000000000 ) 
6.8722339297 	( -0.0070384343 , 0.0000000000 ) 
6.9949523928 	( -0.0039477952 , 0.0000000000 ) 
7.1176708558 	( -0.0005654638 , 0.0000000000 ) 
7.2403893188 	( 0.0023980939 , 0.0000000000 ) 
7.3631077819 	( 0.0044503717 , 0.0000000000 ) 
7.4858262449 	( 0.0053551004 , 0.0000000000 ) 
7.6085447079 	( 0.0051265600 , 0.0000000000 ) 
7.7312631709 	( 0.0040144152 , 0.0000000000 ) 
7.8539816340 	( 0.0024361272 , 0.0000000000 ) 
7.9767000970 	( 0.0008319236 , 0.0000000000 ) 
8.0994185600 	( -0.0004881368 , 0.0000000000 ) 
8.2221370231 	( -0.0014027082 , 0.0000000000 ) 
8.3448554861 	( -0.0019261364 , 0.0000000000 ) 
8.4675739491 	( -0.0021249748 , 0.0000000000 ) 
8.5902924122 	( -0.0020785939 , 0.0000000000 ) 
8.7130108752 	( -0.0018737634 , 0.0000000000 ) 
8.8357293382 	( -0.0015832341 , 0.0000000000 ) 
8.9584478013 	( -0.0012279903 , 0.0000000000 ) 
9.0811662643 	( -0.0007753735 , 0.0000000000 ) 
9.2038847273 	( -0.0001954599 , 0.0000000000 ) 
9.3266031903 	( 0.0004757090 , 0.0000000000 ) 
9.4493216534 	( 0.0011313402 , 0.0000000000 ) 
9.5720401164 	( 0.0016458285 , 0.0000000000 ) 
9.6947585794 	( 0.0019231779 , 0.0000000000 ) 
9.8174770425 	( 0.0019049460 , 0.0000000000 ) 
9.9401955055 	( 0.0015644539 , 0.0000000000 ) 
10.0629139685 	( 0.0009259821 , 0.0000000000 ) 
10.1856324316 	( 0.0000952564 , 0.0000000000 ) 
10.3083508946 	( -0.0007491551 , 0.0000000000 ) 
10.4310693576 	( -0.0014183974 , 0.0000000000 ) 
10.5537878207 	( -0.0017831005 , 0.0000000000 ) 
10.6765062837 	( -0.0017981399 , 0.0000000000 ) 
10.7992247467 	( -0.0014851039 , 0.0000000000 ) 
10.9219432097 	( -0.0009147294 , 0.0000000000 ) 
11.0446616728 	( -0.0002071461 , 0.0000000000 ) 
11.1673801358 	( 0.0004778183 , 0.0000000000 ) 
11.2900985988 	( 0.0009856549 , 0.0000000000 ) 
11.4128170619 	( 0.0012252285 , 0.0000000000 ) 
11.5355355249 	( 0.0011925780 , 0.0000000000 ) 
11.6582539879 	( 0.0009469202 , 0.0000000000 ) 
11.7809724510 	( 0.0005727339 , 0.0000000000 ) 
11.9036909140 	( 0.0001615859 , 0.0000000000 ) 
12.0264093770 	( -0.0001934659 , 0.0000000000 ) 
12.1491278401 	( -0.0004178972 , 0.0000000000 ) 
12.2718463031 	( -0.0004886457 , 0.0000000000 ) 
12.3945647661 	( -0.0004455063 , 0.0000000000 ) 
12.5172832291 	( -0.0003602815 , 0.0000000000 ) 
12.6400016922 	( -0.0002885643 , 0.0000000000 ) 
12.7627201552 	( -0.0002466478 , 0.0000000000 ) 
12.8854386182 	( -0.0002236787 , 0.0000000000 ) 
13.0081570813 	( -0.0002013280 , 0.0000000000 ) 
13.1308755443 	( -0.0001578019 , 0.0000000000 ) 
13.2535940073 	( -0.0000666379 , 0.0000000000 ) 
13.3763124704 	( 0.0000883286 , 0.0000000000 ) 
13.4990309334 	( 0.0002877894 , 0.0000000000 ) 
13.6217493964 	( 0.0004720139 , 0.0000000000 ) 
13.7444678595 	( 0.0005701461 , 0.0000000000 ) 
13.8671863225 	( 0.0005398441 , 0.0000000000 ) 
13.9899047855 	( 0.0003834881 , 0.0000000000 ) 
14.1126232485 	( 0.0001365944 , 0.0000000000 ) 
14.2353417116 	( -0.0001481035 , 0.0000000000 ) 
14.3580601746 	( -0.0004060869 , 0.0000000000 ) 
14.4807786376 	( -0.0005681651 , 0.0000000000 ) 
14.6034971007 	( -0.0005842964 , 0.0000000000 ) 
14.7262155637 	( -0.0004525118 , 0.0000000000 ) 
14.8489340267 	( -0.0002241256 , 0.0000000000 ) 
14.9716524898 	( 0.0000239744 , 0.0000000000 ) 
15.0943709528 	( 0.0002260054 , 0.0000000000 ) 
15.2170894158 	( 0.0003443401 , 0.0000000000 ) 
15.3398078789 	( 0.0003656673 , 0.0000000000 ) 
15.4625263419 	( 0.0002962309 , 0.0000000000 ) 
15.5852448049 	( 0.0001651886 , 0.0000000000 ) 
15.7079632679 	( 0.0000224749 , 0.0000000000 ) 
15.8306817310 	( -0.0000813891 , 0.0000000000 ) 
15.9534001940 	( -0.0001217160 , 0.0000000000 ) 
16.0761186570 	( -0.0001077815 , 0.0000000000 ) 
16.1988371201 	( -0.0000665643 , 0.0000000000 ) 
16.3215555831 	( -0.0000219310 , 0.0000000000 ) 
16.4442740461 	( 0.0000110855 , 0.0000000000 ) 
16.5669925092 	( 0.0000209003 , 0.0000000000 ) 
16.6897109722 	( 0.0000001444 , 0.0000000000 ) 
16.8124294352 	( -0.0000443149 , 0.0000000000 ) 
16.9351478983 	( -0.0000880866 , 0.0000000000 ) 
17.0578663613 	( -0.0001037270 , 0.0000000000 ) 
17.1805848243 	( -0.0000808964 , 0.0000000000 ) 
17.3033032874 	( -0.0000310803 , 0.0000000000 ) 
17.4260217504 	( 0.0000261482 , 0.0000000000 ) 
17.5487402134 	( 0.0000772795 , 0.0000000000 ) 
17.6714586764 	( 0.0001148962 , 0.0000000000 ) 
17.7941771395 	( 0.0001304046 , 0.0000000000 ) 
17.9168956025 	( 0.0001151532 , 0.0000000000 ) 
18.0396140655 	( 0.0000707588 , 0.0000000000 ) 
18.1623325286 	( 0.0000134620 , 0.0000000000 ) 
18.2850509916 	( -0.0000363704 , 0.0000000000 ) 
18.4077694546 	( -0.0000686138 , 0.0000000000 ) 
18.5304879177 	( -0.0000852285 , 0.0000000000 ) 
18.6532063807 	( -0.0000898114 , 0.0000000000 ) 
18.7759248437 	( -0.0000805924 , 0.0000000000 ) 
18.8986433068 	( -0.0000559106 , 0.0000000000 ) 
19.0213617698 	( -0.0000225395 , 0.0000000000 ) 
19.1440802328 	( 0.0000068991 , 0.0000000000 ) 
19.2667986958 	( 0.0000253678 , 0.0000000000 ) 
19.3895171589 	( 0.0000365775 , 0.0000000000 ) 
19.5122356219 	( 0.0000469593 , 0.0000000000 ) 
19.6349540849 	( 0.0000554335 , 0.0000000000 ) 
19.7576725480 	( 0.0000546295 , 0.0000000000 ) 
19.8803910110 	( 0.0000412539 , 0.0000000000 ) 
20.0031094740 	( 0.0000211038 , 0.0000000000 ) 
20.1258279371 	( 0.0000023251 , 0.0000000000 ) 
20.2485464001 	( -0.0000130925 , 0.0000000000 ) 
20.3712648631 	( -0.0000278951 , 0.0000000000 ) 
20.4939833262 	( -0.0000412446 , 0.0000000000 ) 
20.6167017892 	( -0.0000463961 , 0.0000000000 ) 
20.7394202522 	( -0.0000384495 , 0.0000000000 ) 
20.8621387152 	( -0.0000215587 , 0.0000000000 ) 
20.9848571783 	( -0.0000053048 , 0.0000000000 ) 
21.1075756413 	( 0.0000052195 , 0.0000000000 ) 
21.2302941043 	( 0.0000125887 , 0.0000000000 ) 
21.3530125674 	( 0.0000200621 , 0.0000000000 ) 
21.4757310304 	( 0.0000250086 , 0.0000000000 ) 
21.5984494934 	( 0.0000221902 , 0.0000000000 ) 
21.7211679565 	( 0.0000120698 , 0.0000000000 ) 
21.8438864195 	( 0.0000020769 , 0.0000000000 ) 
21.9666048825 	( -0.0000014261 , 0.0000000000 ) 
22.0893233456 	( 0.0000001491 , 0.0000000000 ) 
22.2120418086 	( 0.0000009014 , 0.0000000000 ) 
22.3347602716 	( -0.0000013568 , 0.0000000000 ) 
22.4574787346 	( -0.0000032763 , 0.0000000000 ) 
22.5801971977 	( -0.0000022660 , 0.0000000000 ) 
22.7029156607 	( -0.0000011929 , 0.0000000000 ) 
22.8256341237 	( -0.0000044758 , 0.0000000000 ) 
22.9483525868 	( -0.0000111740 , 0.0000000000 ) 
23.0710710498 	( -0.0000151462 , 0.0000000000 ) 
23.1937895128 	( -0.0000124366 , 0.0000000000 ) 
23.3165079759 	( -0.0000058829 , 0.0000000000 ) 
23.4392264389 	( -0.0000008156 , 0.0000000000 ) 
23.5619449019 	( 0.0000019375 , 0.0000000000 ) 
23.6846633650 	( 0.0000060445 , 0.0000000000 ) 
23.8073818280 	( 0.0000130185 , 0.0000000000 ) 
23.9301002910 	( 0.0000186036 , 0.0000000000 ) 
24.0528187540 	( 0.0000175054 , 0.0000000000 ) 
24.1755372171 	( 0.0000100578 , 0.0000000000 ) 
24.2982556801 	( 0.0000017836 , 0.0000000000 ) 
24.4209741431 	( -0.0000033216 , 0.0000000000 ) 
24.5436926062 	( -0.0000065491 , 0.0000000000 ) 
24.6664110692 	( -0.0000106385 , 0.0000000000 ) 
24.7891295322 	( -0.0000144440 , 0.0000000000 ) 
24.9118479953 	( -0.0000139534 , 0.0000000000 ) 
25.0345664583 	( -0.0000081412 , 0.0000000000 ) 
25.1572849213 	( -0.0000011563 , 0.0000000000 ) 
25.2800033844 	( 0.0000024673 , 0.0000000000 ) 
25.4027218474 	( 0.0000030326 , 0.0000000000 ) 
25.5254403104 	( 0.0000042303 , 0.0000000000 ) 
25.6481587734 	( 0.0000072850 , 0.0000000000 ) 
25.7708772365 	( 0.0000090161 , 0.0000000000 ) 
25.8935956995 	( 0.0000064597 , 0.0000000000 ) 
26.0163141625 	( 0.0000014340 , 0.0000000000 ) 
26.1390326256 	( -0.0000014330 , 0.0000000000 ) 
26.2617510886 	( -0.0000005319 , 0.0000000000 ) 
26.3844695516 	( 0.0000010132 , 0.0000000000 ) 
26.5071880147 	( -0.0000001039 , 0.0000000000 ) 
26.6299064777 	( -0.0000029932 , 0.0000000000 ) 
26.7526249407 	( -0.0000042350 , 0.0000000000 ) 
26.8753434038 	( -0.0000028719 , 0.0000000000 ) 
26.9980618668 	( -0.0000015711 , 0.0000000000 ) 
27.1207803298 	( -0.0000025121 , 0.0000000000 ) 
27.2434987928 	( -0.0000040603 , 0.0000000000 ) 
27.3662172559 	( -0.0000030231 , 0.0000000000 ) 
27.4889357189 	( 0.0000007338 , 0.0000000000 ) 
27.6116541819 	( 0.0000038645 , 0.0000000000 ) 
27.7343726450 	( 0.0000039194 , 0.0000000000 ) 
27.8570911080 	( 0.0000024010 , 0.0000000000 ) 
27.9798095710 	( 0.0000023242 , 0.0000000000 ) 
28.1025280341 	( 0.0000038246 , 0.0000000000 ) 
28.2252464971 	( 0.0000039909 , 0.0000000000 ) 
28.3479649601 	( 0.0000010800 , 0.0000000000 ) 
28.4706834232 	( -0.0000028216 , 0.0000000000 ) 
28.5934018862 	( -0.0000043598 , 0.0000000000 ) 
28.7161203492 	( -0.0000030985 , 0.0000000000 ) 
28.8388388123 	( -0.0000016469 , 0.0000000000 ) 
28.9615572753 	( -0.0000018276 , 0.0000000000 ) 
29.0842757383 	( -0.0000023625 , 0.0000000000 ) 
29.2069942013 	( -0.0000011351 , 0.0000000000 ) 
29.3297126644 	( 0.0000014396 , 0.0000000000 ) 
29.4524311274 	( 0.0000028031 , 0.0000000000 ) 
29.5751495904 	( 0.0000017829 , 0.0000000000 ) 
29.6978680535 	( 0.0000002033 , 0.0000000000 ) 
29.8205865165 	( 0.0000003127 , 0.0000000000 ) 
29.9433049795 	( 0.0000016866 , 0.0000000000 ) 
30.0660234426 	( 0.0000019389 , 0.0000000000 ) 
30.1887419056 	( 0.0000001719 , 0.0000000000 ) 
30.3114603686 	( -0.0000016991 , 0.0000000000 ) 
30.4341788317 	( -0.0000015529 , 0.0000000000 ) 
30.5568972947 	( 0.0000000751 , 0.0000000000 ) 
30.6796157577 	( 0.0000008108 , 0.0000000000 ) 
30.8023342207 	( -0.0000003037 , 0.0000000000 ) 
30.9250526838 	( -0.0000016372 , 0.0000000000 ) 
31.0477711468 	( -0.0000013549 , 0.0000000000 ) 
31.1704896098 	( 0.0000000885 , 0.0000000000 ) 
31.2932080729 	( 0.0000007532 , 0.0000000000 ) 
31.4159265359 	( -0.0000000014 , 0.0000000000 ) 
31.5386449989 	( -0.0000007272 , 0.0000000000 ) 
31.6613634620 	( -0.0000000846 , 0.0000000000 ) 
31.7840819250 	( 0.0000012024 , 0.0000000000 ) 
31.9068003880 	( 0.0000013977 , 0.0000000000 ) 
32.0295188511 	( 0.0000002472 , 0.0000000000 ) 
32.1522373141 	( -0.0000006439 , 0.0000000000 ) 
32.2749557771 	( -0.0000000596 , 0.0000000000 ) 
32.3976742401 	( 0.0000011336 , 0.0000000000 ) 
32.5203927032 	( 0.0000011929 , 0.0000000000 ) 
32.6431111662 	( -0.0000001186 , 0.0000000000 ) 
32.7658296292 	( -0.0000012637 , 0.0000000000 ) 
32.8885480923 	( -0.0000010574 , 0.0000000000 ) 
33.0112665553 	( -0.0000001903 , 0.0000000000 ) 
33.1339850183 	( -0.0000001198 , 0.0000000000 ) 
33.2567034814 	( -0.0000009938 , 0.0000000000 ) 
33.3794219444 	( -0.0000015013 , 0.0000000000 ) 
33.5021404074 	( -0.0000007424 , 0.0000000000 ) 
33.6248588705 	( 0.0000005592 , 0.0000000000 ) 
33.7475773335 	( 0.0000011212 , 0.0000000000 ) 
33.8702957965 	( 0.0000008334 , 0.0000000000 ) 
33.9930142595 	( 0.0000007218 , 0.0000000000 ) 
34.1157327226 	( 0.0000013073 , 0.0000000000 ) 
34.2384511856 	( 0.0000017692 , 0.0000000000 ) 
34.3611696486 	( 0.0000011001 , 0.0000000000 ) 
34.4838881117 	( -0.0000004073 , 0.0000000000 ) 
34.6066065747 	( -0.0000014421 , 0.0000000000 ) 
34.7293250377 	( -0.0000013286 , 0.0000000000 ) 
34.8520435008 	( -0.0000007768 , 0.0000000000 ) 
34.9747619638 	( -0.0000007713 , 0.0000000000 ) 
35.0974804268 	( -0.0000012093 , 0.0000000000 ) 
35.2201988899 	( -0.0000011461 , 0.0000000000 ) 
35.3429173529 	( -0.0000002104 , 0.0000000000 ) 
35.4656358159 	( 0.0000008254 , 0.0000000000 ) 
35.5883542789 	( 0.0000010659 , 0.0000000000 ) 
35.7110727420 	( 0.0000006331 , 0.0000000000 ) 
35.8337912050 	( 0.0000003799 , 0.0000000000 ) 
35.9565096680 	( 0.0000006685 , 0.0000000000 ) 
36.0792281311 	( 0.0000009479 , 0.0000000000 ) 
36.2019465941 	( 0.0000006432 , 0.0000000000 ) 
36.3246650571 	( 0.0000000201 , 0.0000000000 ) 
36.4473835202 	( -0.0000002028 , 0.0000000000 ) 
36.5701019832 	( 0.0000001003 , 0.0000000000 ) 
36.6928204462 	( 0.0000002616 , 0.0000000000 ) 
36.8155389093 	( -0.0000002540 , 0.0000000000 ) 
36.9382573723 	( -0.0000010947 , 0.0000000000 ) 
37.0609758353 	( -0.0000014671 , 0.0000000000 ) 
37.1836942983 	( -0.0000011387 , 0.0000000000 ) 
37.3064127614 	( -0.0000006355 , 0.0000000000 ) 
37.4291312244 	( -0.0000004379 , 0.0000000000 ) 
37.5518496874 	( -0.0000003423 , 0.0000000000 ) 
37.6745681505 	( 0.0000001524 , 0.0000000000 ) 
37.7972866135 	( 0.0000010366 , 0.0000000000 ) 
37.9200050765 	( 0.0000017064 , 0.0000000000 ) 
38.0427235396 	( 0.0000016957 , 0.0000000000 ) 
38.1654420026 	( 0.0000011986 , 0.0000000000 ) 
38.2881604656 	( 0.0000007078 , 0.0000000000 ) 
38.4108789287 	( 0.0000003440 , 0.0000000000 ) 
38.5335973917 	( -0.0000001788 , 0.0000000000 ) 
38.6563158547 	( -0.0000009632 , 0.0000000000 ) 
38.7790343177 	( -0.0000016080 , 0.0000000000 ) 
38.9017527808 	( -0.0000016396 , 0.0000000000 ) 
39.0244712438 	( -0.0000011011 , 0.0000000000 ) 
39.1471897068 	( -0.0000004909 , 0.0000000000 ) 
39.2699081699 	( -0.0000001516 , 0.0000000000 ) 
39.3926266329 	( 0.0000000599 , 0.0000000000 ) 
39.5153450959 	( 0.0000004199 , 0.0000000000 ) 
39.6380635590 	( 0.0000008522 , 0.0000000000 ) 
39.7607820220 	( 0.0000009954 , 0.0000000000 ) 
39.8835004850 	( 0.0000007038 , 0.0000000000 ) 
40.0062189481 	( 0.0000002698 , 0.0000000000 ) 
40.1289374111 	( 0.0000000683 , 0.0000000000 ) 
40.2516558741 	( 0.0000001251 , 0.0000000000 ) 
40.3743743372 	( 0.0000001736 , 0.0000000000 ) 
40.4970928002 	( 0.0000000684 , 0.0000000000 ) 
40.6198112632 	( -0.0000000449 , 0.0000000000 ) 
40.7425297262 	( -0.0000000078 , 0.0000000000 ) 
40.8652481893 	( 0.0000000632 , 0.0000000000 ) 
40.9879666523 	( -0.0000000900 , 0.0000000000 ) 
41.1106851153 	( -0.0000004977 , 0.0000000000 ) 
41.2334035784 	( -0.0000008758 , 0.0000000000 ) 
41.3561220414 	( -0.0000009451 , 0.0000000000 ) 
41.4788405044 	( -0.0000007260 , 0.0000000000 ) 
41.6015589675 	( -0.0000004364 , 0.0000000000 ) 
41.7242774305 	( -0.0000001736 , 0.0000000000 ) 
41.8469958935 	( 0.0000001675 , 0.0000000000 ) 
41.9697143566 	( 0.0000006536 , 0.0000000000 ) 
42.0924328196 	( 0.0000011158 , 0.0000000000 ) 
42.2151512826 	( 0.0000012883 , 0.0000000000 ) 
42.3378697456 	( 0.0000010955 , 0.0000000000 ) 
42.4605882087 	( 0.0000007084 , 0.0000000000 ) 
42.5833066717 	( 0.0000003176 , 0.0000000000 ) 
42.7060251347 	( -0.0000000547 , 0.0000000000 ) 
42.8287435978 	( -0.0000004696 , 0.0000000000 ) 
42.9514620608 	( -0.0000008770 , 0.0000000000 ) 
43.0741805238 	( -0.0000011098 , 0.0000000000 ) 
43.1968989869 	( -0.0000010762 , 0.0000000000 ) 
43.3196174499 	( -0.0000008712 , 0.0000000000 ) 
43.4423359129 	( -0.0000006484 , 0.0000000000 ) 
43.5650543760 	( -0.0000004297 , 0.0000000000 ) 
43.6877728390 	( -0.0000001120 , 0.0000000000 ) 
43.8104913020 	( 0.0000003472 , 0.0000000000 ) 
43.9332097650 	( 0.0000008230 , 0.0000000000 ) 
44.0559282281 	( 0.0000011326 , 0.0000000000 ) 
44.1786466911 	( 0.0000012046 , 0.0000000000 ) 
44.3013651541 	( 0.0000010908 , 0.0000000000 ) 
44.4240836172 	( 0.0000008377 , 0.0000000000 ) 
44.5468020802 	( 0.0000004233 , 0.0000000000 ) 
44.6695205432 	( -0.0000001501 , 0.0000000000 ) 
44.7922390063 	( -0.0000007502 , 0.0000000000 ) 
44.9149574693 	( -0.0000011636 , 0.0000000000 ) 
45.0376759323 	( -0.0000012559 , 0.0000000000 ) 
45.1603943954 	( -0.0000010546 , 0.0000000000 ) 
45.2831128584 	( -0.0000006759 , 0.0000000000 ) 
45.4058313214 	( -0.0000002182 , 0.0000000000 ) 
45.5285497844 	( 0.0000002460 , 0.0000000000 ) 
45.6512682475 	( 0.0000006103 , 0.0000000000 ) 
45.7739867105 	( 0.0000007450 , 0.0000000000 ) 
45.8967051735 	( 0.0000006021 , 0.0000000000 ) 
46.0194236366 	( 0.0000002880 , 0.0000000000 ) 
46.1421420996 	( -0.0000000013 , 0.0000000000 ) 
46.2648605626 	( -0.0000001235 , 0.0000000000 ) 
46.3875790257 	( -0.0000000625 , 0.0000000000 ) 
46.5102974887 	( 0.0000001163 , 0.0000000000 ) 
46.6330159517 	( 0.0000003363 , 0.0000000000 ) 
46.7557344148 	( 0.0000005175 , 0.0000000000 ) 
46.8784528778 	( 0.0000005552 , 0.0000000000 ) 
47.0011713408 	( 0.0000003524 , 0.0000000000 ) 
47.1238898038 	( -0.0000000929 , 0.0000000000 ) 
47.2466082669 	( -0.0000006456 , 0.0000000000 ) 
47.3693267299 	( -0.0000010982 , 0.0000000000 ) 
47.4920451929 	( -0.0000012859 , 0.0000000000 ) 
47.6147636560 	( -0.0000011483 , 0.0000000000 ) 
47.7374821190 	( -0.0000007147 , 0.0000000000 ) 
47.8602005820 	( -0.0000000722 , 0.0000000000 ) 
47.9829190451 	( 0.0000006358 , 0.0000000000 ) 
48.1056375081 	( 0.0000012161 , 0.0000000000 ) 
48.2283559711 	( 0.0000014870 , 0.0000000000 ) 
48.3510744342 	( 0.0000013687 , 0.0000000000 ) 
48.4737928972 	( 0.0000009256 , 0.0000000000 ) 
48.5965113602 	( 0.0000003191 , 0.0000000000 ) 
48.7192298232 	( -0.0000002789 , 0.0000000000 ) 
48.8419482863 	( -0.0000007397 , 0.0000000000 ) 
48.9646667493 	( -0.0000009839 , 0.0000000000 ) 
49.0873852123 	( -0.0000009815 , 0.0000000000 ) 
49.2101036754 	( -0.0000007674 , 0.0000000000 ) 
49.3328221384 	( -0.0000004418 , 0.0000000000 ) 
49.4555406014 	( -0.0000001281 , 0.0000000000 ) 
49.5782590645 	( 0.0000000907 , 0.0000000000 ) 
49.7009775275 	( 0.0000002028 , 0.0000000000 ) 
49.8236959905 	( 0.0000002439 , 0.0000000000 ) 
49.9464144536 	( 0.0000002553 , 0.0000000000 ) 
50.0691329166 	( 0.0000002651 , 0.0000000000 ) 
50.1918513796 	( 0.0000002920 , 0.0000000000 ) 
50.3145698426 	( 0.0000003431 , 0.0000000000 ) 
50.4372883057 	( 0.0000003990 , 0.0000000000 ) 
50.5600067687 	( 0.0000004114 , 0.0000000000 ) 
50.6827252317 	( 0.0000003305 , 0.0000000000 ) 
50.8054436948 	( 0.0000001435 , 0.0000000000 ) 
50.9281621578 	( -0.0000001130 , 0.0000000000 ) 
51.0508806208 	( -0.0000003751 , 0.0000000000 ) 
51.1735990839 	( -0.0000005813 , 0.0000000000 ) 
51.2963175469 	( -0.0000006861 , 0.0000000000 ) 
51.4190360099 	( -0.0000006603 , 0.0000000000 ) 
51.5417544730 	( -0.0000004973 , 0.0000000000 ) 
51.6644729360 	( -0.0000002257 , 0.0000000000 ) 
51.7871913990 	( 0.0000000912 , 0.0000000000 ) 
51.9099098621 	( 0.0000003769 , 0.0000000000 ) 
52.0326283251 	( 0.0000005717 , 0.0000000000 ) 
52.1553467881 	( 0.0000006461 , 0.0000000000 ) 
52.2780652511 	( 0.0000005977 , 0.0000000000 ) 
52.4007837142 	( 0.0000004431 , 0.0000000000 ) 
52.5235021772 	( 0.0000002179 , 0.0000000000 ) 
52.6462206402 	( -0.0000000260 , 0.0000000000 ) 
52.7689391033 	( -0.0000002337 , 0.0000000000 ) 
52.8916575663 	( -0.0000003670 , 0.0000000000 ) 
53.0143760293 	( -0.0000004151 , 0.0000000000 ) 
53.1370944924 	( -0.0000003890 , 0.0000000000 ) 
53.2598129554 	( -0.0000003088 , 0.0000000000 ) 
53.3825314184 	( -0.0000001968 , 0.0000000000 ) 
53.5052498815 	( -0.0000000768 , 0.0000000000 ) 
53.6279683445 	( 0.0000000289 , 0.0000000000 ) 
53.7506868075 	( 0.0000001065 , 0.0000000000 ) 
53.8734052705 	( 0.0000001559 , 0.0000000000 ) 
53.9961237336 	( 0.0000001856 , 0.0000000000 ) 
54.1188421966 	( 0.0000002025 , 0.0000000000 ) 
54.2415606596 	( 0.0000002069 , 0.0000000000 ) 
54.3642791227 	( 0.0000001946 , 0.0000000000 ) 
54.4869975857 	( 0.0000001621 , 0.0000000000 ) 
54.6097160487 	( 0.0000001083 , 0.0000000000 ) 
54.7324345118 	( 0.0000000345 , 0.0000000000 ) 
54.8551529748 	( -0.0000000543 , 0.0000000000 ) 
54.9778714378 	( -0.0000001451 , 0.0000000000 ) 
55.1005899009 	( -0.0000002185 , 0.0000000000 ) 
55.2233083639 	( -0.0000002547 , 0.0000000000 ) 
55.3460268269 	( -0.0000002426 , 0.0000000000 ) 
55.4687452899 	( -0.0000001836 , 0.0000000000 ) 
55.5914637530 	( -0.0000000900 , 0.0000000000 ) 
55.7141822160 	( 0.0000000191 , 0.0000000000 ) 
55.8369006790 	( 0.0000001216 , 0.0000000000 ) 
55.9596191421 	( 0.0000001964 , 0.0000000000 ) 
56.0823376051 	( 0.0000002287 , 0.0000000000 ) 
56.2050560681 	( 0.0000002148 , 0.0000000000 ) 
56.3277745312 	( 0.0000001630 , 0.0000000000 ) 
56.4504929942 	( 0.0000000886 , 0.0000000000 ) 
56.5732114572 	( 0.0000000085 , 0.0000000000 ) 
56.6959299203 	( -0.0000000628 , 0.0000000000 ) 
56.8186483833 	( -0.0000001142 , 0.0000000000 ) 
56.9413668463 	( -0.0000001390 , 0.0000000000 ) 
57.0640853093 	( -0.0000001359 , 0.0000000000 ) 
57.1868037724 	( -0.0000001091 , 0.0000000000 ) 
57.3095222354 	( -0.0000000670 , 0.0000000000 ) 
57.4322406984 	( -0.0000000191 , 0.0000000000 ) 
57.5549591615 	( 0.0000000259 , 0.0000000000 ) 
57.6776776245 	( 0.0000000607 , 0.0000000000 ) 
57.8003960875 	( 0.0000000805 , 0.0000000000 ) 
57.9231145506 	( 0.0000000835 , 0.0000000000 ) 
58.0458330136 	( 0.0000000714 , 0.0000000000 ) 
58.1685514766 	( 0.0000000488 , 0.0000000000 ) 
58.2912699397 	( 0.0000000215 , 0.0000000000 ) 
58.4139884027 	( -0.0000000043 , 0.0000000000 ) 
58.5367068657 	( -0.0000000237 , 0.0000000000 ) 
58.6594253287 	( -0.0000000335 , 0.0000000000 ) 
58.7821437918 	( -0.0000000336 , 0.0000000000 ) 
58.9048622548 	( -0.0000000263 , 0.0000000000 ) 
59.0275807178 	( -0.0000000154 , 0.0000000000 ) 
59.1502991809 	( -0.0000000045 , 0.0000000000 ) 
59.2730176439 	( 0.0000000037 , 0.0000000000 ) 
59.3957361069 	( 0.0000000078 , 0.0000000000 ) 
59.5184545700 	( 0.0000000075 , 0.0000000000 ) 
59.6411730330 	( 0.0000000041 , 0.0000000000 ) 
59.7638914960 	( 0.0000000000 , 0.0000000000 ) 
59.8866099591 	( -0.0000000017 , 0.0000000000 ) 
60.0093284221 	( 0.0000000004 , 0.0000000000 ) 
60.1320468851 	( 0.0000000053 , 0.0000000000 ) 
60.2547653481 	( 0.0000000104 , 0.0000000000 ) 
60.3774838112 	( 0.0000000131 , 0.0000000000 ) 
60.5002022742 	( 0.0000000123 , 0.0000000000 ) 
60.6229207372 	( 0.0000000087 , 0.0000000000 ) 
60.7456392003 	( 0.0000000037 , 0.0000000000 ) 
60.8683576633 	( -0.0000000010 , 0.0000000000 ) 
60.9910761263 	( -0.0000000040 , 0.0000000000 ) 
61.1137945894 	( -0.0000000047 , 0.0000000000 ) 
61.2365130524 	( -0.0000000031 , 0.0000000000 ) 
61.3592315154 	( -0.0000000003 , 0.0000000000 ) 
61.4819499785 	( 0.0000000027 , 0.0000000000 ) 
61.6046684415 	( 0.0000000046 , 0.0000000000 ) 
61.7273869045 	( 0.0000000051 , 0.0000000000 ) 
61.8501053675 	( 0.0000000044 , 0.0000000000 ) 
61.9728238306 	( 0.0000000031 , 0.0000000000 ) 
62.0955422936 	( 0.0000000017 , 0.0000000000 ) 
62.2182607566 	( 0.0000000007 , 0.0000000000 ) 
62.3409792197 	( 0.0000000002 , 0.0000000000 ) 
62.4636976827 	( -0.0000000000 , 0.0000000000 ) 
62.5864161457 	( -0.0000000001 , 0.0000000000 ) 
62.7091346088 	( -0.0000000001 , 0.0000000000 ) 
