 0. -543.0917703822457
 0.01 -542.832684319232
 0.02 -542.2849427589622
 0.03 -541.4495942022504
 0.04 -540.3283648732091
 0.05 -538.9236718304536
 0.06 -537.2385733767344
 0.07 -535.2768168204792
 0.08 -533.0427936573415
 0.09 -530.5414922539919
 0.1 -527.7785381299319
 0.11 -524.6455419459734
 0.12 -521.2638453201275
 0.13 -517.6407646028879
 0.14 -513.7840827542146
 0.15 -509.70209947385024
 0.16 -505.4035297448794
 0.17 -500.89750095761667
 0.18 -496.193548786948
 0.19 -491.3015120011197
 0.2 -486.23157638364154
 0.21 -480.8795679524515
 0.22 -475.3707556617577
 0.23 -469.7159937720501
 0.24 -463.9263240726749
 0.25 -458.0128781391097
 0.26 -451.9868798037113
 0.27 -445.859598014264
 0.28 -439.64231024919815
 0.29 -433.3462666519173
 0.3 -426.9826450393538
 0.31 -420.44796693171895
 0.32 -413.86776474150855
 0.33 -407.25285025025454
 0.34 -400.61383449134263
 0.35000000000000003 -393.96110914655515
 0.36 -387.3048195529142
 0.37 -380.65483940499576
 0.38 -374.0207472262431
 0.39 -367.4118146710192
 0.4 -360.8369467072911
 0.41000000000000003 -354.19012371801495
 0.42 -347.59415554758317
 0.43 -341.05683750816695
 0.44 -334.5855983495338
 0.45 -328.18746018499553
 0.46 -321.8690003556234
 0.47000000000000003 -315.6364152048127
 0.48 -309.4954357257417
 0.49 -303.45140503530274
 0.5 -297.5091976197274
 0.51 -291.55870028942013
 0.52 -285.7185347734874
 0.53 -279.9923418781242
 0.54 -274.38331712741575
 0.55 -268.8942478002407
 0.56 -263.52755127282694
 0.5700000000000001 -258.2852245731131
 0.58 -253.1688950503986
 0.59 -248.179812061815
 0.6 -243.31889957590045
 0.61 -238.47210959298536
 0.62 -233.75427628217767
 0.63 -229.1653207354401
 0.64 -224.70486624053916
 0.65 -220.37225397649155
 0.66 -216.16655903748733
 0.67 -212.08660669409636
 0.68 -208.13098880382103
 0.6900000000000001 -204.29808028669646
 0.7000000000000001 -200.5860555856197
 0.71 -196.87830503536165
 0.72 -193.2872510687377
 0.73 -189.81057419313902
 0.74 -186.44578867551047
 0.75 -183.1903178788668
 0.76 -180.04147919851383
 0.77 -176.99646855125818
 0.78 -174.05243437599975
 0.79 -171.20645110917758
 0.8 -168.45555210354252
 0.81 -165.68210196363393
 0.8200000000000001 -162.99767827611126
 0.8300000000000001 -160.3992027177083
 0.84 -157.88363152801952
 0.85 -155.44788533857113
 0.86 -153.08893835365626
 0.87 -150.80375688221446
 0.88 -148.58933722359203
 0.89 -146.44274291332943
 0.9 -144.36104133817244
 0.91 -142.22678973229478
 0.92 -140.15177056924853
 0.93 -138.133236366424
 0.9400000000000001 -136.16850392080727
 0.9500000000000001 -134.25494799657247
 0.96 -132.39004448654745
 0.97 -130.57131307084708
 0.98 -128.79635939699273
 0.99 -127.0628668066345
 1. -125.36859763457934
 1.01 -122.92353410621162
 1.02 -120.51345885958735
 1.03 -118.1363851185024
 1.04 -115.7903765426898
 1.05 -113.4736067810076
 1.06 -111.18431875304849
 1.07 -108.92084368405057
 1.08 -106.68155991732728
 1.09 -104.46495152767832
 1.1 -102.26957375840392
 1.11 -100.59539730363569
 1.12 -98.93975845672993
 1.1300000000000001 -97.30141414445526
 1.1400000000000001 -95.67919286565596
 1.1500000000000001 -94.07198355199836
 1.16 -92.47874136731494
 1.17 -90.89847746096315
 1.18 -89.33026468951873
 1.19 -87.77322732003384
 1.2 -86.2265467270174
 1.21 -84.65244809424281
 1.22 -83.08721313146152
 1.23 -81.53016881510825
 1.24 -79.98068216112263
 1.25 -78.43816603709281
 1.26 -76.90207002004652
 1.27 -75.37188130537956
 1.28 -73.84712567162123
 1.29 -72.32735950499165
 1.3 -70.81217088700889
 1.31 -69.22113774775377
 1.32 -67.63394908679713
 1.33 -66.05027726323858
 1.34 -64.46982235579512
 1.35 -62.89230459341283
 1.36 -61.31746585645303
 1.37 -59.74507124812424
 1.3800000000000001 -58.174901735492575
 1.3900000000000001 -56.60675585910195
 1.4000000000000001 -55.04045150997195
 1.41 -53.91428177251195
 1.42 -52.7896298316935
 1.43 -51.666352942657355
 1.44 -50.54432046079408
 1.45 -49.42341593022642
 1.46 -48.30353022853498
 1.47 -47.184564765505016
 1.48 -46.066429733627835
 1.49 -44.94904240806564
 1.5 -43.83233049377935
 1.51 -42.75118851752583
 1.52 -41.6705932624492
 1.53 -40.59048724302308
 1.54 -39.510822218140234
 1.55 -38.431550740196606
 1.56 -37.352633738072875
 1.57 -36.27403213198007
 1.58 -35.19571447820348
 1.59 -34.117648641850785
 1.6 -33.03980949578563
 1.61 -32.15505564400416
 1.62 -31.270481167790866
 1.6300000000000001 -30.386067393068963
 1.6400000000000001 -29.501795677439247
 1.6500000000000001 -28.617649215480345
 1.6600000000000001 -27.7336158609606
 1.67 -26.849680964688147
 1.68 -25.96583522680028
 1.69 -25.082067562365634
 1.7 -24.198367979243113
 1.71 -23.44833846720918
 1.72 -22.698362897430545
 1.73 -21.94843493142164
 1.74 -21.198548938686166
 1.75 -20.448699922298914
 1.76 -19.698883451738016
 1.77 -18.949095602329248
 1.78 -18.199333900712116
 1.79 -17.449593275783347
 1.8 -16.69987201461612
 1.81 -16.011422722893748
 1.82 -15.322988289434031
 1.83 -14.634566854415873
 1.84 -13.946156780952373
 1.85 -13.257756629685217
 1.86 -12.569365136103439
 1.87 -11.880981190315932
 1.8800000000000001 -11.192603819031273
 1.8900000000000001 -10.504232169520906
 1.9000000000000001 -9.815865195362306
 1.9100000000000001 -9.217189643777795
 1.92 -8.618518044402089
 1.93 -8.019849699327661
 1.94 -7.421184174291653
 1.95 -6.822521090881406
 1.96 -6.22386011964797
 1.97 -5.62520097402799
 1.98 -5.026543404984524
 1.99 -4.427887196286551
 2. -3.8292321603552306
 2.0100000000000002 -3.394471834612551
 2.02 -2.9597129782748057
 2.0300000000000002 -2.5249547695395336
 2.04 -2.0901972031200837
 2.05 -1.6554401880869998
 2.06 -1.2206836459799124
 2.07 -0.785927519157659
 2.08 -0.35117173935800505
 2.09 0.08358373755843714
 2.1 0.5183389627025728
 2.11 0.9457990451093642
 2.12 1.3732588725661175
 2.13 1.8007186523320255
 2.14 2.22817819776264
 2.15 2.655637628851307
 2.16 3.0830969626981584
 2.17 3.510556313915961
 2.18 3.9380154949809842
 2.19 4.365474616536051
 2.2 4.792933787652032
 2.21 5.103143716053269
 2.22 5.41335330831172
 2.23 5.723562870014008
 2.24 6.033772305905011
 2.25 6.343981820011182
 2.2600000000000002 6.654191315746358
 2.27 6.964400696002445
 2.2800000000000002 7.274610163227097
 2.29 7.584819619490155
 2.3000000000000003 7.895028966540451
 2.31 8.093972105854316
 2.32 8.292914938676958
 2.33 8.491857666057738
 2.34 8.690800388880207
 2.35 8.889743107887668
 2.36 9.08868582370489
 2.37 9.287628636856569
 2.38 9.486571347782963
 2.39 9.685514056853176
 2.4 9.884456764376383
 2.41 9.99511717061134
 2.42 10.105776975774427
 2.43 10.216436980046415
 2.44 10.327096983578215
 2.45 10.43775698649569
 2.46 10.548417988903733
 2.47 10.65907799088967
 2.48 10.769737992526162
 2.49 10.88039799387359
 2.5 10.991057994982114
 2.5100000000000002 11.006411995893345
 2.52 11.021764996641787
 2.5300000000000002 11.037118997256023
 2.54 11.052471997759701
 2.5500000000000003 11.06782599817239
 2.56 11.083178998510249
 2.57 11.09853299878662
 2.58 11.113886999012513
 2.59 11.129239999196992
 2.6 11.14459399934753
 2.61 11.064274999470273
 2.62 10.983955999570266
 2.63 10.903636999651665
 2.64 10.823317999717872
 2.65 10.742997999771676
 2.66 10.662678999815368
 2.67 10.582359999850818
 2.68 10.502040999879558
 2.69 10.421721999902841
 2.7 10.341402999921682
 2.71 10.193195999936924
 2.72 10.044989999949237
 2.73 9.89678269995918
 2.74 9.748575999967201
 2.75 9.600369199973668
 2.7600000000000002 9.452162399978878
 2.77 9.303955699983069
 2.7800000000000002 9.15574889998644
 2.79 9.007542099989148
 2.8000000000000003 8.859335299991322
 2.81 8.633163799993067
 2.82 8.406991999994466
 2.83 8.180820199995583
 2.84 7.95464839999648
 2.85 7.728476499997197
 2.86 7.502304699997769
 2.87 7.276132899998227
 2.88 7.04996109999859
 2.89 6.823789199998881
 2.9 6.597617399999113
 2.91 6.320236899999297
 2.92 6.042856199999443
 2.93 5.765475499999559
 2.94 5.488094799999651
 2.95 5.210714099999724
 2.96 4.933333399999783
 2.97 4.655952599999829
 2.98 4.378571899999865
 2.99 4.101191199999893
 3. 3.823810499999916
 3.0100000000000002 3.516254899999934
 3.02 3.208699099999948
 3.0300000000000002 2.9011432999999593
 3.04 2.593587499999968
 3.0500000000000003 2.2860316999999752
 3.06 1.9784758999999805
 3.0700000000000003 1.6709200999999847
 3.08 1.363364299999988
 3.09 1.0558084999999906
 3.1 0.7482526799999927
 3.11 0.4214000999999943
 3.12 0.09454743599999556
 3.13 -0.23230523000000347
 3.14 -0.5591579000000027
 3.15 -0.8860105600000021
 3.16 -1.2128632000000015
 3.17 -1.5397159000000014
 3.18 -1.8665686000000008
 3.19 -2.193421200000001
 3.2 -2.5202739000000003
 3.21 -2.8315187000000006
 3.22 -3.1427634000000007
 3.23 -3.4540082000000005
 3.24 -3.7652529
 3.25 -4.0764976
 3.2600000000000002 -4.3877423
 3.27 -4.6989871
 3.2800000000000002 -5.0102318
 3.29 -5.3214765
 3.3000000000000003 -5.6327213
 3.31 -5.8888301
 3.3200000000000003 -6.1449386
 3.33 -6.4010471
 3.34 -6.6571557
 3.35 -6.9132642
 3.36 -7.1693727
 3.37 -7.4254813
 3.38 -7.6815898
 3.39 -7.9376983
 3.4 -8.1938069
 3.41 -8.3472693
 3.42 -8.5007312
 3.43 -8.6541931
 3.44 -8.807655
 3.45 -8.9611169
 3.46 -9.1145788
 3.47 -9.2680407
 3.48 -9.4215026
 3.49 -9.5749645
 3.5 -9.7284264
 3.5100000000000002 -9.8248486
 3.52 -9.9212706
 3.5300000000000002 -10.017693
 3.54 -10.114114
 3.5500000000000003 -10.210536
 3.56 -10.306958
 3.5700000000000003 -10.40338
 3.58 -10.499802
 3.59 -10.596224
 3.6 -10.692646
 3.61 -10.677793
 3.62 -10.66294
 3.63 -10.648087
 3.64 -10.633233
 3.65 -10.61838
 3.66 -10.603527
 3.67 -10.588673
 3.68 -10.57382
 3.69 -10.558967
 3.7 -10.544113
 3.71 -10.456328
 3.72 -10.368543
 3.73 -10.280758
 3.74 -10.192972
 3.75 -10.105187
 3.7600000000000002 -10.017402
 3.77 -9.9296162
 3.7800000000000002 -9.8418308
 3.79 -9.7540455
 3.8000000000000003 -9.6662601
 3.81 -9.5235954
 3.8200000000000003 -9.3809303
 3.83 -9.2382653
 3.84 -9.0956002
 3.85 -8.9529352
 3.86 -8.8102702
 3.87 -8.6676051
 3.88 -8.5249401
 3.89 -8.382275
 3.9 -8.23961
 3.91 -8.0636218
 3.92 -7.8876335
 3.93 -7.7116452
 3.94 -7.5356569
 3.95 -7.3596685
 3.96 -7.1836802
 3.97 -7.0076919
 3.98 -6.8317036
 3.99 -6.6557152
 4. -6.4797269
 4.01 -6.2993098
 4.0200000000000005 -6.1188926
 4.03 -5.9384754
 4.04 -5.7580582
 4.05 -5.5776411
 4.0600000000000005 -5.3972239
 4.07 -5.2168067
 4.08 -5.0363895
 4.09 -4.8559724
 4.1 -4.6755552
 4.11 -4.4883578
 4.12 -4.3011603
 4.13 -4.1139628
 4.14 -3.9267653
 4.15 -3.7395678
 4.16 -3.5523703
 4.17 -3.3651728
 4.18 -3.1779753
 4.19 -2.9907778
 4.2 -2.8035803
 4.21 -2.6200111
 4.22 -2.4364419
 4.23 -2.2528727
 4.24 -2.0693035
 4.25 -1.8857343
 4.26 -1.7021651
 4.2700000000000005 -1.5185959
 4.28 -1.3350267
 4.29 -1.1514575
 4.3 -0.96788835
 4.3100000000000005 -0.79496065
 4.32 -0.62203302
 4.33 -0.44910539
 4.34 -0.27617775
 4.3500000000000005 -0.10325012
 4.36 0.069677508
 4.37 0.24260514
 4.38 0.41553277
 4.39 0.5884604
 4.4 0.76138803
 4.41 0.88339031
 4.42 1.0053923
 4.43 1.1273942
 4.44 1.2493961
 4.45 1.3713981
 4.46 1.4934
 4.47 1.615402
 4.48 1.7374039
 4.49 1.8594059
 4.5 1.9814078
 4.51 2.0981743
 4.5200000000000005 2.2149407
 4.53 2.3317072
 4.54 2.4484736
 4.55 2.56524
 4.5600000000000005 2.6820065
 4.57 2.7987729
 4.58 2.9155393
 4.59 3.0323058
 4.6000000000000005 3.1490722
 4.61 3.2287819
 4.62 3.3084913
 4.63 3.3882007
 4.64 3.4679101
 4.65 3.5476195
 4.66 3.6273289
 4.67 3.7070383
 4.68 3.7867478
 4.69 3.8664572
 4.7 3.9461666
 4.71 4.0056192
 4.72 4.0650717
 4.73 4.1245242
 4.74 4.1839767
 4.75 4.2434292
 4.76 4.3028817
 4.7700000000000005 4.3623342
 4.78 4.4217867
 4.79 4.4812393
 4.8 4.5406918
 4.8100000000000005 4.5556021
 4.82 4.5705121
 4.83 4.585422
 4.84 4.600332
 4.8500000000000005 4.615242
 4.86 4.630152
 4.87 4.645062
 4.88 4.659972
 4.89 4.674882
 4.9 4.689792
 4.91 4.6834658
 4.92 4.6771395
 4.93 4.6708132
 4.94 4.6644868
 4.95 4.6581605
 4.96 4.6518342
 4.97 4.6455079
 4.98 4.6391816
 4.99 4.6328552
 5. 4.6265289
 5.01 4.5800427
 5.0200000000000005 4.5335562
 5.03 4.4870697
 5.04 4.4405832
 5.05 4.3940967
 5.0600000000000005 4.3476102
 5.07 4.3011237
 5.08 4.2546372
 5.09 4.2081507
 5.1000000000000005 4.1616642
 5.11 4.0845308
 5.12 4.0073971
 5.13 3.9302635
 5.14 3.8531298
 5.15 3.7759962
 5.16 3.6988625
 5.17 3.6217288
 5.18 3.5445952
 5.19 3.4674615
 5.2 3.3903279
 5.21 3.2904045
 5.22 3.190481
 5.23 3.0905574
 5.24 2.9906339
 5.25 2.8907104
 5.26 2.7907868
 5.2700000000000005 2.6908633
 5.28 2.5909398
 5.29 2.4910162
 5.3 2.3910927
 5.3100000000000005 2.2633404
 5.32 2.135588
 5.33 2.0078355
 5.34 1.880083
 5.3500000000000005 1.7523305
 5.36 1.6245781
 5.37 1.4968256
 5.38 1.3690731
 5.39 1.2413206
 5.4 1.1135682
 5.41 0.98444629
 5.42 0.85532441
 5.43 0.72620252
 5.44 0.59708064
 5.45 0.46795876
 5.46 0.33883687
 5.47 0.20971499
 5.48 0.080593109
 5.49 -0.048528774
 5.5 -0.17765066
 5.51 -0.31724085
 5.5200000000000005 -0.45683112
 5.53 -0.5964214
 5.54 -0.73601167
 5.55 -0.87560195
 5.5600000000000005 -1.0151922
 5.57 -1.1547825
 5.58 -1.2943728
 5.59 -1.433963
 5.6000000000000005 -1.5735533
 5.61 -1.6815878
 5.62 -1.7896219
 5.63 -1.8976561
 5.64 -2.0056903
 5.65 -2.1137244
 5.66 -2.2217586
 5.67 -2.3297928
 5.68 -2.437827
 5.69 -2.5458611
 5.7 -2.6538953
 5.71 -2.7562187
 5.72 -2.858542
 5.73 -2.9608654
 5.74 -3.0631887
 5.75 -3.1655121
 5.76 -3.2678354
 5.7700000000000005 -3.3701588
 5.78 -3.4724821
 5.79 -3.5748055
 5.8 -3.6771288
 5.8100000000000005 -3.734982
 5.82 -3.7928348
 5.83 -3.8506876
 5.84 -3.9085405
 5.8500000000000005 -3.9663933
 5.86 -4.0242461
 5.87 -4.0820989
 5.88 -4.1399517
 5.89 -4.1978045
 5.9 -4.2556573
 5.91 -4.2787817
 5.92 -4.3019058
 5.93 -4.3250298
 5.94 -4.3481539
 5.95 -4.371278
 5.96 -4.3944021
 5.97 -4.4175262
 5.98 -4.4406502
 5.99 -4.4637743
 6. -4.4868984
 6.01 -4.4679325
 6.0200000000000005 -4.4489663
 6.03 -4.43
 6.04 -4.4110338
 6.05 -4.3920675
 6.0600000000000005 -4.3731013
 6.07 -4.354135
 6.08 -4.3351688
 6.09 -4.3162025
 6.1000000000000005 -4.2972363
 6.11 -4.2526978
 6.12 -4.2081591
 6.13 -4.1636203
 6.140000000000001 -4.1190816
 6.15 -4.0745429
 6.16 -4.0300042
 6.17 -3.9854654
 6.18 -3.9409267
 6.19 -3.896388
 6.2 -3.8518493
 6.21 -3.7780051
 6.22 -3.7041606
 6.23 -3.6303161
 6.24 -3.5564716
 6.25 -3.4826271
 6.26 -3.4087825
 6.2700000000000005 -3.334938
 6.28 -3.2610935
 6.29 -3.187249
 6.3 -3.1134045
 6.3100000000000005 -3.0308166
 6.32 -2.9482287
 6.33 -2.8656407
 6.34 -2.7830527
 6.3500000000000005 -2.7004647
 6.36 -2.6178767
 6.37 -2.5352887
 6.38 -2.4527008
 6.390000000000001 -2.3701128
 6.4 -2.2875248
 6.41 -2.1969288
 6.42 -2.1063327
 6.43 -2.0157367
 6.44 -1.9251406
 6.45 -1.8345445
 6.46 -1.7439485
 6.47 -1.6533524
 6.48 -1.5627563
 6.49 -1.4721603
 6.5 -1.3815642
 6.51 -1.2870921
 6.5200000000000005 -1.19262
 6.53 -1.0981478
 6.54 -1.0036757
 6.55 -0.90920358
 6.5600000000000005 -0.81473145
 6.57 -0.72025931
 6.58 -0.62578718
 6.59 -0.53131505
 6.6000000000000005 -0.43684291
 6.61 -0.35216649
 6.62 -0.26749015
 6.63 -0.18281382
 6.640000000000001 -0.098137491
 6.65 -0.01346116
 6.66 0.071215172
 6.67 0.1558915
 6.68 0.24056784
 6.69 0.32524417
 6.7 0.4099205
 6.71 0.48507678
 6.72 0.56023297
 6.73 0.63538916
 6.74 0.71054535
 6.75 0.78570154
 6.76 0.86085773
 6.7700000000000005 0.93601392
 6.78 1.0111701
 6.79 1.0863263
 6.8 1.1614825
 6.8100000000000005 1.2195373
 6.82 1.277592
 6.83 1.3356466
 6.84 1.3937012
 6.8500000000000005 1.4517559
 6.86 1.5098105
 6.87 1.5678652
 6.88 1.6259198
 6.890000000000001 1.6839745
 6.9 1.7420291
 6.91 1.7861798
 6.92 1.8303303
 6.93 1.8744808
 6.94 1.9186314
 6.95 1.9627819
 6.96 2.0069324
 6.97 2.0510829
 6.98 2.0952335
 6.99 2.139384
 7. 2.1835345
 7.01 2.2076654
 7.0200000000000005 2.2317961
 7.03 2.2559268
 7.04 2.2800574
 7.05 2.3041881
 7.0600000000000005 2.3283188
 7.07 2.3524495
 7.08 2.3765801
 7.09 2.4007108
 7.1000000000000005 2.4248415
 7.11 2.4324573
 7.12 2.4400729
 7.13 2.4476885
 7.140000000000001 2.455304
 7.15 2.4629196
 7.16 2.4705352
 7.17 2.4781508
 7.18 2.4857664
 7.19 2.493382
 7.2 2.5009976
 7.21 2.4918365
 7.22 2.4826752
 7.23 2.4735139
 7.24 2.4643526
 7.25 2.4551912
 7.26 2.4460299
 7.2700000000000005 2.4368686
 7.28 2.4277073
 7.29 2.418546
 7.3 2.4093847
 7.3100000000000005 2.3836163
 7.32 2.3578478
 7.33 2.3320793
 7.34 2.3063107
 7.3500000000000005 2.2805422
 7.36 2.2547736
 7.37 2.2290051
 7.38 2.2032366
 7.390000000000001 2.177468
 7.4 2.1516995
 7.41 2.1124577
 7.42 2.0732158
 7.43 2.0339739
 7.44 1.994732
 7.45 1.9554901
 7.46 1.9162482
 7.47 1.8770063
 7.48 1.8377644
 7.49 1.7985225
 7.5 1.7592807
 7.51 1.7112854
 7.5200000000000005 1.66329
 7.53 1.6152946
 7.54 1.5672992
 7.55 1.5193039
 7.5600000000000005 1.4713085
 7.57 1.4233131
 7.58 1.3753177
 7.59 1.3273224
 7.6000000000000005 1.279327
 7.61 1.2198038
 7.62 1.1602805
 7.63 1.1007572
 7.640000000000001 1.0412339
 7.65 0.98171055
 7.66 0.92218724
 7.67 0.86266393
 7.68 0.80314061
 7.69 0.7436173
 7.7 0.68409398
 7.71 0.62018596
 7.72 0.55627788
 7.73 0.4923698
 7.74 0.42846172
 7.75 0.36455364
 7.76 0.30064556
 7.7700000000000005 0.23673748
 7.78 0.1728294
 7.79 0.10892132
 7.8 0.04501324
 7.8100000000000005 -0.015439164
 7.82 -0.075891529
 7.83 -0.13634389
 7.84 -0.19679626
 7.8500000000000005 -0.25724862
 7.86 -0.31770099
 7.87 -0.37815335
 7.88 -0.43860571
 7.890000000000001 -0.49905808
 7.9 -0.55951044
 7.91 -0.6179914
 7.92 -0.67647233
 7.930000000000001 -0.73495326
 7.94 -0.79343419
 7.95 -0.85191512
 7.96 -0.91039605
 7.97 -0.96887698
 7.98 -1.0273579
 7.99 -1.0858388
 8. -1.1443198
 8.01 -1.1917142
 8.02 -1.2391086
 8.03 -1.2865029
 8.040000000000001 -1.3338972
 8.05 -1.3812916
 8.06 -1.4286859
 8.07 -1.4760803
 8.08 -1.5234746
 8.09 -1.5708689
 8.1 -1.6182633
 8.11 -1.6510909
 8.120000000000001 -1.6839183
 8.13 -1.7167457
 8.14 -1.7495732
 8.15 -1.7824006
 8.16 -1.815228
 8.17 -1.8480554
 8.18 -1.8808829
 8.19 -1.9137103
 8.2 -1.9465377
 8.21 -1.9636279
 8.22 -1.9807179
 8.23 -1.9978079
 8.24 -2.0148979
 8.25 -2.0319879
 8.26 -2.0490779
 8.27 -2.0661679
 8.28 -2.0832579
 8.290000000000001 -2.1003479
 8.3 -2.1174379
 8.31 -2.1180232
 8.32 -2.1186083
 8.33 -2.1191934
 8.34 -2.1197785
 8.35 -2.1203636
 8.36 -2.1209487
 8.370000000000001 -2.1215337
 8.38 -2.1221188
 8.39 -2.1227039
 8.4 -2.123289
 8.41 -2.1084938
 8.42 -2.0936985
 8.43 -2.0789031
 8.44 -2.0641077
 8.45 -2.0493124
 8.46 -2.034517
 8.47 -2.0197216
 8.48 -2.0049263
 8.49 -1.9901309
 8.5 -1.9753355
 8.51 -1.9448273
 8.52 -1.9143188
 8.53 -1.8838103
 8.540000000000001 -1.8533018
 8.55 -1.8227934
 8.56 -1.7922849
 8.57 -1.7617764
 8.58 -1.731268
 8.59 -1.7007595
 8.6 -1.670251
 8.61 -1.6321784
 8.620000000000001 -1.5941057
 8.63 -1.556033
 8.64 -1.5179603
 8.65 -1.4798876
 8.66 -1.4418149
 8.67 -1.4037423
 8.68 -1.3656696
 8.69 -1.3275969
 8.700000000000001 -1.2895242
 8.71 -1.243066
 8.72 -1.1966077
 8.73 -1.1501493
 8.74 -1.103691
 8.75 -1.0572327
 8.76 -1.0107744
 8.77 -0.9643161
 8.78 -0.91785778
 8.790000000000001 -0.87139947
 8.8 -0.82494116
 8.81 -0.7765336
 8.82 -0.72812602
 8.83 -0.67971843
 8.84 -0.63131085
 8.85 -0.58290327
 8.86 -0.53449568
 8.870000000000001 -0.4860881
 8.88 -0.43768051
 8.89 -0.38927293
 8.9 -0.34086534
 8.91 -0.29646463
 8.92 -0.25206398
 8.93 -0.20766332
 8.94 -0.16326267
 8.950000000000001 -0.11886201
 8.96 -0.074461355
 8.97 -0.030060699
 8.98 0.014339956
 8.99 0.058740612
 9. 0.10314127
 9.01 0.14639627
 9.02 0.18965125
 9.03 0.23290623
 9.040000000000001 0.27616121
 9.05 0.31941619
 9.06 0.36267118
 9.07 0.40592616
 9.08 0.44918114
 9.09 0.49243612
 9.1 0.53569111
 9.11 0.56945825
 9.120000000000001 0.60322527
 9.13 0.63699229
 9.14 0.67075931
 9.15 0.70452632
 9.16 0.73829334
 9.17 0.77206036
 9.18 0.80582738
 9.19 0.8395944
 9.200000000000001 0.87336141
 9.21 0.90149578
 9.22 0.92963007
 9.23 0.95776436
 9.24 0.98589865
 9.25 1.0140329
 9.26 1.0421672
 9.27 1.0703015
 9.28 1.0984358
 9.290000000000001 1.1265701
 9.3 1.1547044
 9.31 1.1707447
 9.32 1.1867848
 9.33 1.2028249
 9.34 1.2188651
 9.35 1.2349052
 9.36 1.2509453
 9.370000000000001 1.2669854
 9.38 1.2830256
 9.39 1.2990657
 9.4 1.3151058
 9.41 1.3243341
 9.42 1.3335622
 9.43 1.3427903
 9.44 1.3520185
 9.450000000000001 1.3612466
 9.46 1.3704747
 9.47 1.3797029
 9.48 1.388931
 9.49 1.3981591
 9.5 1.4073873
 9.51 1.4023012
 9.52 1.397215
 9.53 1.3921288
 9.540000000000001 1.3870425
 9.55 1.3819563
 9.56 1.37687
 9.57 1.3717838
 9.58 1.3666975
 9.59 1.3616113
 9.6 1.3565251
 9.61 1.3462391
 9.620000000000001 1.335953
 9.63 1.325667
 9.64 1.3153809
 9.65 1.3050948
 9.66 1.2948088
 9.67 1.2845227
 9.68 1.2742367
 9.69 1.2639506
 9.700000000000001 1.2536646
 9.71 1.2313882
 9.72 1.2091117
 9.73 1.1868352
 9.74 1.1645587
 9.75 1.1422823
 9.76 1.1200058
 9.77 1.0977293
 9.78 1.0754528
 9.790000000000001 1.0531763
 9.8 1.0308998
 9.81 1.0050569
 9.82 0.97921407
 9.83 0.95337119
 9.84 0.92752831
 9.85 0.90168544
 9.86 0.87584256
 9.870000000000001 0.84999968
 9.88 0.8241568
 9.89 0.79831393
 9.9 0.77247105
 9.91 0.74152431
 9.92 0.71057749
 9.93 0.67963067
 9.94 0.64868385
 9.950000000000001 0.61773703
 9.96 0.58679022
 9.97 0.5558434
 9.98 0.52489658
 9.99 0.49394976
 10. 0.46300294
 10.01 0.4297862
 10.02 0.39656941
 10.03 0.36335263
 10.040000000000001 0.33013585
 10.05 0.29691906
 10.06 0.26370228
 10.07 0.2304855
 10.08 0.19726871
 10.09 0.16405193
 10.1 0.13083515
 10.11 0.096199393
 10.120000000000001 0.061563619
 10.13 0.026927844
 10.14 -0.0077079307
 10.15 -0.042343705
 10.16 -0.07697948
 10.17 -0.11161525
 10.18 -0.14625103
 10.19 -0.1808868
 10.200000000000001 -0.21552258
 10.21 -0.24827891
 10.22 -0.28103521
 10.23 -0.31379152
 10.24 -0.34654782
 10.25 -0.37930412
 10.26 -0.41206043
 10.27 -0.44481673
 10.28 -0.47757303
 10.290000000000001 -0.51032934
 10.3 -0.54308564
 10.31 -0.56670487
 10.32 -0.59032396
 10.33 -0.61394305
 10.34 -0.63756214
 10.35 -0.66118123
 10.36 -0.68480032
 10.370000000000001 -0.70841941
 10.38 -0.7320385
 10.39 -0.75565759
 10.4 -0.77927668
 10.41 -0.79996057
 10.42 -0.82064441
 10.43 -0.84132825
 10.44 -0.86201209
 10.450000000000001 -0.88269593
 10.46 -0.90337977
 10.47 -0.92406361
 10.48 -0.94474745
 10.49 -0.96543129
 10.5 -0.98611513
 10.51 -0.99672815
 10.52 -1.007341
 10.53 -1.0179539
 10.540000000000001 -1.0285667
 10.55 -1.0391796
 10.56 -1.0497924
 10.57 -1.0604053
 10.58 -1.0710182
 10.59 -1.081631
 10.6 -1.0922439
 10.61 -1.0957444
 10.620000000000001 -1.0992448
 10.63 -1.1027452
 10.64 -1.1062456
 10.65 -1.1097461
 10.66 -1.1132465
 10.67 -1.1167469
 10.68 -1.1202473
 10.69 -1.1237477
 10.700000000000001 -1.1272481
 10.71 -1.1198246
 10.72 -1.1124009
 10.73 -1.1049771
 10.74 -1.0975534
 10.75 -1.0901297
 10.76 -1.0827059
 10.77 -1.0752822
 10.78 -1.0678585
 10.790000000000001 -1.0604348
 10.8 -1.053011
 10.81 -1.0413367
 10.82 -1.0296622
 10.83 -1.0179878
 10.84 -1.0063134
 10.85 -0.99463895
 10.86 -0.98296453
 10.870000000000001 -0.9712901
 10.88 -0.95961567
 10.89 -0.94794124
 10.9 -0.93626681
 10.91 -0.91663008
 10.92 -0.89699323
 10.93 -0.87735637
 10.94 -0.85771951
 10.950000000000001 -0.83808265
 10.96 -0.81844579
 10.97 -0.79880893
 10.98 -0.77917207
 10.99 -0.75953521
 11. -0.73989835
 11.01 -0.71686862
 11.02 -0.69383884
 11.03 -0.67080905
 11.040000000000001 -0.64777926
 11.05 -0.62474948
 11.06 -0.60171969
 11.07 -0.57868991
 11.08 -0.55566012
 11.09 -0.53263034
 11.1 -0.50960055
 11.11 -0.48427888
 11.120000000000001 -0.45895716
 11.13 -0.43363545
 11.14 -0.40831374
 11.15 -0.38299203
 11.16 -0.35767032
 11.17 -0.33234861
 11.18 -0.30702689
 11.19 -0.28170518
 11.200000000000001 -0.25638347
 11.21 -0.23069296
 11.22 -0.20500243
 11.23 -0.17931191
 11.24 -0.15362139
 11.25 -0.12793087
 11.26 -0.10224035
 11.27 -0.076549828
 11.28 -0.050859306
 11.290000000000001 -0.025168785
 11.3 0.00052173627
 11.31 0.024623529
 11.32 0.048725294
 11.33 0.07282706
 11.34 0.096928825
 11.35 0.12103059
 11.36 0.14513236
 11.370000000000001 0.16923412
 11.38 0.19333589
 11.39 0.21743765
 11.4 0.24153942
 11.41 0.26212532
 11.42 0.28271115
 11.43 0.30329699
 11.44 0.32388283
 11.450000000000001 0.34446866
 11.46 0.3650545
 11.47 0.38564034
 11.48 0.40622617
 11.49 0.42681201
 11.5 0.44739785
 11.51 0.46326832
 11.52 0.47913872
 11.53 0.49500912
 11.540000000000001 0.51087951
 11.55 0.52674991
 11.56 0.54262031
 11.57 0.5584907
 11.58 0.5743611
 11.59 0.5902315
 11.6 0.60610189
 11.61 0.61782315
 11.620000000000001 0.62954434
 11.63 0.64126553
 11.64 0.65298672
 11.65 0.6647079
 11.66 0.67642909
 11.67 0.68815028
 11.68 0.69987147
 11.69 0.71159265
 11.700000000000001 0.72331384
 11.71 0.72803332
 11.72 0.73275267
 11.73 0.73747203
 11.74 0.74219138
 11.75 0.74691073
 11.76 0.75163009
 11.77 0.75634944
 11.78 0.76106879
 11.790000000000001 0.76578815
 11.8 0.7705075
 11.81 0.77043707
 11.82 0.77036655
 11.83 0.77029603
 11.84 0.77022552
 11.85 0.770155
 11.86 0.77008448
 11.870000000000001 0.77001397
 11.88 0.76994345
 11.89 0.76987293
 11.9 0.76980242
 11.91 0.76608704
 11.92 0.76183029
 11.93 0.75705095
 11.94 0.75174811
 11.950000000000001 0.74595125
 11.96 0.73965324
 11.97 0.73288176
 11.98 0.72563948
 11.99 0.71794072
 12. 0.70979261
 12.01 0.70120944
 12.02 0.69218854
 12.030000000000001 0.68274777
 12.040000000000001 0.67289159
 12.05 0.66262717
 12.06 0.65195896
 12.07 0.64088696
 12.08 0.62941653
 12.09 0.61755571
 12.1 0.60530897
 12.11 0.59267542
 12.120000000000001 0.5796622
 12.13 0.56627378
 12.14 0.5525191
 12.15 0.53840618
 12.16 0.52394665
 12.17 0.50914944
 12.18 0.49402706
 12.19 0.47859201
 12.200000000000001 0.46285501
 12.21 0.44683304
 12.22 0.4305386
 12.23 0.41398509
 12.24 0.39718949
 12.25 0.38016608
 12.26 0.36293096
 12.27 0.3455002
 12.280000000000001 0.32788898
 12.290000000000001 0.31011161
 12.3 0.29218504
 12.31 0.2741218
 12.32 0.25593617
 12.33 0.23764244
 12.34 0.21925402
 12.35 0.20078878
 12.36 0.18225742
 12.370000000000001 0.16367783
 12.38 0.14505982
 12.39 0.12641949
 12.4 0.10776575
 12.41 0.089112007
 12.42 0.070469881
 12.43 0.051850981
 12.44 0.033266029
 12.450000000000001 0.014726636
 12.46 -0.0037537959
 12.47 -0.022164548
 12.48 -0.040491327
 12.49 -0.058720732
 12.5 -0.07683847
 12.51 -0.094830247
 12.52 -0.11267998
 12.530000000000001 -0.13037071
 12.540000000000001 -0.14788902
 12.55 -0.16522151
 12.56 -0.1823539
 12.57 -0.19927189
 12.58 -0.21596119
 12.59 -0.23240839
 12.6 -0.24860009
 12.61 -0.26452023
 12.620000000000001 -0.28015717
 12.63 -0.29549842
 12.64 -0.31053058
 12.65 -0.32524382
 12.66 -0.33962741
 12.67 -0.35367243
 12.68 -0.36736905
 12.69 -0.38071013
 12.700000000000001 -0.39368761
 12.71 -0.40629615
 12.72 -0.4185277
 12.73 -0.43037958
 12.74 -0.44184822
 12.75 -0.4529372
 12.76 -0.46365186
 12.77 -0.4739949
 12.780000000000001 -0.48396989
 12.790000000000001 -0.4935786
 12.8 -0.50282284
 12.81 -0.5117026
 12.82 -0.52021787
 12.83 -0.52836598
 12.84 -0.53614426
 12.85 -0.54354822
 12.86 -0.55057341
 12.870000000000001 -0.55721358
 12.88 -0.56346067
 12.89 -0.56930755
 12.9 -0.57474707
 12.91 -0.57976851
 12.92 -0.58436562
 12.93 -0.58852856
 12.94 -0.5922493
 12.950000000000001 -0.5955207
 12.96 -0.5983356
 12.97 -0.60068775
 12.98 -0.60257269
 12.99 -0.60398684
 13. -0.60494985
 13.01 -0.60540992
 13.02 -0.60539652
 13.030000000000001 -0.60491412
 13.040000000000001 -0.60396629
 13.05 -0.60255571
 13.06 -0.60069043
 13.07 -0.59837669
 13.08 -0.59562164
 13.09 -0.59243333
 13.1 -0.58881979
 13.11 -0.58478906
 13.120000000000001 -0.58034739
 13.13 -0.57550194
 13.14 -0.57026074
 13.15 -0.56463898
 13.16 -0.55865006
 13.17 -0.55230916
 13.18 -0.54562791
 13.19 -0.53861701
 13.200000000000001 -0.5312854
 13.21 -0.52364113
 13.22 -0.51569134
 13.23 -0.50744049
 13.24 -0.49889395
 13.25 -0.49005261
 13.26 -0.48092093
 13.27 -0.47150071
 13.280000000000001 -0.46179373
 13.290000000000001 -0.45180088
 13.3 -0.44152573
 13.31 -0.43097097
 13.32 -0.42013749
 13.33 -0.40903065
 13.34 -0.39765581
 13.35 -0.38601833
 13.36 -0.37412714
 13.370000000000001 -0.36199028
 13.38 -0.34961758
 13.39 -0.33702155
 13.4 -0.3242138
 13.41 -0.31120773
 13.42 -0.29801674
 13.43 -0.28465601
 13.44 -0.27114074
 13.450000000000001 -0.25748521
 13.46 -0.24370729
 13.47 -0.22982129
 13.48 -0.21584327
 13.49 -0.20178752
 13.5 -0.18767104
 13.51 -0.1735072
 13.52 -0.15930853
 13.530000000000001 -0.1450902
 13.540000000000001 -0.13086472
 13.55 -0.11664282
 13.56 -0.10243521
 13.57 -0.088252618
 13.58 -0.074104863
 13.59 -0.060000881
 13.6 -0.045949607
 13.61 -0.031959079
 13.620000000000001 -0.018038231
 13.63 -0.0041968904
 13.64 0.0095595836
 13.65 0.023219577
 13.66 0.036775944
 13.67 0.050218857
 13.68 0.063539383
 13.69 0.076727696
 13.700000000000001 0.089773968
 13.71 0.10266837
 13.72 0.11540019
 13.73 0.1279587
 13.74 0.14033408
 13.75 0.1525165
 13.76 0.16450238
 13.77 0.17628548
 13.780000000000001 0.18786042
 13.790000000000001 0.19922276
 13.8 0.21036891
 13.81 0.2212944
 13.82 0.23199477
 13.83 0.24246735
 13.84 0.25270944
 13.85 0.26271658
 13.86 0.27248789
 13.870000000000001 0.28202156
 13.88 0.29131583
 13.89 0.3003671
 13.9 0.30917539
 13.91 0.31773801
 13.92 0.32605318
 13.93 0.33411821
 13.94 0.34193132
 13.950000000000001 0.34948894
 13.96 0.35678839
 13.97 0.36382698
 13.98 0.37059935
 13.99 0.37710194
 14. 0.38333028
 14.01 0.38927632
 14.02 0.39493917
 14.030000000000001 0.40030812
 14.040000000000001 0.40537869
 14.05 0.41014464
 14.06 0.41459702
 14.07 0.41873138
 14.08 0.42254056
 14.09 0.42601742
 14.1 0.42915661
 14.11 0.43195275
 14.120000000000001 0.43439959
 14.13 0.43649268
 14.14 0.43822753
 14.15 0.43960238
 14.16 0.44062078
 14.17 0.44128721
 14.18 0.44160702
 14.19 0.44158916
 14.200000000000001 0.44123718
 14.21 0.44055914
 14.22 0.43956218
 14.23 0.43825344
 14.24 0.43663918
 14.25 0.43472655
 14.26 0.43252359
 14.27 0.43003475
 14.280000000000001 0.42726809
 14.290000000000001 0.42422718
 14.3 0.42091827
 14.31 0.41734582
 14.32 0.41351519
 14.33 0.40943176
 14.34 0.40509551
 14.35 0.4005127
 14.36 0.39568511
 14.370000000000001 0.39061454
 14.38 0.38530544
 14.39 0.37975872
 14.4 0.37397795
 14.41 0.36796491
 14.42 0.36172228
 14.43 0.35525364
 14.44 0.34856255
 14.450000000000001 0.34165171
 14.46 0.33452647
 14.47 0.32719218
 14.48 0.31965064
 14.49 0.311909
 14.5 0.30397082
 14.51 0.29584325
 14.52 0.28752987
 14.530000000000001 0.27903782
 14.540000000000001 0.27037068
 14.55 0.2615347
 14.56 0.25253792
 14.57 0.24339016
 14.58 0.23410036
 14.59 0.22467925
 14.6 0.21513396
 14.61 0.20547343
 14.620000000000001 0.1957057
 14.63 0.18583791
 14.64 0.17587811
 14.65 0.16583166
 14.66 0.15570481
 14.67 0.14550649
 14.68 0.13524117
 14.69 0.12491689
 14.700000000000001 0.11453902
 14.71 0.10411647
 14.72 0.093654618
 14.73 0.083164179
 14.74 0.072652299
 14.75 0.062127913
 14.76 0.051600847
 14.77 0.041078248
 14.780000000000001 0.030565475
 14.790000000000001 0.02007325
 14.8 0.0096105037
 14.81 -0.00081561535
 14.82 -0.011192601
 14.83 -0.021512413
 14.84 -0.031763438
 14.85 -0.041936744
 14.86 -0.052020715
 14.870000000000001 -0.062005526
 14.88 -0.071881351
 14.89 -0.081640148
 14.9 -0.091273879
 14.91 -0.10077361
 14.92 -0.11013309
 14.93 -0.11934695
 14.94 -0.12840984
 14.950000000000001 -0.13731818
 14.96 -0.1460684
 14.97 -0.15465693
 14.98 -0.16308108
 14.99 -0.17133997
 15. -0.1795926
 15.01 -0.18751202
 15.02 -0.19526082
 15.030000000000001 -0.20283898
 15.040000000000001 -0.21024652
 15.05 -0.21748254
 15.06 -0.22454435
 15.07 -0.23142929
 15.08 -0.23813824
 15.09 -0.24466584
 15.1 -0.25100942
 15.11 -0.25716271
 15.120000000000001 -0.26312126
 15.13 -0.26887881
 15.14 -0.27442642
 15.15 -0.27975785
 15.16 -0.28486505
 15.17 -0.28974534
 15.18 -0.29439605
 15.19 -0.2988127
 15.200000000000001 -0.30299529
 15.21 -0.30693937
 15.22 -0.31064135
 15.23 -0.31409946
 15.24 -0.317311
 15.25 -0.32027419
 15.26 -0.32298457
 15.27 -0.32544482
 15.280000000000001 -0.32765314
 15.290000000000001 -0.32960776
 15.3 -0.33131046
 15.31 -0.33276391
 15.32 -0.33396724
 15.33 -0.33492489
 15.34 -0.33563867
 15.35 -0.33611035
 15.36 -0.3363453
 15.370000000000001 -0.33634619
 15.38 -0.3361175
 15.39 -0.3356619
 15.4 -0.33498475
 15.41 -0.33408873
 15.42 -0.33297832
 15.43 -0.33165529
 15.44 -0.33012411
 15.450000000000001 -0.32838478
 15.46 -0.32644089
 15.47 -0.32429241
 15.48 -0.32194294
 15.49 -0.31939157
 15.5 -0.31663921
 15.51 -0.31368584
 15.52 -0.31053147
 15.530000000000001 -0.30717789
 15.540000000000001 -0.30362331
 15.55 -0.29986773
 15.56 -0.29591204
 15.57 -0.29175803
 15.58 -0.28740838
 15.59 -0.28286844
 15.6 -0.27813913
 15.610000000000001 -0.27322667
 15.620000000000001 -0.26813466
 15.63 -0.26286666
 15.64 -0.25742714
 15.65 -0.25182146
 15.66 -0.24605319
 15.67 -0.2401277
 15.68 -0.23404944
 15.69 -0.2278229
 15.700000000000001 -0.22145252
 15.71 -0.21494368
 15.72 -0.20829994
 15.73 -0.20152578
 15.74 -0.19462476
 15.75 -0.18760404
 15.76 -0.18046361
 15.77 -0.17321151
 15.780000000000001 -0.16585489
 15.790000000000001 -0.15839911
 15.8 -0.15085221
 15.81 -0.14322045
 15.82 -0.13551275
 15.83 -0.12773448
 15.84 -0.11989635
 15.85 -0.11200373
 15.860000000000001 -0.10406644
 15.870000000000001 -0.096092531
 15.88 -0.088090924
 15.89 -0.080071451
 15.9 -0.072043044
 15.91 -0.064014638
 15.92 -0.055997845
 15.93 -0.048001598
 15.94 -0.040034832
 15.950000000000001 -0.032108266
 15.96 -0.024231726
 15.97 -0.016412361
 15.98 -0.008655528
 15.99 -0.00096569572
 16. 0.0066553498
 16.01 0.014202248
 16.02 0.021674107
 16.03 0.029068245
 16.04 0.036382876
 16.05 0.043618001
 16.06 0.050772725
 16.07 0.057846156
 16.080000000000002 0.064838293
 16.09 0.071751817
 16.1 0.078584941
 16.11 0.085339451
 16.12 0.092014454
 16.13 0.098613523
 16.14 0.10513309
 16.15 0.11157493
 16.16 0.11793816
 16.17 0.12422009
 16.18 0.13041716
 16.19 0.13652579
 16.2 0.14254062
 16.21 0.14845629
 16.22 0.15426475
 16.23 0.15996155
 16.240000000000002 0.16553597
 16.25 0.17098264
 16.26 0.17629173
 16.27 0.18145521
 16.28 0.18646325
 16.29 0.19130691
 16.3 0.19597995
 16.31 0.20047164
 16.32 0.20477663
 16.330000000000002 0.20888597
 16.34 0.21279342
 16.35 0.21649361
 16.36 0.21998209
 16.37 0.22325438
 16.38 0.22631137
 16.39 0.22915397
 16.4 0.23178395
 16.41 0.23420846
 16.42 0.2364284
 16.43 0.23844912
 16.44 0.24027599
 16.45 0.24191526
 16.46 0.24336961
 16.47 0.24464619
 16.48 0.24575035
 16.490000000000002 0.24668657
 16.5 0.24745841
 16.51 0.24807035
 16.52 0.24852595
 16.53 0.24882611
 16.54 0.24897261
 16.55 0.24896636
 16.56 0.24880824
 16.57 0.24849736
 16.580000000000002 0.24803283
 16.59 0.24741553
 16.6 0.24664726
 16.61 0.24572623
 16.62 0.24465244
 16.63 0.243425
 16.64 0.2420439
 16.65 0.24050826
 16.66 0.23881539
 16.67 0.23696797
 16.68 0.23496422
 16.69 0.23280503
 16.7 0.23049308
 16.71 0.22802658
 16.72 0.22541089
 16.73 0.22264691
 16.740000000000002 0.2197391
 16.75 0.21669015
 16.76 0.21350451
 16.77 0.21018845
 16.78 0.20674375
 16.79 0.20317398
 16.8 0.19948272
 16.81 0.19567086
 16.82 0.19174286
 16.830000000000002 0.18770052
 16.84 0.18354651
 16.85 0.1792844
 16.86 0.17491421
 16.87 0.17043859
 16.88 0.16585846
 16.89 0.1611756
 16.9 0.15638911
 16.91 0.15150167
 16.92 0.14651239
 16.93 0.14142038
 16.94 0.13622563
 16.95 0.13092904
 16.96 0.12552883
 16.97 0.12002588
 16.98 0.1144211
 16.990000000000002 0.1087234
 17. 0.1028256
 17.01 0.096964426
 17.02 0.091036251
 17.03 0.08505001
 17.04 0.079014635
 17.05 0.072939953
 17.06 0.066834005
 17.07 0.060708403
 17.080000000000002 0.054570295
 17.09 0.048431293
 17.1 0.042299438
 17.11 0.036183663
 17.12 0.030095581
 17.13 0.024041446
 17.14 0.018030191
 17.150000000000002 0.012071643
 17.16 0.0061738419
 17.17 0.00034393418
 17.18 -0.0054109334
 17.19 -0.011092547
 17.2 -0.016701801
 17.21 -0.022241375
 17.22 -0.027713948
 17.23 -0.033121308
 17.240000000000002 -0.038464348
 17.25 -0.043745748
 17.26 -0.048966401
 17.27 -0.054125414
 17.28 -0.059224573
 17.29 -0.064262985
 17.3 -0.069239758
 17.31 -0.074153103
 17.32 -0.079002128
 17.330000000000002 -0.083782367
 17.34 -0.088492032
 17.35 -0.093129337
 17.36 -0.097688921
 17.37 -0.10216811
 17.38 -0.10656421
 17.39 -0.11087009
 17.400000000000002 -0.11507859
 17.41 -0.11918347
 17.42 -0.12317757
 17.43 -0.12705554
 17.44 -0.13081291
 17.45 -0.13444789
 17.46 -0.13795691
 17.47 -0.14133819
 17.48 -0.14459172
 17.490000000000002 -0.14771928
 17.5 -0.15072089
 17.51 -0.15360011
 17.52 -0.15635963
 17.53 -0.1590039
 17.54 -0.16153561
 17.55 -0.16395923
 17.56 -0.16627922
 17.57 -0.16849648
 17.580000000000002 -0.17061726
 17.59 -0.17264335
 17.6 -0.1745801
 17.61 -0.1764302
 17.62 -0.17819721
 17.63 -0.17988115
 17.64 -0.18148022
 17.650000000000002 -0.18299174
 17.66 -0.18441394
 17.67 -0.18573965
 17.68 -0.18696262
 17.69 -0.18807572
 17.7 -0.18907089
 17.71 -0.18993743
 17.72 -0.1906655
 17.73 -0.19124706
 17.740000000000002 -0.19166961
 17.75 -0.1919251
 17.76 -0.1920055
 17.77 -0.19190098
 17.78 -0.19160707
 17.79 -0.19111753
 17.8 -0.19043234
 17.81 -0.18955061
 17.82 -0.18847504
 17.830000000000002 -0.18721097
 17.84 -0.18576109
 17.85 -0.18413432
 17.86 -0.18233872
 17.87 -0.18038321
 17.88 -0.17828029
 17.89 -0.17603981
 17.900000000000002 -0.17367426
 17.91 -0.17119614
 17.92 -0.16861708
 17.93 -0.1659478
 17.94 -0.16320079
 17.95 -0.16038321
 17.96 -0.15750667
 17.97 -0.15457653
 17.98 -0.15159815
 17.990000000000002 -0.1485751
 18. -0.14551185
 18.01 -0.1424093
 18.02 -0.13926922
 18.03 -0.13608716
 18.04 -0.13286133
 18.05 -0.12958815
 18.06 -0.12626315
 18.07 -0.1228792
 18.080000000000002 -0.11943181
 18.09 -0.11591297
 18.1 -0.11231818
 18.11 -0.108643
 18.12 -0.10488206
 18.13 -0.10103357
 18.14 -0.097095746
 18.150000000000002 -0.093067696
 18.16 -0.088952993
 18.17 -0.084754316
 18.18 -0.080476132
 18.19 -0.076127375
 18.2 -0.07171251
 18.21 -0.067241366
 18.22 -0.062722875
 18.23 -0.05816597
 18.240000000000002 -0.053582266
 18.25 -0.048984268
 18.26 -0.04438359
 18.27 -0.039790058
 18.28 -0.03521618
 18.29 -0.030671782
 18.3 -0.026166691
 18.31 -0.02170716
 18.32 -0.017301229
 18.330000000000002 -0.012952472
 18.34 -0.008663568
 18.35 -0.0044363043
 18.36 -0.00027068067
 18.37 0.0038368761
 18.38 0.0078899395
 18.39 0.011892976
 18.400000000000002 0.015850452
 18.41 0.019767729
 18.42 0.023650165
 18.43 0.027504015
 18.44 0.031332851
 18.45 0.03514382
 18.46 0.038941389
 18.47 0.042728239
 18.48 0.046507048
 18.490000000000002 0.050279604
 18.5 0.054045907
 18.51 0.057802383
 18.52 0.061548139
 18.53 0.065275134
 18.54 0.068978904
 18.55 0.072648726
 18.56 0.076277455
 18.57 0.079853477
 18.580000000000002 0.083365179
 18.59 0.086800948
 18.6 0.090150063
 18.61 0.093403591
 18.62 0.096552598
 18.63 0.099588152
 18.64 0.102504
 18.650000000000002 0.1052921
 18.66 0.10794888
 18.67 0.11047255
 18.68 0.11285687
 18.69 0.1151036
 18.7 0.11721456
 18.71 0.11919061
 18.72 0.12103714
 18.73 0.1227577
 18.740000000000002 0.12436035
 18.75 0.12585222
 18.76 0.12723867
 18.77 0.12853044
 18.78 0.12973376
 18.79 0.13085668
 18.8 0.13190457
 18.81 0.13288813
 18.82 0.13381005
 18.830000000000002 0.13467659
 18.84 0.13549131
 18.85 0.13625422
 18.86 0.13696799
 18.87 0.13762995
 18.88 0.13823742
 18.89 0.13878772
 18.900000000000002 0.13927369
 18.91 0.1396882
 18.92 0.14002588
 18.93 0.14027869
 18.94 0.14043771
 18.95 0.14049577
 18.96 0.14044396
 18.97 0.14027601
 18.98 0.13998389
 18.990000000000002 0.13956313
 19. 0.13899497
 19.01 0.13830263
 19.02 0.13747451
 19.03 0.1365106
 19.04 0.13541359
 19.05 0.13418614
 19.06 0.13283453
 19.07 0.13136499
 19.080000000000002 0.12978289
 19.09 0.12809717
 19.1 0.12631586
 19.11 0.12444789
 19.12 0.12250042
 19.13 0.12048327
 19.14 0.11840448
 19.150000000000002 0.1162703
 19.16 0.11408788
 19.17 0.11186348
 19.18 0.10959976
 19.19 0.10730121
 19.2 0.10496961
 19.21 0.10260584
 19.22 0.1002117
 19.23 0.097787188
 19.240000000000002 0.095330515
 19.25 0.092839896
 19.26 0.090313543
 19.27 0.087746097
 19.28 0.085136663
 19.29 0.082480777
 19.3 0.07977665
 19.31 0.077021603
 19.32 0.07421385
 19.330000000000002 0.071352496
 19.34 0.068439329
 19.35 0.065472562
 19.36 0.062458447
 19.37 0.059398773
 19.38 0.056297112
 19.39 0.053161505
 19.400000000000002 0.049996417
 19.41 0.046809889
 19.42 0.043604601
 19.43 0.040388593
 19.44 0.037167225
 19.45 0.033945857
 19.46 0.030731636
 19.47 0.027529921
 19.48 0.024344287
 19.490000000000002 0.021180092
 19.5 0.018039125
 19.51 0.014924957
 19.52 0.011837589
 19.53 0.0087761283
 19.54 0.0057405742
 19.55 0.0027273534
 19.56 -0.
 19.57 -0.
 19.580000000000002 -0.
 19.59 -0.
 19.6 -0.
 19.61 -0.
 19.62 -0.
 19.63 -0.
 19.64 -0.
 19.650000000000002 -0.
 19.66 -0.
 19.67 -0.
 19.68 -0.
 19.69 -0.
 19.7 -0.
 19.71 -0.
 19.72 -0.
 19.73 -0.
 19.740000000000002 -0.
 19.75 -0.
 19.76 -0.
 19.77 -0.
 19.78 -0.
 19.79 -0.
 19.8 -0.
 19.81 -0.
 19.82 -0.
 19.830000000000002 -0.
 19.84 -0.
 19.85 -0.
 19.86 -0.
 19.87 -0.
 19.88 -0.
 19.89 -0.
