 0. -499.49826303403825
 0.01 -499.2820844745112
 0.02 -498.7700640666593
 0.03 -497.9632562026293
 0.04 -496.8634501438052
 0.05 -495.47310296026615
 0.06 -493.795359701317
 0.07 -491.8340708519074
 0.08 -489.5937171447347
 0.09 -487.079431812318
 0.1 -484.2969603772078
 0.11 -481.18459809168735
 0.12 -477.8173351507157
 0.13 -474.20266981339125
 0.14 -470.34857957878796
 0.15 -466.26356057157676
 0.16 -461.95656530133033
 0.17 -457.4369389667621
 0.18 -452.7144544823403
 0.19 -447.7991964097082
 0.2 -442.70159398010924
 0.21 -437.3642733965511
 0.22 -431.86622960575073
 0.23 -426.21860772997616
 0.24 -420.4327043477745
 0.25 -414.5199388102664
 0.26 -408.49181477623466
 0.27 -402.3598821446834
 0.28 -396.13569955794367
 0.29 -389.8308076418177
 0.3 -383.45665314174755
 0.31 -376.956534105637
 0.32 -370.40975625483185
 0.33 -363.82741067495084
 0.34 -357.2203629478385
 0.35000000000000003 -350.5992638349822
 0.36 -343.97451161137684
 0.37 -337.3562161371308
 0.38 -330.75421474217507
 0.39 -324.17798998735475
 0.4 -317.6366893530379
 0.41000000000000003 -311.0710168942637
 0.42 -304.55744688944293
 0.43 -298.1040094978193
 0.44 -291.7182884293565
 0.45 -285.40749061952573
 0.46 -279.1783578906838
 0.47000000000000003 -273.0372405714287
 0.48 -266.99001303554326
 0.49 -261.04215111294775
 0.5 -255.19865131651733
 0.51 -249.3960318207212
 0.52 -243.70649512083688
 0.53 -238.1337622950116
 0.54 -232.68111878569718
 0.55 -227.35144161199355
 0.56 -222.14716792019664
 0.5700000000000001 -217.07036477636365
 0.58 -212.1227001019733
 0.59 -207.30547465175778
 0.6 -202.6195949315026
 0.61 -197.99756695302176
 0.62 -193.50771072359896
 0.63 -189.14994536790496
 0.64 -184.9238847817237
 0.65 -180.82885371870884
 0.66 -176.86390421380656
 0.67 -173.02783224987752
 0.68 -169.31919457738846
 0.6900000000000001 -165.73632560077294
 0.7000000000000001 -162.27735424914061
 0.71 -158.87213075339218
 0.72 -155.58652325643357
 0.73 -152.418134188025
 0.74 -149.36442634080862
 0.75 -146.42276858918592
 0.76 -143.59039119792078
 0.77 -140.86443067258605
 0.78 -138.24197410921138
 0.79 -135.72001300569127
 0.8 -133.2954865026415
 0.81 -130.89724402641735
 0.8200000000000001 -128.59022731189916
 0.8300000000000001 -126.37131178738403
 0.84 -124.23736730847415
 0.85 -122.18523823220045
 0.86 -120.21181282674975
 0.87 -118.31400201605605
 0.88 -116.48871946216457
 0.89 -114.73294399166697
 0.9 -113.04369037563444
 0.91 -111.34994047533478
 0.92 -109.71689976861205
 0.93 -108.14175227412855
 0.9400000000000001 -106.62174789272585
 0.9500000000000001 -105.1542051869543
 0.96 -103.73651862135848
 0.97 -102.36615528739414
 0.98 -101.04066113790113
 0.99 -99.75766175687541
 1. -98.51486269088389
 1.01 -96.84198536885884
 1.02 -95.20496763720878
 1.03 -93.60176393720151
 1.04 -92.03040915142661
 1.05 -90.48902314584362
 1.06 -88.97580403348118
 1.07 -87.48903118528668
 1.08 -86.02706201294839
 1.09 -84.58833454773668
 1.1 -83.17135983855071
 1.11 -82.07258619142546
 1.12 -80.99281127176172
 1.1300000000000001 -79.93076208950305
 1.1400000000000001 -78.88523788640724
 1.1500000000000001 -77.85509994345777
 1.16 -76.83927732534252
 1.17 -75.83675657780056
 1.18 -74.84658739251381
 1.19 -73.8678722531043
 1.2 -72.89977207469676
 1.21 -71.97093984842901
 1.22 -71.05119430124005
 1.23 -70.13984158024766
 1.24 -69.2362359700433
 1.25 -68.33977465028927
 1.26 -67.4498925001014
 1.27 -66.56606695484403
 1.28 -65.68780792015427
 1.29 -64.81466274724842
 1.3 -63.946211272850626
 1.31 -62.82760792641564
 1.32 -61.71294490670141
 1.33 -60.60188642917596
 1.34 -59.4941250452206
 1.35 -58.38937403361457
 1.36 -57.2873688643535
 1.37 -56.18786873446518
 1.3800000000000001 -55.0906481751383
 1.3900000000000001 -53.995503729171666
 1.4000000000000001 -52.902245697480865
 1.41 -52.295902953164486
 1.42 -51.69111682143078
 1.43 -51.08773902351551
 1.44 -50.485637682581014
 1.45 -49.8846923894731
 1.46 -49.28479032612363
 1.47 -48.68583244432071
 1.48 -48.08772469752416
 1.49 -47.49038532337739
 1.5 -46.89373617455822
 1.51 -46.13101509561761
 1.52 -45.36885234347469
 1.53 -44.60719304926836
 1.54 -43.845983719307696
 1.55 -43.08517977291393
 1.56 -42.32473711500514
 1.57 -41.56461974133943
 1.58 -40.80479137440172
 1.59 -40.04522312799313
 1.6 -39.28588519865843
 1.61 -38.63051558216596
 1.62 -37.97532881333487
 1.6300000000000001 -37.32030672758507
 1.6400000000000001 -36.66543024266676
 1.6500000000000001 -36.010683159106456
 1.6600000000000001 -35.356049977986444
 1.67 -34.70151973475214
 1.68 -34.04707984781887
 1.69 -33.39271898082328
 1.7 -32.73842991743717
 1.71 -32.119120447730516
 1.72 -31.499867265137837
 1.73 -30.880661873145943
 1.74 -30.261499500882096
 1.75 -29.642376026840473
 1.76 -29.023284910039887
 1.77 -28.404223127958282
 1.78 -27.785188120639248
 1.79 -27.166174740412448
 1.8 -26.547181206713862
 1.81 -25.907776065533017
 1.82 -25.26838615305287
 1.83 -24.629009563084292
 1.84 -23.98964461793042
 1.85 -23.35028984234764
 1.86 -22.710943940298893
 1.87 -22.071604774221885
 1.8800000000000001 -21.43227334655962
 1.8900000000000001 -20.792947783323783
 1.9000000000000001 -20.153627319482446
 1.9100000000000001 -19.551358285983248
 1.92 -18.949093098240862
 1.93 -18.34683124593421
 1.94 -17.74457228397363
 1.95 -17.142315824512075
 1.96 -16.54006152988697
 1.97 -15.93781010639051
 1.98 -15.335559298776905
 1.99 -14.733309885424182
 2. -14.131061674076884
 2.0100000000000002 -13.605875498103696
 2.02 -13.08068921321097
 2.0300000000000002 -12.555504694559529
 2.04 -12.030320834237777
 2.05 -11.505137539049255
 2.06 -10.979954728577459
 2.07 -10.454772333494835
 2.08 -9.929590594086589
 2.09 -9.404408858963283
 2.1 -8.879227383939197
 2.11 -8.33412313105603
 2.12 -7.789018967733975
 2.13 -7.243914966034226
 2.14 -6.698811202018945
 2.15 -6.153707455196322
 2.16 -5.608603808039893
 2.17 -5.063500345572576
 2.18 -4.518396855007049
 2.19 -3.973293425435147
 2.2 -3.428190147559852
 2.21 -3.004256113464241
 2.22 -2.5803226164125075
 2.23 -2.1563890506787473
 2.24 -1.7324556113997849
 2.25 -1.3085220944487805
 2.2600000000000002 -0.8845886963267883
 2.27 -0.46065527406979934
 2.2800000000000002 -0.03672186416913975
 2.29 0.38721153249663715
 2.3000000000000003 0.8111449207199659
 2.31 1.1511919010139828
 2.32 1.491238634654941
 2.33 1.8312853627183634
 2.34 2.171332086109831
 2.35 2.5113788055911748
 2.36 2.851425521802744
 2.37 3.1914722352823115
 2.38 3.5315189464811163
 2.39 3.871565555777462
 2.4 4.211612263488234
 2.41 4.439574269878641
 2.42 4.667535875170448
 2.43 4.895497479548943
 2.44 5.123459083168796
 2.45 5.3514205861590085
 2.46 5.579382188627086
 2.47 5.807343790662538
 2.48 6.035305392339827
 2.49 6.26326699372085
 2.5 6.49122859485701
 2.5100000000000002 6.637130495790959
 2.52 6.783031996558063
 2.5300000000000002 6.92893359718761
 2.54 7.074835197703848
 2.5500000000000003 7.220736798126826
 2.56 7.366638298473108
 2.57 7.51253989875637
 2.58 7.6584414989878935
 2.59 7.804343099176972
 2.6 7.950244599331264
 2.61 7.990021899457065
 2.62 8.029798799559552
 2.63 8.06957569964298
 2.64 8.109352599710837
 2.65 8.149129399765984
 2.66 8.188906299810764
 2.67 8.228683199847099
 2.68 8.268460099876556
 2.69 8.308236999900418
 2.7 8.34801379991973
 2.71 8.30856819993535
 2.72 8.269122199947972
 2.73 8.229676199958163
 2.74 8.190230199966384
 2.75 8.150784199973012
 2.7600000000000002 8.11133819997835
 2.77 8.071892199982647
 2.7800000000000002 8.032446199986103
 2.79 7.993000199988877
 2.8000000000000003 7.953554199991106
 2.81 7.825790499992894
 2.82 7.698026399994326
 2.83 7.570262299995474
 2.84 7.442498199996392
 2.85 7.314734099997127
 2.86 7.186969899997714
 2.87 7.059205799998182
 2.88 6.9314416999985555
 2.89 6.803677599998854
 2.9 6.675913499999091
 2.91 6.489451599999279
 2.92 6.302989499999429
 2.93 6.116527399999548
 2.94 5.9300651999996425
 2.95 5.743603099999717
 2.96 5.557140999999777
 2.97 5.3706787999998244
 2.98 5.184216699999862
 2.99 4.997754599999891
 3. 4.811292399999914
 3.0100000000000002 4.569076499999933
 3.02 4.326860299999947
 3.0300000000000002 4.084643999999958
 3.04 3.842427799999967
 3.0500000000000003 3.6002115999999744
 3.06 3.35799539999998
 3.0700000000000003 3.1157790999999846
 3.08 2.8735628999999876
 3.09 2.63134669999999
 3.1 2.3891304999999923
 3.11 2.1206889999999943
 3.12 1.8522472999999955
 3.13 1.5838056999999965
 3.14 1.3153640999999974
 3.15 1.0469223999999977
 3.16 0.7784807999999983
 3.17 0.5100391599999987
 3.18 0.241597529999999
 3.19 -0.026844106000000777
 3.2 -0.29528574000000063
 3.21 -0.5821464100000004
 3.22 -0.8690071600000003
 3.23 -1.1558679000000003
 3.24 -1.4427287000000002
 3.25 -1.7295894000000003
 3.2600000000000002 -2.0164502
 3.27 -2.3033109
 3.2800000000000002 -2.5901717
 3.29 -2.8770325
 3.3000000000000003 -3.1638932
 3.31 -3.4020778
 3.3200000000000003 -3.6402622
 3.33 -3.8784466
 3.34 -4.116631
 3.35 -4.3548154
 3.36 -4.5929998
 3.37 -4.8311842
 3.38 -5.0693686
 3.39 -5.307553
 3.4 -5.5457374
 3.41 -5.7275463
 3.42 -5.9093549
 3.43 -6.0911635
 3.44 -6.2729721
 3.45 -6.4547808
 3.46 -6.6365894
 3.47 -6.818398
 3.48 -7.0002066
 3.49 -7.1820153
 3.5 -7.3638239
 3.5100000000000002 -7.4881175
 3.52 -7.6124107
 3.5300000000000002 -7.736704
 3.54 -7.8609973
 3.5500000000000003 -7.9852906
 3.56 -8.1095839
 3.5700000000000003 -8.2338771
 3.58 -8.3581704
 3.59 -8.4824637
 3.6 -8.606757
 3.61 -8.6488918
 3.62 -8.6910261
 3.63 -8.7331605
 3.64 -8.7752949
 3.65 -8.8174292
 3.66 -8.8595636
 3.67 -8.901698
 3.68 -8.9438323
 3.69 -8.9859667
 3.7 -9.028101
 3.71 -9.0033804
 3.72 -8.9786594
 3.73 -8.9539383
 3.74 -8.9292173
 3.75 -8.9044963
 3.7600000000000002 -8.8797753
 3.77 -8.8550543
 3.7800000000000002 -8.8303333
 3.79 -8.8056122
 3.8000000000000003 -8.7808912
 3.81 -8.7029388
 3.8200000000000003 -8.6249861
 3.83 -8.5470333
 3.84 -8.4690806
 3.85 -8.3911279
 3.86 -8.3131751
 3.87 -8.2352224
 3.88 -8.1572697
 3.89 -8.0793169
 3.9 -8.0013642
 3.91 -7.8866117
 3.92 -7.771859
 3.93 -7.6571063
 3.94 -7.5423536
 3.95 -7.427601
 3.96 -7.3128483
 3.97 -7.1980956
 3.98 -7.0833429
 3.99 -6.9685902
 4. -6.8538375
 4.01 -6.7156517
 4.0200000000000005 -6.5774657
 4.03 -6.4392798
 4.04 -6.3010938
 4.05 -6.1629078
 4.0600000000000005 -6.0247219
 4.07 -5.8865359
 4.08 -5.7483499
 4.09 -5.610164
 4.1 -5.471978
 4.11 -5.3301952
 4.12 -5.1884123
 4.13 -5.0466295
 4.14 -4.9048466
 4.15 -4.7630638
 4.16 -4.6212809
 4.17 -4.4794981
 4.18 -4.3377152
 4.19 -4.1959323
 4.2 -4.0541495
 4.21 -3.8888632
 4.22 -3.7235768
 4.23 -3.5582904
 4.24 -3.393004
 4.25 -3.2277176
 4.26 -3.0624312
 4.2700000000000005 -2.8971448
 4.28 -2.7318584
 4.29 -2.566572
 4.3 -2.4012856
 4.3100000000000005 -2.2406802
 4.32 -2.0800747
 4.33 -1.9194693
 4.34 -1.7588639
 4.3500000000000005 -1.5982584
 4.36 -1.437653
 4.37 -1.2770476
 4.38 -1.1164422
 4.39 -0.95583672
 4.4 -0.79523129
 4.41 -0.66490872
 4.42 -0.53458634
 4.43 -0.40426396
 4.44 -0.27394158
 4.45 -0.1436192
 4.46 -0.01329682
 4.47 0.11702556
 4.48 0.24734794
 4.49 0.37767032
 4.5 0.5079927
 4.51 0.6291706
 4.5200000000000005 0.75034844
 4.53 0.87152628
 4.54 0.99270412
 4.55 1.113882
 4.5600000000000005 1.2350598
 4.57 1.3562376
 4.58 1.4774155
 4.59 1.5985933
 4.6000000000000005 1.7197712
 4.61 1.8300578
 4.62 1.9403443
 4.63 2.0506309
 4.64 2.1609174
 4.65 2.271204
 4.66 2.3814905
 4.67 2.4917771
 4.68 2.6020636
 4.69 2.7123502
 4.7 2.8226367
 4.71 2.9013672
 4.72 2.9800975
 4.73 3.0588278
 4.74 3.137558
 4.75 3.2162883
 4.76 3.2950186
 4.7700000000000005 3.3737488
 4.78 3.4524791
 4.79 3.5312094
 4.8 3.6099396
 4.8100000000000005 3.655828
 4.82 3.7017161
 4.83 3.7476042
 4.84 3.7934923
 4.8500000000000005 3.8393804
 4.86 3.8852684
 4.87 3.9311565
 4.88 3.9770446
 4.89 4.0229327
 4.9 4.0688208
 4.91 4.0903777
 4.92 4.1119345
 4.93 4.1334912
 4.94 4.155048
 4.95 4.1766047
 4.96 4.1981615
 4.97 4.2197182
 4.98 4.2412749
 4.99 4.2628317
 5. 4.2843884
 5.01 4.2674915
 5.0200000000000005 4.2505944
 5.03 4.2336972
 5.04 4.2168
 5.05 4.1999028
 5.0600000000000005 4.1830057
 5.07 4.1661085
 5.08 4.1492113
 5.09 4.1323142
 5.1000000000000005 4.115417
 5.11 4.0668062
 5.12 4.0181951
 5.13 3.9695841
 5.14 3.920973
 5.15 3.872362
 5.16 3.823751
 5.17 3.7751399
 5.18 3.7265289
 5.19 3.6779178
 5.2 3.6293068
 5.21 3.5515209
 5.22 3.4737348
 5.23 3.3959486
 5.24 3.3181625
 5.25 3.2403764
 5.26 3.1625902
 5.2700000000000005 3.0848041
 5.28 3.007018
 5.29 2.9292318
 5.3 2.8514457
 5.3100000000000005 2.7467481
 5.32 2.6420503
 5.33 2.5373525
 5.34 2.4326546
 5.3500000000000005 2.3279568
 5.36 2.223259
 5.37 2.1185612
 5.38 2.0138634
 5.39 1.9091656
 5.4 1.8044678
 5.41 1.6834261
 5.42 1.5623842
 5.43 1.4413424
 5.44 1.3203006
 5.45 1.1992588
 5.46 1.0782169
 5.47 0.95717513
 5.48 0.8361333
 5.49 0.71509148
 5.5 0.59404965
 5.51 0.46852576
 5.5200000000000005 0.34300184
 5.53 0.21747791
 5.54 0.09195398
 5.55 -0.033569947
 5.5600000000000005 -0.15909387
 5.57 -0.2846178
 5.58 -0.41014173
 5.59 -0.53566566
 5.6000000000000005 -0.66118958
 5.61 -0.77103279
 5.62 -0.88087586
 5.63 -0.99071894
 5.64 -1.100562
 5.65 -1.2104051
 5.66 -1.3202482
 5.67 -1.4300912
 5.68 -1.5399343
 5.69 -1.6497774
 5.7 -1.7596204
 5.71 -1.8648911
 5.72 -1.9701617
 5.73 -2.0754323
 5.74 -2.180703
 5.75 -2.2859736
 5.76 -2.3912442
 5.7700000000000005 -2.4965148
 5.78 -2.6017854
 5.79 -2.707056
 5.8 -2.8123267
 5.8100000000000005 -2.882346
 5.82 -2.952365
 5.83 -3.022384
 5.84 -3.092403
 5.8500000000000005 -3.162422
 5.86 -3.232441
 5.87 -3.30246
 5.88 -3.372479
 5.89 -3.442498
 5.9 -3.512517
 5.91 -3.5482371
 5.92 -3.5839569
 5.93 -3.6196768
 5.94 -3.6553966
 5.95 -3.6911165
 5.96 -3.7268363
 5.97 -3.7625562
 5.98 -3.798276
 5.99 -3.8339958
 6. -3.8697157
 6.01 -3.8750034
 6.0200000000000005 -3.8802908
 6.03 -3.8855783
 6.04 -3.8908657
 6.05 -3.8961532
 6.0600000000000005 -3.9014406
 6.07 -3.9067281
 6.08 -3.9120155
 6.09 -3.917303
 6.1000000000000005 -3.9225904
 6.11 -3.8971887
 6.12 -3.8717867
 6.13 -3.8463846
 6.140000000000001 -3.8209826
 6.15 -3.7955806
 6.16 -3.7701786
 6.17 -3.7447766
 6.18 -3.7193745
 6.19 -3.6939725
 6.2 -3.6685705
 6.21 -3.6190064
 6.22 -3.5694421
 6.23 -3.5198779
 6.24 -3.4703136
 6.25 -3.4207493
 6.26 -3.371185
 6.2700000000000005 -3.3216207
 6.28 -3.2720564
 6.29 -3.2224921
 6.3 -3.1729278
 6.3100000000000005 -3.1106675
 6.32 -3.048407
 6.33 -2.9861466
 6.34 -2.9238861
 6.3500000000000005 -2.8616256
 6.36 -2.7993652
 6.37 -2.7371047
 6.38 -2.6748442
 6.390000000000001 -2.6125837
 6.4 -2.5503233
 6.41 -2.4777812
 6.42 -2.4052389
 6.43 -2.3326967
 6.44 -2.2601545
 6.45 -2.1876123
 6.46 -2.1150701
 6.47 -2.0425279
 6.48 -1.9699857
 6.49 -1.8974434
 6.5 -1.8249012
 6.51 -1.7449313
 6.5200000000000005 -1.6649612
 6.53 -1.5849912
 6.54 -1.5050212
 6.55 -1.4250511
 6.5600000000000005 -1.3450811
 6.57 -1.2651111
 6.58 -1.185141
 6.59 -1.105171
 6.6000000000000005 -1.025201
 6.61 -0.94738933
 6.62 -0.8695777
 6.63 -0.79176607
 6.640000000000001 -0.71395444
 6.65 -0.6361428
 6.66 -0.55833117
 6.67 -0.48051954
 6.68 -0.40270791
 6.69 -0.32489627
 6.7 -0.24708464
 6.71 -0.17698833
 6.72 -0.1068921
 6.73 -0.036795863
 6.74 0.033300371
 6.75 0.10339661
 6.76 0.17349284
 6.7700000000000005 0.24358907
 6.78 0.31368531
 6.79 0.38378154
 6.8 0.45387778
 6.8100000000000005 0.51586167
 6.82 0.57784549
 6.83 0.6398293
 6.84 0.70181312
 6.8500000000000005 0.76379693
 6.86 0.82578075
 6.87 0.88776456
 6.88 0.94974838
 6.890000000000001 1.0117322
 6.9 1.073716
 6.91 1.127152
 6.92 1.1805878
 6.93 1.2340237
 6.94 1.2874596
 6.95 1.3408954
 6.96 1.3943313
 6.97 1.4477671
 6.98 1.501203
 6.99 1.5546389
 7. 1.6080747
 7.01 1.6428781
 7.0200000000000005 1.6776813
 7.03 1.7124844
 7.04 1.7472876
 7.05 1.7820908
 7.0600000000000005 1.816894
 7.07 1.8516971
 7.08 1.8865003
 7.09 1.9213035
 7.1000000000000005 1.9561066
 7.11 1.9768847
 7.12 1.9976626
 7.13 2.0184406
 7.140000000000001 2.0392185
 7.15 2.0599965
 7.16 2.0807744
 7.17 2.1015523
 7.18 2.1223303
 7.19 2.1431082
 7.2 2.1638862
 7.21 2.1698597
 7.22 2.1758331
 7.23 2.1818065
 7.24 2.1877798
 7.25 2.1937532
 7.26 2.1997266
 7.2700000000000005 2.2057
 7.28 2.2116734
 7.29 2.2176467
 7.3 2.2236201
 7.3100000000000005 2.21375
 7.32 2.2038798
 7.33 2.1940095
 7.34 2.1841392
 7.3500000000000005 2.1742689
 7.36 2.1643987
 7.37 2.1545284
 7.38 2.1446581
 7.390000000000001 2.1347879
 7.4 2.1249176
 7.41 2.0996783
 7.42 2.0744389
 7.43 2.0491995
 7.44 2.02396
 7.45 1.9987206
 7.46 1.9734812
 7.47 1.9482418
 7.48 1.9230023
 7.49 1.8977629
 7.5 1.8725235
 7.51 1.8330133
 7.5200000000000005 1.7935029
 7.53 1.7539925
 7.54 1.7144821
 7.55 1.6749718
 7.5600000000000005 1.6354614
 7.57 1.595951
 7.58 1.5564407
 7.59 1.5169303
 7.6000000000000005 1.4774199
 7.61 1.4300396
 7.62 1.3826592
 7.63 1.3352788
 7.640000000000001 1.2878985
 7.65 1.2405181
 7.66 1.1931377
 7.67 1.1457573
 7.68 1.0983769
 7.69 1.0509965
 7.7 1.0036161
 7.71 0.94690766
 7.72 0.89019913
 7.73 0.83349059
 7.74 0.77678205
 7.75 0.72007351
 7.76 0.66336497
 7.7700000000000005 0.60665643
 7.78 0.54994789
 7.79 0.49323935
 7.8 0.43653081
 7.8100000000000005 0.3747931
 7.82 0.31305533
 7.83 0.25131757
 7.84 0.1895798
 7.8500000000000005 0.12784203
 7.86 0.066104261
 7.87 0.0043664921
 7.88 -0.057371276
 7.890000000000001 -0.11910904
 7.9 -0.18084681
 7.91 -0.23688389
 7.92 -0.2929209
 7.930000000000001 -0.34895791
 7.94 -0.40499492
 7.95 -0.46103193
 7.96 -0.51706893
 7.97 -0.57310594
 7.98 -0.62914295
 7.99 -0.68517996
 8. -0.74121697
 8.01 -0.79044471
 8.02 -0.83967236
 8.03 -0.88890001
 8.040000000000001 -0.93812767
 8.05 -0.98735532
 8.06 -1.036583
 8.07 -1.0858106
 8.08 -1.1350383
 8.09 -1.1842659
 8.1 -1.2334936
 8.11 -1.2714181
 8.120000000000001 -1.3093424
 8.13 -1.3472667
 8.14 -1.385191
 8.15 -1.4231154
 8.16 -1.4610397
 8.17 -1.498964
 8.18 -1.5368884
 8.19 -1.5748127
 8.2 -1.612737
 8.21 -1.64007
 8.22 -1.6674029
 8.23 -1.6947358
 8.24 -1.7220687
 8.25 -1.7494016
 8.26 -1.7767345
 8.27 -1.8040674
 8.28 -1.8314002
 8.290000000000001 -1.8587331
 8.3 -1.886066
 8.31 -1.8917668
 8.32 -1.8974672
 8.33 -1.9031677
 8.34 -1.9088682
 8.35 -1.9145687
 8.36 -1.9202692
 8.370000000000001 -1.9259696
 8.38 -1.9316701
 8.39 -1.9373706
 8.4 -1.9430711
 8.41 -1.9360322
 8.42 -1.9289931
 8.43 -1.921954
 8.44 -1.914915
 8.45 -1.9078759
 8.46 -1.9008368
 8.47 -1.8937978
 8.48 -1.8867587
 8.49 -1.8797196
 8.5 -1.8726806
 8.51 -1.8551282
 8.52 -1.8375756
 8.53 -1.8200231
 8.540000000000001 -1.8024705
 8.55 -1.784918
 8.56 -1.7673654
 8.57 -1.7498129
 8.58 -1.7322603
 8.59 -1.7147078
 8.6 -1.6971552
 8.61 -1.6655163
 8.620000000000001 -1.6338773
 8.63 -1.6022382
 8.64 -1.5705991
 8.65 -1.5389601
 8.66 -1.507321
 8.67 -1.4756819
 8.68 -1.4440429
 8.69 -1.4124038
 8.700000000000001 -1.3807648
 8.71 -1.3403894
 8.72 -1.3000139
 8.73 -1.2596384
 8.74 -1.2192629
 8.75 -1.1788874
 8.76 -1.1385119
 8.77 -1.0981364
 8.78 -1.0577609
 8.790000000000001 -1.0173854
 8.8 -0.97700985
 8.81 -0.93699043
 8.82 -0.89697102
 8.83 -0.85695161
 8.84 -0.8169322
 8.85 -0.77691279
 8.86 -0.73689338
 8.870000000000001 -0.69687397
 8.88 -0.65685455
 8.89 -0.61683514
 8.9 -0.57681573
 8.91 -0.53358953
 8.92 -0.49036328
 8.93 -0.44713703
 8.94 -0.40391079
 8.950000000000001 -0.36068454
 8.96 -0.3174583
 8.97 -0.27423205
 8.98 -0.2310058
 8.99 -0.18777956
 9. -0.14455331
 9.01 -0.10443088
 9.02 -0.064308498
 9.03 -0.024186113
 9.040000000000001 0.015936272
 9.05 0.056058657
 9.06 0.096181042
 9.07 0.13630343
 9.08 0.17642581
 9.09 0.2165482
 9.1 0.25667058
 9.11 0.29365188
 9.120000000000001 0.33063313
 9.13 0.36761438
 9.14 0.40459563
 9.15 0.44157689
 9.16 0.47855814
 9.17 0.51553939
 9.18 0.55252064
 9.19 0.58950189
 9.200000000000001 0.62648315
 9.21 0.65242035
 9.22 0.67835739
 9.23 0.70429444
 9.24 0.73023149
 9.25 0.75616854
 9.26 0.78210559
 9.27 0.80804264
 9.28 0.83397968
 9.290000000000001 0.85991673
 9.3 0.88585378
 9.31 0.90731947
 9.32 0.92878511
 9.33 0.95025074
 9.34 0.97171637
 9.35 0.993182
 9.36 1.0146476
 9.370000000000001 1.0361133
 9.38 1.0575789
 9.39 1.0790445
 9.4 1.1005102
 9.41 1.1154264
 9.42 1.1303426
 9.43 1.1452587
 9.44 1.1601749
 9.450000000000001 1.175091
 9.46 1.1900072
 9.47 1.2049234
 9.48 1.2198395
 9.49 1.2347557
 9.5 1.2496718
 9.51 1.2511619
 9.52 1.2526517
 9.53 1.2541416
 9.540000000000001 1.2556314
 9.55 1.2571212
 9.56 1.2586111
 9.57 1.2601009
 9.58 1.2615908
 9.59 1.2630806
 9.6 1.2645705
 9.61 1.2585164
 9.620000000000001 1.2524621
 9.63 1.2464079
 9.64 1.2403537
 9.65 1.2342995
 9.66 1.2282453
 9.67 1.222191
 9.68 1.2161368
 9.69 1.2100826
 9.700000000000001 1.2040284
 9.71 1.1893007
 9.72 1.1745729
 9.73 1.1598452
 9.74 1.1451174
 9.75 1.1303896
 9.76 1.1156618
 9.77 1.100934
 9.78 1.0862063
 9.790000000000001 1.0714785
 9.8 1.0567507
 9.81 1.0364458
 9.82 1.0161408
 9.83 0.99583586
 9.84 0.97553089
 9.85 0.95522592
 9.86 0.93492095
 9.870000000000001 0.91461598
 9.88 0.89431101
 9.89 0.87400604
 9.9 0.85370107
 9.91 0.82744191
 9.92 0.80118267
 9.93 0.77492342
 9.94 0.74866417
 9.950000000000001 0.72240493
 9.96 0.69614568
 9.97 0.66988644
 9.98 0.64362719
 9.99 0.61736794
 10. 0.5911087
 10.01 0.55895763
 10.02 0.52680647
 10.03 0.49465531
 10.040000000000001 0.46250415
 10.05 0.43035299
 10.06 0.39820183
 10.07 0.36605068
 10.08 0.33389952
 10.09 0.30174836
 10.1 0.2695972
 10.11 0.2390969
 10.120000000000001 0.20859663
 10.13 0.17809635
 10.14 0.14759608
 10.15 0.11709581
 10.16 0.086595533
 10.17 0.056095259
 10.18 0.025594986
 10.19 -0.0049052879
 10.200000000000001 -0.035405562
 10.21 -0.066969005
 10.22 -0.098532464
 10.23 -0.13009592
 10.24 -0.16165938
 10.25 -0.19322284
 10.26 -0.2247863
 10.27 -0.25634976
 10.28 -0.28791322
 10.290000000000001 -0.31947668
 10.3 -0.35104014
 10.31 -0.37620652
 10.32 -0.4013728
 10.33 -0.42653908
 10.34 -0.45170537
 10.35 -0.47687165
 10.36 -0.50203793
 10.370000000000001 -0.52720421
 10.38 -0.55237049
 10.39 -0.57753678
 10.4 -0.60270306
 10.41 -0.62598216
 10.42 -0.64926123
 10.43 -0.6725403
 10.44 -0.69581938
 10.450000000000001 -0.71909845
 10.46 -0.74237752
 10.47 -0.76565659
 10.48 -0.78893567
 10.49 -0.81221474
 10.5 -0.83549381
 10.51 -0.84814535
 10.52 -0.86079672
 10.53 -0.8734481
 10.540000000000001 -0.88609947
 10.55 -0.89875084
 10.56 -0.91140222
 10.57 -0.92405359
 10.58 -0.93670497
 10.59 -0.94935634
 10.6 -0.96200771
 10.61 -0.96974141
 10.620000000000001 -0.97747503
 10.63 -0.98520865
 10.64 -0.99294227
 10.65 -1.0006759
 10.66 -1.0084095
 10.67 -1.0161431
 10.68 -1.0238768
 10.69 -1.0316104
 10.700000000000001 -1.039344
 10.71 -1.0348999
 10.72 -1.0304557
 10.73 -1.0260114
 10.74 -1.0215671
 10.75 -1.0171229
 10.76 -1.0126786
 10.77 -1.0082344
 10.78 -1.0037901
 10.790000000000001 -0.99934584
 10.8 -0.99490158
 10.81 -0.989152
 10.82 -0.98340241
 10.83 -0.97765282
 10.84 -0.97190322
 10.85 -0.96615363
 10.86 -0.96040404
 10.870000000000001 -0.95465444
 10.88 -0.94890485
 10.89 -0.94315526
 10.9 -0.93740566
 10.91 -0.92024954
 10.92 -0.90309323
 10.93 -0.88593692
 10.94 -0.86878062
 10.950000000000001 -0.85162431
 10.96 -0.834468
 10.97 -0.81731169
 10.98 -0.80015538
 10.99 -0.78299908
 11. -0.76584277
 11.01 -0.74698599
 11.02 -0.72812918
 11.03 -0.70927238
 11.040000000000001 -0.69041557
 11.05 -0.67155876
 11.06 -0.65270196
 11.07 -0.63384515
 11.08 -0.61498835
 11.09 -0.59613154
 11.1 -0.57727473
 11.11 -0.55561859
 11.120000000000001 -0.53396239
 11.13 -0.5123062
 11.14 -0.49065001
 11.15 -0.46899382
 11.16 -0.44733762
 11.17 -0.42568143
 11.18 -0.40402524
 11.19 -0.38236904
 11.200000000000001 -0.36071285
 11.21 -0.33611231
 11.22 -0.31151173
 11.23 -0.28691114
 11.24 -0.26231055
 11.25 -0.23770996
 11.26 -0.21310937
 11.27 -0.18850879
 11.28 -0.1639082
 11.290000000000001 -0.13930761
 11.3 -0.11470702
 11.31 -0.092871689
 11.32 -0.071036402
 11.33 -0.049201115
 11.34 -0.027365828
 11.35 -0.0055305408
 11.36 0.016304746
 11.370000000000001 0.038140034
 11.38 0.059975321
 11.39 0.081810608
 11.4 0.10364589
 11.41 0.12408594
 11.42 0.14452595
 11.43 0.16496597
 11.44 0.18540598
 11.450000000000001 0.205846
 11.46 0.22628602
 11.47 0.24672603
 11.48 0.26716605
 11.49 0.28760607
 11.5 0.30804608
 11.51 0.32534176
 11.52 0.34263739
 11.53 0.35993302
 11.540000000000001 0.37722864
 11.55 0.39452427
 11.56 0.4118199
 11.57 0.42911552
 11.58 0.44641115
 11.59 0.46370678
 11.6 0.4810024
 11.61 0.49525435
 11.620000000000001 0.50950625
 11.63 0.52375815
 11.64 0.53801005
 11.65 0.55226195
 11.66 0.56651384
 11.67 0.58076574
 11.68 0.59501764
 11.69 0.60926954
 11.700000000000001 0.62352144
 11.71 0.62882309
 11.72 0.6341246
 11.73 0.6394261
 11.74 0.64472761
 11.75 0.65002911
 11.76 0.65533061
 11.77 0.66063212
 11.78 0.66593362
 11.790000000000001 0.67123512
 11.8 0.67653663
 11.81 0.68111001
 11.82 0.68568339
 11.83 0.69025676
 11.84 0.69483014
 11.85 0.69940351
 11.86 0.70397688
 11.870000000000001 0.70855026
 11.88 0.71312363
 11.89 0.71769701
 11.9 0.72227038
 11.91 0.72175918
 11.92 0.72075457
 11.93 0.71925527
 11.94 0.71724784
 11.950000000000001 0.71474394
 11.96 0.71172294
 11.97 0.7081956
 11.98 0.70415565
 11.99 0.69960398
 12. 0.6945415
 12.01 0.68897626
 12.02 0.682902
 12.030000000000001 0.67633484
 12.040000000000001 0.66928106
 12.05 0.66175141
 12.06 0.65375665
 12.07 0.64530126
 12.08 0.63640136
 12.09 0.62707309
 12.1 0.6173299
 12.11 0.60718252
 12.120000000000001 0.59664621
 12.13 0.58573441
 12.14 0.57446144
 12.15 0.56284435
 12.16 0.55089567
 12.17 0.53862795
 12.18 0.52605285
 12.19 0.51318111
 12.200000000000001 0.50001812
 12.21 0.48657373
 12.22 0.47285242
 12.23 0.45885957
 12.24 0.44459607
 12.25 0.4300682
 12.26 0.41527866
 12.27 0.40022832
 12.280000000000001 0.38492078
 12.290000000000001 0.36936053
 12.3 0.35355024
 12.31 0.33749708
 12.32 0.32120555
 12.33 0.30468459
 12.34 0.28794497
 12.35 0.27100371
 12.36 0.25387336
 12.370000000000001 0.23657363
 12.38 0.21912155
 12.39 0.20153684
 12.4 0.183841
 12.41 0.16605465
 12.42 0.14820108
 12.43 0.13030002
 12.44 0.11237476
 12.450000000000001 0.094445915
 12.46 0.076535891
 12.47 0.058663506
 12.48 0.04084758
 12.49 0.023106037
 12.5 0.0054550071
 12.51 -0.012090274
 12.52 -0.029515469
 12.530000000000001 -0.046808925
 12.540000000000001 -0.063961683
 12.55 -0.080968364
 12.56 -0.0978218
 12.57 -0.1145193
 12.58 -0.1310546
 12.59 -0.1474241
 12.6 -0.16362333
 12.61 -0.17964511
 12.620000000000001 -0.19548587
 12.63 -0.21113575
 12.64 -0.22658667
 12.65 -0.2418261
 12.66 -0.25684507
 12.67 -0.27162745
 12.68 -0.28615979
 12.69 -0.3004215
 12.700000000000001 -0.31439732
 12.71 -0.32806576
 12.72 -0.34140709
 12.73 -0.35439802
 12.74 -0.36702331
 12.75 -0.37926862
 12.76 -0.3911232
 12.77 -0.40257719
 12.780000000000001 -0.41361984
 12.790000000000001 -0.42424218
 12.8 -0.43443974
 12.81 -0.44420713
 12.82 -0.45354167
 12.83 -0.46244515
 12.84 -0.47091937
 12.85 -0.47896701
 12.86 -0.48659792
 12.870000000000001 -0.49382018
 12.88 -0.50064365
 12.89 -0.50707996
 12.9 -0.51314437
 12.91 -0.51884762
 12.92 -0.52420404
 12.93 -0.52922799
 12.94 -0.53392932
 12.950000000000001 -0.53832146
 12.96 -0.5424107
 12.97 -0.5462051
 12.98 -0.54970824
 12.99 -0.55292102
 13. -0.55588556
 13.01 -0.55850508
 13.02 -0.56082169
 13.030000000000001 -0.56282732
 13.040000000000001 -0.56450675
 13.05 -0.56584563
 13.06 -0.56682605
 13.07 -0.56743096
 13.08 -0.56763798
 13.09 -0.56742738
 13.1 -0.56677765
 13.11 -0.56566819
 13.120000000000001 -0.56407928
 13.13 -0.5619903
 13.14 -0.55938691
 13.15 -0.55626464
 13.16 -0.5526226
 13.17 -0.54846077
 13.18 -0.54378453
 13.19 -0.53860107
 13.200000000000001 -0.53292023
 13.21 -0.52675635
 13.22 -0.52012466
 13.23 -0.5130431
 13.24 -0.50553496
 13.25 -0.49761817
 13.26 -0.48932229
 13.27 -0.48066705
 13.280000000000001 -0.47168022
 13.290000000000001 -0.46238601
 13.3 -0.4528104
 13.31 -0.44297758
 13.32 -0.43290818
 13.33 -0.42262459
 13.34 -0.41214743
 13.35 -0.40149372
 13.36 -0.39067959
 13.370000000000001 -0.3797176
 13.38 -0.36862118
 13.39 -0.35739751
 13.4 -0.34605554
 13.41 -0.33459976
 13.42 -0.32303374
 13.43 -0.31136109
 13.44 -0.29958089
 13.450000000000001 -0.28769584
 13.46 -0.27570324
 13.47 -0.26360759
 13.48 -0.25140619
 13.49 -0.23909994
 13.5 -0.22669242
 13.51 -0.21418543
 13.52 -0.20158164
 13.530000000000001 -0.18888914
 13.540000000000001 -0.1761115
 13.55 -0.16325679
 13.56 -0.15033308
 13.57 -0.13735111
 13.58 -0.12431985
 13.59 -0.11125096
 13.6 -0.098155176
 13.61 -0.085046849
 13.620000000000001 -0.071937626
 13.63 -0.058840052
 13.64 -0.045767572
 13.65 -0.032730939
 13.66 -0.019744491
 13.67 -0.0068189829
 13.68 0.0060357274
 13.69 0.018807094
 13.700000000000001 0.031487946
 13.71 0.044066635
 13.72 0.056534198
 13.73 0.068885259
 13.74 0.081108167
 13.75 0.093196649
 13.76 0.1051516
 13.77 0.11696675
 13.780000000000001 0.1286403
 13.790000000000001 0.14016778
 13.8 0.1515456
 13.81 0.16276838
 13.82 0.17383074
 13.83 0.18472552
 13.84 0.19544734
 13.85 0.20598634
 13.86 0.21633355
 13.870000000000001 0.22648272
 13.88 0.23642307
 13.89 0.24614386
 13.9 0.25563792
 13.91 0.2648936
 13.92 0.27390373
 13.93 0.28265665
 13.94 0.291147
 13.950000000000001 0.2993667
 13.96 0.30730949
 13.97 0.31497177
 13.98 0.32234817
 13.99 0.3294369
 14. 0.33623527
 14.01 0.34274149
 14.02 0.34895824
 14.030000000000001 0.35488374
 14.040000000000001 0.36052067
 14.05 0.36586904
 14.06 0.37093241
 14.07 0.37571081
 14.08 0.38020691
 14.09 0.38442162
 14.1 0.38835492
 14.11 0.39200683
 14.120000000000001 0.39537644
 14.13 0.39846107
 14.14 0.40125892
 14.15 0.40376372
 14.16 0.40598086
 14.17 0.40790942
 14.18 0.40955121
 14.19 0.41090623
 14.200000000000001 0.41197267
 14.21 0.41275145
 14.22 0.41323807
 14.23 0.41343254
 14.24 0.41333396
 14.25 0.41293875
 14.26 0.41224869
 14.27 0.41126021
 14.280000000000001 0.409976
 14.290000000000001 0.40839515
 14.3 0.40652125
 14.31 0.4043552
 14.32 0.40190148
 14.33 0.39916546
 14.34 0.39614984
 14.35 0.39286178
 14.36 0.38930666
 14.370000000000001 0.38549075
 14.38 0.38141944
 14.39 0.37710167
 14.4 0.37254105
 14.41 0.36774473
 14.42 0.36271719
 14.43 0.35746472
 14.44 0.3519909
 14.450000000000001 0.34630019
 14.46 0.34039531
 14.47 0.33427893
 14.48 0.32795194
 14.49 0.32141884
 14.5 0.31467603
 14.51 0.30772621
 14.52 0.30057026
 14.530000000000001 0.29320909
 14.540000000000001 0.28564091
 14.55 0.2778693
 14.56 0.26989783
 14.57 0.26173549
 14.58 0.25338853
 14.59 0.24486771
 14.6 0.2361829
 14.61 0.22734484
 14.620000000000001 0.21836697
 14.63 0.20925916
 14.64 0.20003754
 14.65 0.19071465
 14.66 0.18130483
 14.67 0.17182421
 14.68 0.16228624
 14.69 0.15270614
 14.700000000000001 0.14309737
 14.71 0.13347247
 14.72 0.12384578
 14.73 0.11422715
 14.74 0.10462644
 14.75 0.095052624
 14.76 0.085512859
 14.77 0.076007149
 14.780000000000001 0.066538181
 14.790000000000001 0.057103268
 14.8 0.047700618
 14.81 0.038328437
 14.82 0.028980453
 14.83 0.019653977
 14.84 0.010343633
 14.85 0.0010449381
 14.86 -0.0082483793
 14.870000000000001 -0.017539904
 14.88 -0.026833222
 14.89 -0.036130124
 14.9 -0.045431507
 14.91 -0.054738267
 14.92 -0.064045923
 14.93 -0.073351787
 14.94 -0.082648689
 14.950000000000001 -0.091930356
 14.96 -0.10118693
 14.97 -0.11040407
 14.98 -0.11956924
 14.99 -0.1286654
 15. -0.13784849
 15.01 -0.14675376
 15.02 -0.15553895
 15.030000000000001 -0.16418344
 15.040000000000001 -0.17267109
 15.05 -0.1809831
 15.06 -0.18910333
 15.07 -0.19701385
 15.08 -0.20470302
 15.09 -0.2121547
 15.1 -0.21935724
 15.11 -0.22630169
 15.120000000000001 -0.23297908
 15.13 -0.23938313
 15.14 -0.24550758
 15.15 -0.25134794
 15.16 -0.25690601
 15.17 -0.26218447
 15.18 -0.26719139
 15.19 -0.27193484
 15.200000000000001 -0.27642108
 15.21 -0.28066177
 15.22 -0.28466319
 15.23 -0.28843428
 15.24 -0.29198134
 15.25 -0.29531241
 15.26 -0.2984311
 15.27 -0.30134456
 15.280000000000001 -0.30405548
 15.290000000000001 -0.30656387
 15.3 -0.30887331
 15.31 -0.31098469
 15.32 -0.31289444
 15.33 -0.31460165
 15.34 -0.31610274
 15.35 -0.31739412
 15.36 -0.31847222
 15.370000000000001 -0.31933344
 15.38 -0.31997421
 15.39 -0.32038824
 15.4 -0.32057375
 15.41 -0.32052715
 15.42 -0.32024754
 15.43 -0.31972955
 15.44 -0.31897587
 15.450000000000001 -0.31798291
 15.46 -0.31675246
 15.47 -0.31528543
 15.48 -0.31358359
 15.49 -0.31164965
 15.5 -0.30948539
 15.51 -0.3070962
 15.52 -0.30448564
 15.530000000000001 -0.30165642
 15.540000000000001 -0.29861392
 15.55 -0.29536081
 15.56 -0.29190427
 15.57 -0.28824788
 15.58 -0.28439792
 15.59 -0.28036335
 15.6 -0.27614685
 15.610000000000001 -0.2717565
 15.620000000000001 -0.26719856
 15.63 -0.26247573
 15.64 -0.25759337
 15.65 -0.25255688
 15.66 -0.24737072
 15.67 -0.24203849
 15.68 -0.23656377
 15.69 -0.23095283
 15.700000000000001 -0.22520746
 15.71 -0.21933484
 15.72 -0.21333765
 15.73 -0.20722126
 15.74 -0.20099017
 15.75 -0.19465154
 15.76 -0.18820805
 15.77 -0.18166778
 15.780000000000001 -0.17503878
 15.790000000000001 -0.16832913
 15.8 -0.16154689
 15.81 -0.15469834
 15.82 -0.14779332
 15.83 -0.14083633
 15.84 -0.13383542
 15.85 -0.12679688
 15.860000000000001 -0.11972428
 15.870000000000001 -0.11262479
 15.88 -0.10549932
 15.89 -0.098355023
 15.9 -0.091192806
 15.91 -0.08401625
 15.92 -0.076828043
 15.93 -0.069629083
 15.94 -0.06242385
 15.950000000000001 -0.055214135
 15.96 -0.048002628
 15.97 -0.040792018
 15.98 -0.033582303
 15.99 -0.026372589
 16. -0.019164667
 16.01 -0.011960329
 16.02 -0.0047631613
 16.03 0.0024223565
 16.04 0.0095926393
 16.05 0.016738725
 16.06 0.023854342
 16.07 0.030933215
 16.080000000000002 0.037963695
 16.09 0.044939508
 16.1 0.051849004
 16.11 0.058683222
 16.12 0.065431407
 16.13 0.072088183
 16.14 0.078641898
 16.15 0.085086281
 16.16 0.091415057
 16.17 0.097621953
 16.18 0.1037007
 16.19 0.1096495
 16.2 0.11546476
 16.21 0.12114471
 16.22 0.12668844
 16.23 0.13209864
 16.240000000000002 0.1373771
 16.25 0.14252741
 16.26 0.14755225
 16.27 0.1524579
 16.28 0.15724795
 16.29 0.16192687
 16.3 0.16649915
 16.31 0.17096747
 16.32 0.17533631
 16.330000000000002 0.17960479
 16.34 0.18377289
 16.35 0.18784062
 16.36 0.1918035
 16.37 0.19565883
 16.38 0.19940305
 16.39 0.20303076
 16.4 0.20653659
 16.41 0.20991695
 16.42 0.21315931
 16.43 0.21625917
 16.44 0.2192022
 16.45 0.22198213
 16.46 0.22458641
 16.47 0.22700429
 16.48 0.2292268
 16.490000000000002 0.23124588
 16.5 0.23305077
 16.51 0.23463431
 16.52 0.23599291
 16.53 0.23712029
 16.54 0.23801467
 16.55 0.23867336
 16.56 0.23909904
 16.57 0.23929262
 16.580000000000002 0.23925856
 16.59 0.23900405
 16.6 0.23853983
 16.61 0.23787487
 16.62 0.23701992
 16.63 0.23598484
 16.64 0.23478039
 16.65 0.2334182
 16.66 0.23190815
 16.67 0.23026188
 16.68 0.22848656
 16.69 0.22659115
 16.7 0.22458373
 16.71 0.22247055
 16.72 0.22025431
 16.73 0.21794218
 16.740000000000002 0.21553506
 16.75 0.21303384
 16.76 0.21044121
 16.77 0.20775807
 16.78 0.20497814
 16.79 0.20210053
 16.8 0.19912075
 16.81 0.19603523
 16.82 0.19283858
 16.830000000000002 0.18952722
 16.84 0.18609756
 16.85 0.18254603
 16.86 0.17887082
 16.87 0.17506925
 16.88 0.17114043
 16.89 0.16708256
 16.9 0.16289653
 16.91 0.15858325
 16.92 0.15414361
 16.93 0.1495785
 16.94 0.14488972
 16.95 0.14007996
 16.96 0.135151
 16.97 0.13010555
 16.98 0.12494538
 16.990000000000002 0.11968305
 17. 0.1142155
 17.01 0.10877483
 17.02 0.10325978
 17.03 0.097680205
 17.04 0.092043274
 17.05 0.086359743
 17.06 0.080635884
 17.07 0.074881555
 17.080000000000002 0.069103029
 17.09 0.063309269
 17.1 0.057509235
 17.11 0.051710994
 17.12 0.04592261
 17.13 0.040154838
 17.14 0.034416641
 17.150000000000002 0.028717874
 17.16 0.023069294
 17.17 0.017481653
 17.18 0.011966602
 17.19 0.0065241419
 17.2 0.0011587521
 17.21 -0.0041295667
 17.22 -0.0093390223
 17.23 -0.014466926
 17.240000000000002 -0.019514174
 17.25 -0.024480767
 17.26 -0.029364912
 17.27 -0.034171089
 17.28 -0.038900196
 17.29 -0.043556712
 17.3 -0.048144224
 17.31 -0.052669003
 17.32 -0.057139115
 17.330000000000002 -0.061559042
 17.34 -0.065940434
 17.35 -0.070291355
 17.36 -0.074619872
 17.37 -0.078936739
 17.38 -0.083249125
 17.39 -0.087563304
 17.400000000000002 -0.091881963
 17.41 -0.096205999
 17.42 -0.10053631
 17.43 -0.104872
 17.44 -0.10920947
 17.45 -0.11354426
 17.46 -0.1178692
 17.47 -0.12217352
 17.48 -0.12644647
 17.490000000000002 -0.13067551
 17.5 -0.13484541
 17.51 -0.13893734
 17.52 -0.14293517
 17.53 -0.14681918
 17.54 -0.15056787
 17.55 -0.15416422
 17.56 -0.1575876
 17.57 -0.1608183
 17.580000000000002 -0.1638402
 17.59 -0.16663805
 17.6 -0.1692029
 17.61 -0.17152668
 17.62 -0.17360491
 17.63 -0.175434
 17.64 -0.17701484
 17.650000000000002 -0.17835283
 17.66 -0.17945333
 17.67 -0.18032621
 17.68 -0.1809831
 17.69 -0.18143925
 17.7 -0.18171169
 17.71 -0.18181565
 17.72 -0.18177263
 17.73 -0.18160056
 17.740000000000002 -0.18131648
 17.75 -0.18094098
 17.76 -0.18048931
 17.77 -0.1799767
 17.78 -0.17941569
 17.79 -0.17881705
 17.8 -0.17818973
 17.81 -0.17754
 17.82 -0.17687056
 17.830000000000002 -0.17617961
 17.84 -0.17546536
 17.85 -0.17471795
 17.86 -0.17392842
 17.87 -0.17308423
 17.88 -0.17217013
 17.89 -0.17117
 17.900000000000002 -0.17006592
 17.91 -0.16884174
 17.92 -0.16747956
 17.93 -0.16596413
 17.94 -0.16427843
 17.95 -0.1624108
 17.96 -0.1603505
 17.97 -0.15809214
 17.98 -0.15563036
 17.990000000000002 -0.15296514
 18. -0.15010007
 18.01 -0.14704412
 18.02 -0.14380983
 18.03 -0.14040796
 18.04 -0.13685821
 18.05 -0.13318121
 18.06 -0.12939667
 18.07 -0.12552789
 18.080000000000002 -0.12159907
 18.09 -0.11763082
 18.1 -0.11364912
 18.11 -0.10967369
 18.12 -0.10572426
 18.13 -0.10181873
 18.14 -0.097970565
 18.150000000000002 -0.094191402
 18.16 -0.090488414
 18.17 -0.086866977
 18.18 -0.0833253
 18.19 -0.079863383
 18.2 -0.076469574
 18.21 -0.073133121
 18.22 -0.069841476
 18.23 -0.066575821
 18.240000000000002 -0.063318231
 18.25 -0.060050783
 18.26 -0.056754657
 18.27 -0.053409242
 18.28 -0.049998406
 18.29 -0.046504226
 18.3 -0.042912364
 18.31 -0.03921296
 18.32 -0.035396158
 18.330000000000002 -0.03145658
 18.34 -0.027394226
 18.35 -0.023208201
 18.36 -0.018905673
 18.37 -0.0144965
 18.38 -0.0099905403
 18.39 -0.005403029
 18.400000000000002 -0.00075368177
 18.41 0.0039377856
 18.42 0.0086480726
 18.43 0.013354775
 18.44 0.018033696
 18.45 0.022664224
 18.46 0.027225746
 18.47 0.031697651
 18.48 0.036063807
 18.490000000000002 0.040310773
 18.5 0.044426897
 18.51 0.04840501
 18.52 0.052239736
 18.53 0.05593197
 18.54 0.059481713
 18.55 0.062893444
 18.56 0.066177023
 18.57 0.069340515
 18.580000000000002 0.07239557
 18.59 0.075353838
 18.6 0.078231451
 18.61 0.081044539
 18.62 0.083807441
 18.63 0.086534497
 18.64 0.089239148
 18.650000000000002 0.09192946
 18.66 0.094615292
 18.67 0.097301123
 18.68 0.099986955
 18.69 0.10267279
 18.7 0.10535324
 18.71 0.10802115
 18.72 0.11066576
 18.73 0.11327362
 18.740000000000002 0.1158313
 18.75 0.11832087
 18.76 0.12072441
 18.77 0.12302488
 18.78 0.12520348
 18.79 0.12724317
 18.8 0.12912693
 18.81 0.1308422
 18.82 0.13237735
 18.830000000000002 0.1337234
 18.84 0.13487498
 18.85 0.13582761
 18.86 0.13658309
 18.87 0.1371432
 18.88 0.13751511
 18.89 0.13770779
 18.900000000000002 0.13773198
 18.91 0.13760114
 18.92 0.13733229
 18.93 0.13693887
 18.94 0.1364397
 18.95 0.13585181
 18.96 0.13518954
 18.97 0.13447081
 18.98 0.13370906
 18.990000000000002 0.13291684
 19. 0.13208788
 19.01 0.13126072
 19.02 0.13042727
 19.03 0.12958935
 19.04 0.12874785
 19.05 0.12790007
 19.06 0.12704064
 19.07 0.12616149
 19.080000000000002 0.12525456
 19.09 0.12430731
 19.1 0.12330897
 19.11 0.12224611
 19.12 0.12110528
 19.13 0.11987483
 19.14 0.11854402
 19.150000000000002 0.11710118
 19.16 0.11553915
 19.17 0.11384986
 19.18 0.11203063
 19.19 0.11007876
 19.2 0.10799606
 19.21 0.10578609
 19.22 0.10345425
 19.23 0.10101218
 19.240000000000002 0.098468837
 19.25 0.095838568
 19.26 0.093132125
 19.27 0.090366534
 19.28 0.087555238
 19.29 0.084713473
 19.3 0.081853784
 19.31 0.07899051
 19.32 0.076135302
 19.330000000000002 0.073298017
 19.34 0.070485825
 19.35 0.067704999
 19.36 0.064959124
 19.37 0.062249096
 19.38 0.059574018
 19.39 0.056930307
 19.400000000000002 0.054311689
 19.41 0.051710994
 19.42 0.049116572
 19.43 0.046515877
 19.44 0.043899051
 19.45 0.041250858
 19.46 0.038561442
 19.47 0.035819152
 19.48 0.033014129
 19.490000000000002 0.030137413
 19.5 0.027184522
 19.51 0.024150975
 19.52 0.021034084
 19.53 0.017835642
 19.54 0.01455744
 19.55 0.011204855
 19.56 0.0077868501
 19.57 0.0043105937
 19.580000000000002 0.00078773636
 19.59 -0.
 19.6 -0.
 19.61 -0.
 19.62 -0.
 19.63 -0.
 19.64 -0.
 19.650000000000002 -0.
 19.66 -0.
 19.67 -0.
 19.68 -0.
 19.69 -0.
 19.7 -0.
 19.71 -0.
 19.72 -0.
 19.73 -0.
 19.740000000000002 -0.
 19.75 -0.
 19.76 -0.
 19.77 -0.
 19.78 -0.
 19.79 -0.
 19.8 -0.
 19.81 -0.
 19.82 -0.
 19.830000000000002 -0.
 19.84 -0.
 19.85 -0.
 19.86 -0.
 19.87 -0.
 19.88 -0.
 19.89 -0.
