   6.1359230399999999E-002  -13.750682800000000     
  0.12271846100000000       -13.973631900000001     
  0.18407769500000001       -14.275663399999999     
  0.24543692200000000       -14.592710500000001     
  0.30679616300000001       -14.862714799999999     
  0.36815539000000003       -15.033228899999999     
  0.42951461699999999       -15.067204500000001     
  0.49087384299999998       -14.945978200000001     
  0.55223310000000003       -14.669295300000000     
  0.61359232699999999       -14.252742800000000     
  0.67495155299999998       -13.723316199999999     
  0.73631078000000005       -13.113965000000000     
  0.79767000700000001       -12.458032599999999     
  0.85902923300000000       -11.784527799999999     
  0.92038845999999996       -11.114999800000000     
  0.98174768700000004       -10.462399500000000     
   1.0431069100000001       -9.8318633999999996     
   1.1044662000000001       -9.2228460299999995     
   1.1658253700000001       -8.6317987400000007     
   1.2271846500000001       -8.0546235999999993     
   1.2885438199999999       -7.4883871099999997     
   1.3499031100000001       -6.9320917099999999     
   1.4112622699999999       -6.3866291000000004     
   1.4726215600000001       -5.8541755699999998     
   1.5339808500000001       -5.3373718300000004     
   1.5953400099999999       -4.8385982500000004     
   1.6566993000000001       -4.3595528600000000     
   1.7180584699999999       -3.9012126899999999     
   1.7794177499999999       -3.4641094200000002     
   1.8407769199999999       -3.0487341899999998     
   1.9021362100000001       -2.6558761600000000     
   1.9634953700000000       -2.2867505600000002     
   2.0248546599999999       -1.9428927899999999     
   2.0862138300000002       -1.6258933499999999     
   2.1475729900000000       -1.3370962099999999     
   2.2089324000000001       -1.0773642100000000     
   2.2702915699999999      -0.84696722000000002     
   2.3316507299999998      -0.64559531199999998     
   2.3930101399999999      -0.47246402500000001     
   2.4543693100000001      -0.32646465299999999     
   2.5157284700000000      -0.20630952699999999     
   2.5770876399999998      -0.11063131700000001     
   2.6384470499999999       -3.8016390099999998E-002
   2.6998062100000002        1.3019225600000000E-002
   2.7611653800000000        4.4079471400000000E-002
   2.8225245499999998        5.6926365899999998E-002
   2.8838839500000000        5.3485210999999998E-002
   2.9452431200000002        3.5820365000000000E-002
   3.0066022900000000        6.1013316699999997E-003
   3.0679616900000002       -3.3423047499999997E-002
   3.1293208600000000       -8.0439865599999993E-002
   3.1906800299999998      -0.13258881900000000     
   3.2520391900000001      -0.18749417400000001     
   3.3133986000000002      -0.24281708900000001     
   3.3747577700000000      -0.29632172000000001     
   3.4361169299999998      -0.34594410700000000     
   3.4974761000000001      -0.38985657699999998     
   3.5588355100000002      -0.42652380499999998     
   3.6201946700000001      -0.45474904799999999     
   3.6815538399999999      -0.47370615599999999     
   3.7429130100000001      -0.48295176000000001     
   3.8042724099999998      -0.48241674899999998     
   3.8656315800000001      -0.47238075699999998     
   3.9269907499999999      -0.45343741799999998     
   3.9883501500000000      -0.42645457399999998     
   4.0497093199999998      -0.39252898100000000     
   4.1110687300000004      -0.35293242300000000     
   4.1724276500000004      -0.30904918900000000     
   4.2337870600000000      -0.26231125000000000     
   4.2951459900000000      -0.21413986400000001     
   4.3565053899999997      -0.16590042399999999     
   4.4178648000000003      -0.11886911100000000     
   4.4792237300000002       -7.4206680100000005E-002
   4.5405831299999999       -3.2934397499999997E-002
   4.6019425399999996        4.0884488299999999E-003
   4.6633014700000004        3.6181930500000001E-002
   4.7246608700000001        6.2854886099999993E-002
   4.7860202799999998        8.3806052800000003E-002
   4.8473792099999997        9.8919093599999994E-002
   4.9087386100000003       0.10825307700000000     
   4.9700975400000003       0.11202805500000000     
   5.0314569499999999       0.11060421900000000     
   5.0928163499999997       0.10445544100000000     
   5.1541752799999996        9.4140343400000007E-002
   5.2155346900000001        8.0275319499999997E-002
   5.2768940899999999        6.3511550400000005E-002
   5.3382530199999998        4.4515140400000000E-002
   5.3996124300000004        2.3948285699999999E-002
   5.4609718300000001        2.4515192500000000E-003
   5.5223307600000000       -1.9370274600000001E-002
   5.5836901699999997       -4.0954779800000000E-002
   5.6450490999999996       -6.1781738000000003E-002
   5.7064085000000002       -8.1368759299999996E-002
   5.7677679099999999       -9.9269017599999995E-002
   5.8291268299999999      -0.11507460500000000     
   5.8904862400000004      -0.12842512100000000     
   5.9518456500000001      -0.13901825200000001     
   6.0132045700000001      -0.14661897700000001     
   6.0745639799999998      -0.15106567700000001     
   6.1359233900000003      -0.15227398300000000     
   6.1972823100000003      -0.15023869300000001     
   6.2586417200000000      -0.14503411899999999     
   6.3200006499999999      -0.13681292500000000     
   6.3813600499999996      -0.12580418600000001     
   6.4427194600000002      -0.11231166900000000     
   6.5040783900000001       -9.6712760600000003E-002
   6.5654377899999998       -7.9455301199999995E-002
   6.6267972000000004       -6.1048865299999998E-002
   6.6881561300000003       -4.2047396299999998E-002
   6.7495155300000000       -2.3024126900000001E-002
   6.8108744600000000       -4.5432308699999997E-003
   6.8722338699999996        1.2866014600000000E-002
   6.9335932700000003        2.8728677000000001E-002
   6.9949522000000002        4.2636938399999998E-002
   7.0563116099999998        5.4258350300000001E-002
   7.1176710099999996        6.3341930500000004E-002
   7.1790299400000004        6.9723017499999998E-002
   7.2403893500000001        7.3326505700000003E-002
   7.3017487499999998        7.4167579400000003E-002
   7.3631076799999997        7.2349443999999999E-002
   7.4244670900000003        6.8057447699999996E-002
   7.4858260200000002        6.1548851400000000E-002
   7.5471854199999999        5.3137797899999999E-002
   7.6085448299999996        4.3176479599999998E-002
   7.6699037600000004        3.2035563099999997E-002
   7.7312631600000001        2.0087847499999999E-002
   7.7926225699999998        7.6979068100000003E-003
   7.8539814899999998       -4.7825346699999997E-003
   7.9153409000000003       -1.7016505800000001E-002
   7.9767003100000000       -2.8684550900000001E-002
   8.0380592300000000       -3.9490275100000000E-002
   8.0994186399999997       -4.9168027900000001E-002
   8.1607780499999993       -5.7490598400000002E-002
   8.2221374500000000       -6.4275033800000006E-002
   8.2834959000000001       -6.9385923399999994E-002
   8.3448553099999998       -7.2736397400000000E-002
   8.4062147100000004       -7.4287399599999998E-002
   8.4675741200000001       -7.4045553799999997E-002
   8.5289335299999998       -7.2060205000000002E-002
   8.5902919799999999       -6.8420521900000003E-002
   8.6516513800000006       -6.3253708199999994E-002
   8.7130107900000002       -5.6724026800000001E-002
   8.7743701900000008       -4.9031350799999998E-002
   8.8357296000000005       -4.0407232899999999E-002
   8.8970889999999994       -3.1107457400000000E-002
   8.9584474600000004       -2.1402079599999999E-002
   9.0198068599999992       -1.1565188900000000E-002
   9.0811662700000007       -1.8665189899999999E-003
   9.1425256699999995        7.4345963100000004E-003
   9.2038850799999992        1.6094144400000000E-002
   9.2652435299999993        2.3888830100000001E-002
   9.3266029400000008        3.0622690899999999E-002
   9.3879623399999996        3.6134295200000000E-002
   9.4493217499999993        4.0303193000000001E-002
   9.5106811499999999        4.3054468899999997E-002
   9.5720405599999996        4.4360745700000002E-002
   9.6333990099999998        4.4241465600000002E-002
   9.6947584199999994        4.2759239700000000E-002
   9.7561178200000001        4.0013678400000002E-002
   9.8174772299999997        3.6133699100000000E-002
   9.8788366300000003        3.1270273000000001E-002
   9.9401950800000005        2.5591200200000001E-002
   10.001554499999999        1.9278349399999999E-002
   10.062913900000000        1.2525950600000000E-002
   10.124273300000000        5.5376952500000003E-003
   10.185632699999999       -1.4789500300000000E-003
   10.246992100000000       -8.3210812900000007E-003
   10.308350600000001       -1.4799565100000000E-002
   10.369710000000000       -2.0746897899999998E-002
   10.431069400000000       -2.6022255399999999E-002
   10.492428800000001       -3.0513418800000001E-002
   10.553788200000000       -3.4136101600000003E-002
   10.615146599999999       -3.6831505600000002E-002
   10.676506000000000       -3.8563147200000002E-002
   10.737865400000000       -3.9314054000000001E-002
   10.799224900000000       -3.9085682500000003E-002
   10.860584299999999       -3.7899080699999997E-002
   10.921943700000000       -3.5797789699999999E-002
   10.983302100000000       -3.2850671599999999E-002
   11.044661500000000       -2.9152615000000000E-002
   11.106020900000001       -2.4822024599999999E-002
   11.167380300000000       -1.9995478899999999E-002
   11.228739700000000       -1.4821020900000001E-002
   11.290098199999999       -9.4516249400000002E-003
   11.351457600000000       -4.0396507800000000E-003
   11.412817000000000        1.2676789200000000E-003
   11.474176399999999        6.3319318000000001E-003
   11.535535800000000        1.1026269800000000E-002
   11.596895200000001        1.5237358400000000E-002
   11.658253699999999        1.8866667500000000E-002
   11.719613100000000        2.1831819799999999E-002
   11.780972500000001        2.4068623800000001E-002
   11.842331900000000        2.5533728299999999E-002
   11.903691300000000        2.6207167699999999E-002
   11.965049700000000        2.6093682300000001E-002
   12.026409100000000        2.5222277299999998E-002
   12.087768600000000        2.3644188399999998E-002
   12.149127999999999        2.1429905700000002E-002
   12.210487400000000        1.8665762600000000E-002
