DMS dimethyl-sulfide as given by Dominik Domin by mail, 20160415
9
#	q	sig(Ang)	eps(kJ/mol)	lambda0	lambda1	x	y	z	Z	
1	-0.168	4.10	0.1365	0	0	1.3860	0.5080	0.0000	6	C
2	-0.204	4.00	1.8828	0	0	0.0000	-0.6550	0.0000	16	S
3	-0.168	4.10	0.1365	0	0	-1.3860	0.5080	0.0000	6	C
4	0.09	2.68	0.1004	0	0	1.3670	1.1330	-0.8870	1	H
5	0.09	2.68	0.1004	0	0	2.3010	-0.0750	0.0000	1	H
6	0.09	2.68	0.1004	0	0	-2.3010	-0.0750	0.0000	1	H
7	0.09	2.68	0.1004	0	0	-1.3670	1.1330	-0.8870	1	H
8	0.09	2.68	0.1004	0	0	-1.3660	1.1340	0.8860	1	H
9	0.09	2.68	0.1004	0	0	1.3670	1.1330	0.8870	1	H
