0.000000 -330.875500
0.010000 -330.861908
0.020000 -330.821165
0.030000 -330.753947
0.040000 -330.658885
0.050000 -330.537341
0.060000 -330.388626
0.070000 -330.212795
0.080000 -330.010448
0.090000 -329.780265
0.100000 -329.523625
0.110000 -329.239815
0.120000 -328.928829
0.130000 -328.591353
0.140000 -328.226081
0.150000 -327.834319
0.160000 -327.415381
0.170000 -326.969299
0.180000 -326.496735
0.190000 -325.996341
0.200000 -325.469450
0.210000 -324.915423
0.220000 -324.334220
0.230000 -323.725867
0.240000 -323.090998
0.250000 -322.429025
0.260000 -321.739836
0.270000 -321.023537
0.280000 -320.280062
0.290000 -319.509444
0.300000 -318.712336
0.310000 -317.888059
0.320000 -317.036638
0.330000 -316.158035
0.340000 -315.252948
0.350000 -314.320065
0.360000 -313.360685
0.370000 -312.374143
0.380000 -311.360450
0.390000 -310.320235
0.400000 -309.252230
0.410000 -308.157722
0.420000 -307.036084
0.430000 -305.887270
0.440000 -304.711306
0.450000 -303.508819
0.460000 -302.279202
0.470000 -301.022435
0.480000 -299.738526
0.490000 -298.427440
0.500000 -297.089864
0.510000 -295.724466
0.520000 -294.332564
0.530000 -292.913526
0.540000 -291.467318
0.550000 -289.994614
0.560000 -288.494779
0.570000 -286.967142
0.580000 -285.412969
0.590000 -283.832286
0.600000 -282.223852
0.610000 -280.588877
0.620000 -278.926118
0.630000 -277.236823
0.640000 -275.521044
0.650000 -273.777482
0.660000 -272.007385
0.670000 -270.209503
0.680000 -268.385112
0.690000 -266.533559
0.700000 -264.655509
0.710000 -262.749682
0.720000 -260.816594
0.730000 -258.854031
0.740000 -256.869012
0.750000 -254.861964
0.760000 -252.833906
0.770000 -250.784381
0.780000 -248.713077
0.790000 -246.621511
0.800000 -244.510086
0.810000 -242.377648
0.820000 -240.225770
0.830000 -238.053703
0.840000 -235.861510
0.850000 -233.649048
0.860000 -231.416361
0.870000 -229.163938
0.880000 -226.891257
0.890000 -224.598126
0.900000 -222.284579
0.910000 -219.950553
0.920000 -217.596652
0.930000 -215.221521
0.940000 -212.826452
0.950000 -210.411334
0.960000 -207.974920
0.970000 -205.517734
0.980000 -203.040408
0.990000 -200.542262
1.000000 -198.023294
1.010000 -195.482404
1.020000 -192.923670
1.030000 -190.341729
1.040000 -187.740866
1.050000 -185.117651
1.060000 -182.474608
1.070000 -179.813112
1.080000 -177.129661
1.090000 -174.428676
1.100000 -171.705052
1.110000 -168.961804
1.120000 -166.202185
1.130000 -163.418642
1.140000 -160.638571
1.150000 -157.863734
1.160000 -155.097652
1.170000 -152.346372
1.180000 -149.606347
1.190000 -146.885890
1.200000 -144.181011
1.210000 -141.498022
1.220000 -138.840529
1.230000 -136.204390
1.240000 -133.593262
1.250000 -131.003112
1.260000 -128.435073
1.270000 -125.892384
1.280000 -123.368587
1.290000 -120.869510
1.300000 -118.386254
1.310000 -115.926238
1.320000 -113.488964
1.330000 -111.069876
1.340000 -108.672173
1.350000 -106.292239
1.360000 -103.931640
1.370000 -101.591546
1.380000 -99.267697
1.390000 -96.963721
1.400000 -94.675618
1.410000 -92.404798
1.420000 -90.152966
1.430000 -87.916435
1.440000 -85.698271
1.450000 -83.494800
1.460000 -81.308226
1.470000 -79.141046
1.480000 -76.988999
1.490000 -74.855576
1.500000 -72.735373
1.510000 -70.634871
1.520000 -68.552331
1.530000 -66.485892
1.540000 -64.438092
1.550000 -62.405878
1.560000 -60.390914
1.570000 -58.395023
1.580000 -56.414812
1.590000 -54.453656
1.600000 -52.508237
1.610000 -50.580112
1.620000 -48.671330
1.630000 -46.778713
1.640000 -44.906476
1.650000 -43.052114
1.660000 -41.218027
1.670000 -39.406859
1.680000 -37.616274
1.690000 -35.850035
1.700000 -34.104486
1.710000 -32.385052
1.720000 -30.692795
1.730000 -29.025350
1.740000 -27.386425
1.750000 -25.774261
1.760000 -24.190761
1.770000 -22.638476
1.780000 -21.115504
1.790000 -19.625120
1.800000 -18.165732
1.810000 -16.739444
1.820000 -15.348360
1.830000 -13.990538
1.840000 -12.668213
1.850000 -11.378841
1.860000 -10.123162
1.870000 -8.902128
1.880000 -7.713287
1.890000 -6.558480
1.900000 -5.434259
1.910000 -4.343555
1.920000 -3.286066
1.930000 -2.259598
1.940000 -1.265633
1.950000 -0.302209
1.960000 0.630146
1.970000 1.530796
1.980000 2.401623
1.990000 3.241414
2.000000 4.051849
2.010000 4.832548
2.020000 5.583015
2.030000 6.304846
2.040000 6.997004
2.050000 7.660857
2.060000 8.296020
2.070000 8.902045
2.080000 9.480293
2.090000 10.029832
2.100000 10.552358
2.110000 11.046600
2.120000 11.512763
2.130000 11.951806
2.140000 12.363178
2.150000 12.747897
2.160000 13.105601
2.170000 13.436311
2.180000 13.740785
2.190000 14.018633
2.200000 14.270463
2.210000 14.496243
2.220000 14.696026
2.230000 14.870408
2.240000 15.019413
2.250000 15.143931
2.260000 15.244426
2.270000 15.321283
2.280000 15.375345
2.290000 15.406990
2.300000 15.416759
2.310000 15.405324
2.320000 15.373098
2.330000 15.320846
2.340000 15.249007
2.350000 15.158103
2.360000 15.048697
2.370000 14.921498
2.380000 14.776888
2.390000 14.615614
2.400000 14.437949
2.410000 14.244633
2.420000 14.036404
2.430000 13.813490
2.440000 13.576790
2.450000 13.326241
2.460000 13.062705
2.470000 12.786967
2.480000 12.498873
2.490000 12.199520
2.500000 11.888679
2.510000 11.567473
2.520000 11.236563
2.530000 10.895919
2.540000 10.546450
2.550000 10.188195
2.560000 9.821888
2.570000 9.448327
2.580000 9.067483
2.590000 8.680336
2.600000 8.286866
2.610000 7.887834
2.620000 7.484068
2.630000 7.075550
2.640000 6.663150
2.650000 6.246777
2.660000 5.827117
2.670000 5.404970
2.680000 4.980061
2.690000 4.553443
2.700000 4.124501
2.710000 3.694616
2.720000 3.264373
2.730000 2.833399
2.740000 2.402785
2.750000 1.972263
2.760000 1.542539
2.770000 1.114444
2.780000 0.687676
2.790000 0.263305
2.800000 -0.158905
2.810000 -0.578271
2.820000 -0.993968
2.830000 -1.406275
2.840000 -1.814181
2.850000 -2.218030
2.860000 -2.617265
2.870000 -3.011213
2.880000 -3.400249
2.890000 -3.783493
2.900000 -4.161568
2.910000 -4.533362
2.920000 -4.898435
2.930000 -5.257177
2.940000 -5.608743
2.950000 -5.953408
2.960000 -6.290650
2.970000 -6.619858
2.980000 -6.941301
2.990000 -7.254214
3.000000 -7.558802
3.010000 -7.854514
3.020000 -8.140876
3.030000 -8.418044
3.040000 -8.685279
3.050000 -8.943049
3.060000 -9.190983
3.070000 -9.428848
3.080000 -9.656889
3.090000 -9.874775
3.100000 -10.082866
3.110000 -10.280706
3.120000 -10.468201
3.130000 -10.645543
3.140000 -10.812404
3.150000 -10.968958
3.160000 -11.115104
3.170000 -11.250617
3.180000 -11.375571
3.190000 -11.489840
3.200000 -11.593412
3.210000 -11.686261
3.220000 -11.768229
3.230000 -11.839239
3.240000 -11.899308
3.250000 -11.948624
3.260000 -11.987470
3.270000 -12.015894
3.280000 -12.034265
3.290000 -12.042806
3.300000 -12.041813
3.310000 -12.031410
3.320000 -12.011944
3.330000 -11.983637
3.340000 -11.946697
3.350000 -11.901301
3.360000 -11.847867
3.370000 -11.786541
3.380000 -11.717493
3.390000 -11.641062
3.400000 -11.557485
3.410000 -11.466938
3.420000 -11.369787
3.430000 -11.266066
3.440000 -11.156256
3.450000 -11.040244
3.460000 -10.918292
3.470000 -10.790365
3.480000 -10.656437
3.490000 -10.516707
3.500000 -10.370945
3.510000 -10.219435
3.520000 -10.062340
3.530000 -9.899444
3.540000 -9.730959
3.550000 -9.556790
3.560000 -9.377030
3.570000 -9.191947
3.580000 -9.001245
3.590000 -8.805225
3.600000 -8.603759
3.610000 -8.396901
3.620000 -8.184935
3.630000 -7.967582
3.640000 -7.745244
3.650000 -7.517796
3.660000 -7.285578
3.670000 -7.049274
3.680000 -6.808922
3.690000 -6.565138
3.700000 -6.317747
3.710000 -6.067614
3.720000 -5.815224
3.730000 -5.560506
3.740000 -5.304176
3.750000 -5.046235
3.760000 -4.787174
3.770000 -4.527614
3.780000 -4.267502
3.790000 -4.007571
3.800000 -3.747809
3.810000 -3.488719
3.820000 -3.230910
3.830000 -2.974347
3.840000 -2.719744
3.850000 -2.467015
3.860000 -2.216413
3.870000 -1.968292
3.880000 -1.722362
3.890000 -1.479045
3.900000 -1.237899
3.910000 -0.999504
3.920000 -0.764070
3.930000 -0.531285
3.940000 -0.301558
3.950000 -0.074664
3.960000 0.149183
3.970000 0.369671
3.980000 0.587047
3.990000 0.800924
4.000000 1.011504
4.010000 1.218578
4.020000 1.421864
4.030000 1.621565
4.040000 1.817327
4.050000 2.009328
4.060000 2.197369
4.070000 2.381179
4.080000 2.560941
4.090000 2.736335
4.100000 2.907628
4.110000 3.074392
4.120000 3.236457
4.130000 3.394015
4.140000 3.546748
4.150000 3.694786
4.160000 3.837952
4.170000 3.976007
4.180000 4.109090
4.190000 4.236912
4.200000 4.359564
4.210000 4.476885
4.220000 4.588670
4.230000 4.695001
4.240000 4.795645
4.250000 4.890654
4.260000 4.979957
4.270000 5.063485
4.280000 5.141372
4.290000 5.213534
4.300000 5.280115
4.310000 5.340999
4.320000 5.396174
4.330000 5.445755
4.340000 5.489688
4.350000 5.528031
4.360000 5.560778
4.370000 5.587913
4.380000 5.609492
4.390000 5.625500
4.400000 5.635962
4.410000 5.640891
4.420000 5.640287
4.430000 5.634169
4.440000 5.622554
4.450000 5.605449
4.460000 5.582924
4.470000 5.555113
4.480000 5.522098
4.490000 5.484028
4.500000 5.440930
4.510000 5.392993
4.520000 5.340369
4.530000 5.283082
4.540000 5.221319
4.550000 5.155124
4.560000 5.084618
4.570000 5.010007
4.580000 4.931287
4.590000 4.848671
4.600000 4.762170
4.610000 4.671933
4.620000 4.578158
4.630000 4.480831
4.640000 4.380181
4.650000 4.276211
4.660000 4.169047
4.670000 4.058894
4.680000 3.945685
4.690000 3.829658
4.700000 3.710652
4.710000 3.588982
4.720000 3.464806
4.730000 3.338010
4.740000 3.208854
4.750000 3.077258
4.760000 2.943374
4.770000 2.807411
4.780000 2.669283
4.790000 2.529238
4.800000 2.387195
4.810000 2.243308
4.820000 2.097807
4.830000 1.950576
4.840000 1.801882
4.850000 1.651637
4.860000 1.500030
4.870000 1.347387
4.880000 1.193678
4.890000 1.039284
4.900000 0.884082
4.910000 0.728542
4.920000 0.572951
4.930000 0.417249
4.940000 0.261814
4.950000 0.106649
4.960000 -0.047992
4.970000 -0.201765
4.980000 -0.354695
4.990000 -0.506407
5.000000 -0.656897
5.010000 -0.805783
5.020000 -0.953069
5.030000 -1.098493
5.040000 -1.241719
5.050000 -1.382765
5.060000 -1.521293
5.070000 -1.657365
5.080000 -1.790840
5.090000 -1.921504
5.100000 -2.049562
5.110000 -2.174596
5.120000 -2.296735
5.130000 -2.415864
5.140000 -2.531785
5.150000 -2.644586
5.160000 -2.754041
5.170000 -2.860206
5.180000 -2.962949
5.190000 -3.062099
5.200000 -3.157702
5.210000 -3.249568
5.220000 -3.337726
5.230000 -3.422050
5.240000 -3.502381
5.250000 -3.578753
5.260000 -3.651003
5.270000 -3.719210
5.280000 -3.783371
5.290000 -3.843450
5.300000 -3.899591
5.310000 -3.951677
5.320000 -3.999823
5.330000 -4.044038
5.340000 -4.084316
5.350000 -4.120724
5.360000 -4.153256
5.370000 -4.181974
5.380000 -4.206888
5.390000 -4.227993
5.400000 -4.245354
5.410000 -4.258968
5.420000 -4.268883
5.430000 -4.275115
5.440000 -4.277687
5.450000 -4.276621
5.460000 -4.271954
5.470000 -4.263715
5.480000 -4.251962
5.490000 -4.236750
5.500000 -4.218097
5.510000 -4.196103
5.520000 -4.170792
5.530000 -4.142211
5.540000 -4.110439
5.550000 -4.075488
5.560000 -4.037458
5.570000 -3.996346
5.580000 -3.952215
5.590000 -3.905167
5.600000 -3.855191
5.610000 -3.802390
5.620000 -3.746759
5.630000 -3.688363
5.640000 -3.627315
5.650000 -3.563585
5.660000 -3.497293
5.670000 -3.428441
5.680000 -3.357157
5.690000 -3.283597
5.700000 -3.207722
5.710000 -3.129808
5.720000 -3.049848
5.730000 -2.967951
5.740000 -2.884307
5.750000 -2.798899
5.760000 -2.711928
5.770000 -2.623400
5.780000 -2.533441
5.790000 -2.442238
5.800000 -2.349787
5.810000 -2.256279
5.820000 -2.161716
5.830000 -2.066228
5.840000 -1.970012
5.850000 -1.873046
5.860000 -1.775534
5.870000 -1.677465
5.880000 -1.578955
5.890000 -1.480182
5.900000 -1.381020
5.910000 -1.281792
5.920000 -1.182438
5.930000 -1.083042
5.940000 -0.983791
5.950000 -0.884639
5.960000 -0.785762
5.970000 -0.687146
5.980000 -0.588897
5.990000 -0.491193
6.000000 -0.393990
6.010000 -0.297472
6.020000 -0.201617
6.030000 -0.106535
6.040000 -0.012402
6.050000 0.080823
6.060000 0.172962
6.070000 0.264037
6.080000 0.353969
6.090000 0.442620
6.100000 0.530123
6.110000 0.616231
6.120000 0.701011
6.130000 0.784412
6.140000 0.866304
6.150000 0.946741
6.160000 1.025598
6.170000 1.102917
6.180000 1.178619
6.190000 1.252587
6.200000 1.324864
6.210000 1.395338
6.220000 1.464030
6.230000 1.530870
6.240000 1.595748
6.250000 1.658700
6.260000 1.719614
6.270000 1.778520
6.280000 1.835352
6.290000 1.890041
6.300000 1.942670
6.310000 1.993099
6.320000 2.041362
6.330000 2.087439
6.340000 2.131261
6.350000 2.172858
6.360000 2.212172
6.370000 2.249209
6.380000 2.283941
6.390000 2.316310
6.400000 2.346328
6.410000 2.373948
6.420000 2.399171
6.430000 2.421964
6.440000 2.442285
6.450000 2.460137
6.460000 2.475474
6.470000 2.488297
6.480000 2.498614
6.490000 2.506447
6.500000 2.511853
6.510000 2.514857
6.520000 2.515503
6.530000 2.513835
6.540000 2.509886
6.550000 2.503703
6.560000 2.495321
6.570000 2.484773
6.580000 2.472102
6.590000 2.457360
6.600000 2.440572
6.610000 2.421790
6.620000 2.401033
6.630000 2.378354
6.640000 2.353802
6.650000 2.327389
6.660000 2.299191
6.670000 2.269207
6.680000 2.237489
6.690000 2.204110
6.700000 2.169046
6.710000 2.132395
6.720000 2.094171
6.730000 2.054404
6.740000 2.013174
6.750000 1.970475
6.760000 1.926381
6.770000 1.880895
6.780000 1.834058
6.790000 1.785958
6.800000 1.736580
6.810000 1.686011
6.820000 1.634239
6.830000 1.581317
6.840000 1.527330
6.850000 1.472262
6.860000 1.416191
6.870000 1.359117
6.880000 1.301096
6.890000 1.242241
6.900000 1.182508
6.910000 1.122081
6.920000 1.060963
6.930000 0.999210
6.940000 0.936947
6.950000 0.874163
6.960000 0.810986
6.970000 0.747424
6.980000 0.683545
6.990000 0.619478
7.000000 0.555213
7.010000 0.490872
7.020000 0.426462
7.030000 0.362056
7.040000 0.297785
7.050000 0.233637
7.060000 0.169731
7.070000 0.106078
7.080000 0.042746
7.090000 -0.020149
7.100000 -0.082676
7.110000 -0.144662
7.120000 -0.206123
7.130000 -0.267017
7.140000 -0.327237
7.150000 -0.386804
7.160000 -0.445619
7.170000 -0.503685
7.180000 -0.560944
7.190000 -0.617293
7.200000 -0.672747
7.210000 -0.727213
7.220000 -0.780686
7.230000 -0.833113
7.240000 -0.884394
7.250000 -0.934539
7.260000 -0.983457
7.270000 -1.031142
7.280000 -1.077543
7.290000 -1.122594
7.300000 -1.166357
7.310000 -1.208744
7.320000 -1.249771
7.330000 -1.289438
7.340000 -1.327700
7.350000 -1.364573
7.360000 -1.400024
7.370000 -1.434066
7.380000 -1.466681
7.390000 -1.497830
7.400000 -1.527528
7.410000 -1.555738
7.420000 -1.582477
7.430000 -1.607727
7.440000 -1.631448
7.450000 -1.653651
7.460000 -1.674314
7.470000 -1.693430
7.480000 -1.710991
7.490000 -1.726978
7.500000 -1.741426
7.510000 -1.754306
7.520000 -1.765641
7.530000 -1.775443
7.540000 -1.783700
7.550000 -1.790427
7.560000 -1.795633
7.570000 -1.799320
7.580000 -1.801492
7.590000 -1.802157
7.600000 -1.801322
7.610000 -1.798992
7.620000 -1.795174
7.630000 -1.789871
7.640000 -1.783090
7.650000 -1.774834
7.660000 -1.765113
7.670000 -1.753927
7.680000 -1.741284
7.690000 -1.727212
7.700000 -1.711714
7.710000 -1.694856
7.720000 -1.676645
7.730000 -1.657113
7.740000 -1.636322
7.750000 -1.614272
7.760000 -1.591011
7.770000 -1.566557
7.780000 -1.540944
7.790000 -1.514222
7.800000 -1.486400
7.810000 -1.457534
7.820000 -1.427627
7.830000 -1.396712
7.840000 -1.364858
7.850000 -1.332058
7.860000 -1.298379
7.870000 -1.263817
7.880000 -1.228402
7.890000 -1.192208
7.900000 -1.155216
7.910000 -1.117518
7.920000 -1.079129
7.930000 -1.040083
7.940000 -1.000445
7.950000 -0.960211
7.960000 -0.919457
7.970000 -0.878188
7.980000 -0.836446
7.990000 -0.794304
8.000000 -0.751757
8.010000 -0.708878
8.020000 -0.665672
8.030000 -0.622178
8.040000 -0.578478
8.050000 -0.534564
8.060000 -0.490505
8.070000 -0.446308
8.080000 -0.402011
8.090000 -0.357699
8.100000 -0.313332
8.110000 -0.269028
8.120000 -0.224792
8.130000 -0.180652
8.140000 -0.136690
8.150000 -0.092899
8.160000 -0.049350
8.170000 -0.006050
8.180000 0.036958
8.190000 0.079595
8.200000 0.121864
8.210000 0.163697
8.220000 0.205084
8.230000 0.245985
8.240000 0.286321
8.250000 0.326092
8.260000 0.365234
8.270000 0.403733
8.280000 0.441551
8.290000 0.478612
8.300000 0.514953
8.310000 0.550493
8.320000 0.585237
8.330000 0.619175
8.340000 0.652254
8.350000 0.684488
8.360000 0.715837
8.370000 0.746299
8.380000 0.775857
8.390000 0.804461
8.400000 0.832122
8.410000 0.858799
8.420000 0.884491
8.430000 0.909175
8.440000 0.932812
8.450000 0.955403
8.460000 0.976911
8.470000 0.997337
8.480000 1.016657
8.490000 1.034834
8.500000 1.051895
8.510000 1.067817
8.520000 1.082619
8.530000 1.096314
8.540000 1.108901
8.550000 1.120397
8.560000 1.130798
8.570000 1.140125
8.580000 1.148390
8.590000 1.155583
8.600000 1.161723
8.610000 1.166816
8.620000 1.170870
8.630000 1.173897
8.640000 1.175901
8.650000 1.176886
8.660000 1.176872
8.670000 1.175858
8.680000 1.173847
8.690000 1.170861
8.700000 1.166903
8.710000 1.161985
8.720000 1.156129
8.730000 1.149344
8.740000 1.141652
8.750000 1.133058
8.760000 1.123586
8.770000 1.113248
8.780000 1.102047
8.790000 1.090021
8.800000 1.077163
8.810000 1.063507
8.820000 1.049054
8.830000 1.033814
8.840000 1.017823
8.850000 1.001080
8.860000 0.983610
8.870000 0.965415
8.880000 0.946509
8.890000 0.926929
8.900000 0.906658
8.910000 0.885747
8.920000 0.864216
8.930000 0.842078
8.940000 0.819371
8.950000 0.796103
8.960000 0.772315
8.970000 0.748011
8.980000 0.723217
8.990000 0.697981
9.000000 0.672300
9.010000 0.646214
9.020000 0.619732
9.030000 0.592875
9.040000 0.565693
9.050000 0.538187
9.060000 0.510393
9.070000 0.482322
9.080000 0.453992
9.090000 0.425458
9.100000 0.396698
9.110000 0.367782
9.120000 0.338723
9.130000 0.309537
9.140000 0.280279
9.150000 0.250950
9.160000 0.221594
9.170000 0.192222
9.180000 0.162860
9.190000 0.133564
9.200000 0.104335
9.210000 0.075216
9.220000 0.046219
9.230000 0.017368
9.240000 -0.011279
9.250000 -0.039722
9.260000 -0.067918
9.270000 -0.095854
9.280000 -0.123506
9.290000 -0.150818
9.300000 -0.177807
9.310000 -0.204416
9.320000 -0.230640
9.330000 -0.256477
9.340000 -0.281887
9.350000 -0.306879
9.360000 -0.331423
9.370000 -0.355519
9.380000 -0.379155
9.390000 -0.402291
9.400000 -0.424934
9.410000 -0.447058
9.420000 -0.468658
9.430000 -0.489724
9.440000 -0.510219
9.450000 -0.530147
9.460000 -0.549483
9.470000 -0.568221
9.480000 -0.586349
9.490000 -0.603836
9.500000 -0.620692
9.510000 -0.636887
9.520000 -0.652424
9.530000 -0.667308
9.540000 -0.681522
9.550000 -0.695076
9.560000 -0.707961
9.570000 -0.720180
9.580000 -0.731733
9.590000 -0.742609
9.600000 -0.752809
9.610000 -0.762323
9.620000 -0.771163
9.630000 -0.779323
9.640000 -0.786792
9.650000 -0.793573
9.660000 -0.799661
9.670000 -0.805063
9.680000 -0.809765
9.690000 -0.813763
9.700000 -0.817067
9.710000 -0.819670
9.720000 -0.821577
9.730000 -0.822799
9.740000 -0.823336
9.750000 -0.823200
9.760000 -0.822393
9.770000 -0.820918
9.780000 -0.818789
9.790000 -0.816009
9.800000 -0.812586
9.810000 -0.808525
9.820000 -0.803828
9.830000 -0.798503
9.840000 -0.792562
9.850000 -0.786008
9.860000 -0.778843
9.870000 -0.771073
9.880000 -0.762709
9.890000 -0.753758
9.900000 -0.744215
9.910000 -0.734099
9.920000 -0.723424
9.930000 -0.712202
9.940000 -0.700455
9.950000 -0.688189
9.960000 -0.675425
9.970000 -0.662172
9.980000 -0.648443
9.990000 -0.634266
10.000000 -0.619645
10.010000 -0.604592
10.020000 -0.589127
10.030000 -0.573266
10.040000 -0.557023
10.050000 -0.540413
10.060000 -0.523452
10.070000 -0.506154
10.080000 -0.488535
10.090000 -0.470609
10.100000 -0.452391
10.110000 -0.433898
10.120000 -0.415260
10.130000 -0.396352
10.140000 -0.377149
10.150000 -0.357748
10.160000 -0.338169
10.170000 -0.318431
10.180000 -0.298553
10.190000 -0.278557
10.200000 -0.258461
10.210000 -0.238284
10.220000 -0.218048
10.230000 -0.197771
10.240000 -0.177473
10.250000 -0.157173
10.260000 -0.136892
10.270000 -0.116650
10.280000 -0.096465
10.290000 -0.076357
10.300000 -0.056347
10.310000 -0.036453
10.320000 -0.016688
10.330000 0.002934
10.340000 0.022401
10.350000 0.041702
10.360000 0.060825
10.370000 0.079647
10.380000 0.098301
10.390000 0.116818
10.400000 0.135109
10.410000 0.153162
10.420000 0.170964
10.430000 0.188504
10.440000 0.205770
10.450000 0.222749
10.460000 0.239430
10.470000 0.255801
10.480000 0.271849
10.490000 0.287563
10.500000 0.302930
10.510000 0.317940
10.520000 0.332582
10.530000 0.346848
10.540000 0.360731
10.550000 0.374223
10.560000 0.387316
10.570000 0.400003
10.580000 0.412275
10.590000 0.424125
10.600000 0.435544
10.610000 0.446527
10.620000 0.457004
10.630000 0.467048
10.640000 0.476676
10.650000 0.485835
10.660000 0.494518
10.670000 0.502716
10.680000 0.510423
10.690000 0.517630
10.700000 0.524329
10.710000 0.530514
10.720000 0.536182
10.730000 0.541334
10.740000 0.545974
10.750000 0.550104
10.760000 0.553728
10.770000 0.556848
10.780000 0.559468
10.790000 0.561590
10.800000 0.563218
10.810000 0.564356
10.820000 0.565004
10.830000 0.565167
10.840000 0.564848
10.850000 0.564050
10.860000 0.562776
10.870000 0.561040
10.880000 0.558836
10.890000 0.556157
10.900000 0.553013
10.910000 0.549408
10.920000 0.545349
10.930000 0.540842
10.940000 0.535897
10.950000 0.530524
10.960000 0.524732
10.970000 0.518531
10.980000 0.511931
10.990000 0.504940
11.000000 0.497525
11.010000 0.489747
11.020000 0.481639
11.030000 0.473180
11.040000 0.464377
11.050000 0.455241
11.060000 0.445782
11.070000 0.436008
11.080000 0.425930
11.090000 0.415557
11.100000 0.404898
11.110000 0.393963
11.120000 0.382825
11.130000 0.371424
11.140000 0.359730
11.150000 0.347807
11.160000 0.335668
11.170000 0.323325
11.180000 0.310790
11.190000 0.298076
11.200000 0.285196
11.210000 0.272162
11.220000 0.258987
11.230000 0.245684
11.240000 0.232264
11.250000 0.218740
11.260000 0.205125
11.270000 0.191433
11.280000 0.177674
11.290000 0.163861
11.300000 0.150007
11.310000 0.136126
11.320000 0.122229
11.330000 0.108326
11.340000 0.094431
11.350000 0.080554
11.360000 0.066706
11.370000 0.052974
11.380000 0.039280
11.390000 0.025587
11.400000 0.011967
11.410000 -0.001567
11.420000 -0.015005
11.430000 -0.028336
11.440000 -0.041548
11.450000 -0.054630
11.460000 -0.067570
11.470000 -0.080359
11.480000 -0.092984
11.490000 -0.105434
11.500000 -0.117698
11.510000 -0.129765
11.520000 -0.141625
11.530000 -0.153270
11.540000 -0.164695
11.550000 -0.175897
11.560000 -0.186871
11.570000 -0.197613
11.580000 -0.208120
11.590000 -0.218387
11.600000 -0.228409
11.610000 -0.238183
11.620000 -0.247654
11.630000 -0.256878
11.640000 -0.265885
11.650000 -0.274627
11.660000 -0.283100
11.670000 -0.291301
11.680000 -0.299224
11.690000 -0.306865
11.700000 -0.314222
11.710000 -0.321289
11.720000 -0.328062
11.730000 -0.334537
11.740000 -0.340709
11.750000 -0.346574
11.760000 -0.352128
11.770000 -0.357364
11.780000 -0.362280
11.790000 -0.366870
11.800000 -0.371130
11.810000 -0.375055
11.820000 -0.378641
11.830000 -0.381883
11.840000 -0.384777
11.850000 -0.387317
11.860000 -0.389499
11.870000 -0.391310
11.880000 -0.392759
11.890000 -0.393844
11.900000 -0.394553
11.910000 -0.394881
11.920000 -0.394824
11.930000 -0.394384
11.940000 -0.393567
11.950000 -0.392387
11.960000 -0.390853
11.970000 -0.388978
11.980000 -0.386773
11.990000 -0.384248
12.000000 -0.381416
12.010000 -0.378286
12.020000 -0.374871
12.030000 -0.371183
12.040000 -0.367232
12.050000 -0.363029
12.060000 -0.358585
12.070000 -0.353913
12.080000 -0.349023
12.090000 -0.343927
12.100000 -0.338636
12.110000 -0.333161
12.120000 -0.327542
12.130000 -0.321760
12.140000 -0.315788
12.150000 -0.309656
12.160000 -0.303363
12.170000 -0.296911
12.180000 -0.290299
12.190000 -0.283528
12.200000 -0.276598
12.210000 -0.269509
12.220000 -0.262263
12.230000 -0.254859
12.240000 -0.247298
12.250000 -0.239580
12.260000 -0.231705
12.270000 -0.223674
12.280000 -0.215488
12.290000 -0.207146
12.300000 -0.198648
12.310000 -0.189996
12.320000 -0.181190
12.330000 -0.172232
12.340000 -0.163131
12.350000 -0.153900
12.360000 -0.144550
12.370000 -0.135144
12.380000 -0.125646
12.390000 -0.116022
12.400000 -0.106332
12.410000 -0.096588
12.420000 -0.086804
12.430000 -0.076993
12.440000 -0.067168
12.450000 -0.057340
12.460000 -0.047525
12.470000 -0.037733
12.480000 -0.027979
12.490000 -0.018275
12.500000 -0.008634
12.510000 0.000931
12.520000 0.010407
12.530000 0.019782
12.540000 0.029048
12.550000 0.038201
12.560000 0.047236
12.570000 0.056150
12.580000 0.064938
12.590000 0.073597
12.600000 0.082122
12.610000 0.090510
12.620000 0.098715
12.630000 0.106776
12.640000 0.114728
12.650000 0.122526
12.660000 0.130167
12.670000 0.137645
12.680000 0.144959
12.690000 0.152102
12.700000 0.159072
12.710000 0.165864
12.720000 0.172474
12.730000 0.178898
12.740000 0.185134
12.750000 0.191177
12.760000 0.197025
12.770000 0.202677
12.780000 0.208129
12.790000 0.213378
12.800000 0.218422
12.810000 0.223259
12.820000 0.227886
12.830000 0.232299
12.840000 0.236498
12.850000 0.240478
12.860000 0.244238
12.870000 0.247758
12.880000 0.251053
12.890000 0.254137
12.900000 0.256991
12.910000 0.259611
12.920000 0.261994
12.930000 0.264138
12.940000 0.266043
12.950000 0.267707
12.960000 0.269133
12.970000 0.270321
12.980000 0.271272
12.990000 0.271986
13.000000 0.272466
13.010000 0.272711
13.020000 0.272720
13.030000 0.272497
13.040000 0.272042
13.050000 0.271356
13.060000 0.270441
13.070000 0.269297
13.080000 0.267926
13.090000 0.266328
13.100000 0.264503
13.110000 0.262454
13.120000 0.260192
13.130000 0.257710
13.140000 0.254995
13.150000 0.252066
13.160000 0.248929
13.170000 0.245591
13.180000 0.242060
13.190000 0.238344
13.200000 0.234449
13.210000 0.230383
13.220000 0.226153
13.230000 0.221766
13.240000 0.217229
13.250000 0.212551
13.260000 0.207738
13.270000 0.202797
13.280000 0.197736
13.290000 0.192562
13.300000 0.187282
13.310000 0.181905
13.320000 0.176436
13.330000 0.170883
13.340000 0.165253
13.350000 0.159551
13.360000 0.153781
13.370000 0.147974
13.380000 0.142111
13.390000 0.136162
13.400000 0.130159
13.410000 0.124108
13.420000 0.118013
13.430000 0.111877
13.440000 0.105705
13.450000 0.099500
13.460000 0.093267
13.470000 0.087008
13.480000 0.080730
13.490000 0.074434
13.500000 0.068125
13.510000 0.061807
13.520000 0.055484
13.530000 0.049160
13.540000 0.042839
13.550000 0.036524
13.560000 0.030219
13.570000 0.023928
13.580000 0.017654
13.590000 0.011400
13.600000 0.005171
13.610000 -0.001031
13.620000 -0.007174
13.630000 -0.013277
13.640000 -0.019375
13.650000 -0.025432
13.660000 -0.031443
13.670000 -0.037406
13.680000 -0.043316
13.690000 -0.049171
13.700000 -0.054967
13.710000 -0.060699
13.720000 -0.066366
13.730000 -0.071962
13.740000 -0.077485
13.750000 -0.082931
13.760000 -0.088294
13.770000 -0.093571
13.780000 -0.098755
13.790000 -0.103843
13.800000 -0.108829
13.810000 -0.113710
13.820000 -0.118480
13.830000 -0.123134
13.840000 -0.127667
13.850000 -0.132075
13.860000 -0.136352
13.870000 -0.140477
13.880000 -0.144460
13.890000 -0.148320
13.900000 -0.152030
13.910000 -0.155587
13.920000 -0.158985
13.930000 -0.162220
13.940000 -0.165286
13.950000 -0.168181
13.960000 -0.170904
13.970000 -0.173455
13.980000 -0.175836
13.990000 -0.178046
14.000000 -0.180086
14.010000 -0.181955
14.020000 -0.183656
14.030000 -0.185187
14.040000 -0.186550
14.050000 -0.187745
14.060000 -0.188771
14.070000 -0.189631
14.080000 -0.190322
14.090000 -0.190848
14.100000 -0.191208
14.110000 -0.191401
14.120000 -0.191429
14.130000 -0.191293
14.140000 -0.190993
14.150000 -0.190530
14.160000 -0.189905
14.170000 -0.189120
14.180000 -0.188179
14.190000 -0.187084
14.200000 -0.185839
14.210000 -0.184445
14.220000 -0.182905
14.230000 -0.181222
14.240000 -0.179398
14.250000 -0.177437
14.260000 -0.175340
14.270000 -0.173111
14.280000 -0.170751
14.290000 -0.168265
14.300000 -0.165654
14.310000 -0.162921
14.320000 -0.160068
14.330000 -0.157099
14.340000 -0.154015
14.350000 -0.150821
14.360000 -0.147519
14.370000 -0.144130
14.380000 -0.140649
14.390000 -0.137055
14.400000 -0.133372
14.410000 -0.129606
14.420000 -0.125761
14.430000 -0.121842
14.440000 -0.117853
14.450000 -0.113799
14.460000 -0.109685
14.470000 -0.105515
14.480000 -0.101294
14.490000 -0.097028
14.500000 -0.092720
14.510000 -0.088375
14.520000 -0.083998
14.530000 -0.079594
14.540000 -0.075168
14.550000 -0.070723
14.560000 -0.066263
14.570000 -0.061793
14.580000 -0.057314
14.590000 -0.052829
14.600000 -0.048342
14.610000 -0.043855
14.620000 -0.039390
14.630000 -0.034938
14.640000 -0.030470
14.650000 -0.026013
14.660000 -0.021571
14.670000 -0.017147
14.680000 -0.012743
14.690000 -0.008364
14.700000 -0.004010
14.710000 0.000314
14.720000 0.004605
14.730000 0.008862
14.740000 0.013080
14.750000 0.017257
14.760000 0.021390
14.770000 0.025478
14.780000 0.029517
14.790000 0.033506
14.800000 0.037441
14.810000 0.041322
14.820000 0.045145
14.830000 0.048909
14.840000 0.052611
14.850000 0.056249
14.860000 0.059820
14.870000 0.063309
14.880000 0.066720
14.890000 0.070080
14.900000 0.073363
14.910000 0.076570
14.920000 0.079696
14.930000 0.082739
14.940000 0.085699
14.950000 0.088571
14.960000 0.091355
14.970000 0.094049
14.980000 0.096651
14.990000 0.099160
15.000000 0.101584
15.010000 0.103917
15.020000 0.106138
15.030000 0.108261
15.040000 0.110285
15.050000 0.112208
15.060000 0.114028
15.070000 0.115744
15.080000 0.117356
15.090000 0.118862
15.100000 0.120259
15.110000 0.121548
15.120000 0.122721
15.130000 0.123782
15.140000 0.124737
15.150000 0.125578
15.160000 0.126303
15.170000 0.126915
15.180000 0.127414
15.190000 0.127802
15.200000 0.128082
15.210000 0.128254
15.220000 0.128320
15.230000 0.128283
15.240000 0.128144
15.250000 0.127904
15.260000 0.127566
15.270000 0.127129
15.280000 0.126598
15.290000 0.125974
15.300000 0.125257
15.310000 0.124449
15.320000 0.123553
15.330000 0.122570
15.340000 0.121502
15.350000 0.120350
15.360000 0.119116
15.370000 0.117808
15.380000 0.116424
15.390000 0.114956
15.400000 0.113412
15.410000 0.111794
15.420000 0.110105
15.430000 0.108345
15.440000 0.106517
15.450000 0.104622
15.460000 0.102662
15.470000 0.100638
15.480000 0.098552
15.490000 0.096405
15.500000 0.094200
15.510000 0.091939
15.520000 0.089622
15.530000 0.087251
15.540000 0.084829
15.550000 0.082356
15.560000 0.079835
15.570000 0.077267
15.580000 0.074656
15.590000 0.072003
15.600000 0.069311
15.610000 0.066584
15.620000 0.063833
15.630000 0.061058
15.640000 0.058237
15.650000 0.055390
15.660000 0.052519
15.670000 0.049628
15.680000 0.046718
15.690000 0.043792
15.700000 0.040853
15.710000 0.037902
15.720000 0.034944
15.730000 0.031980
15.740000 0.029013
15.750000 0.026045
15.760000 0.023079
15.770000 0.020116
15.780000 0.017158
15.790000 0.014206
15.800000 0.011259
15.810000 0.008320
15.820000 0.005389
15.830000 0.002466
15.840000 -0.000448
15.850000 -0.003351
15.860000 -0.006243
15.870000 -0.009112
15.880000 -0.011961
15.890000 -0.014815
15.900000 -0.017655
15.910000 -0.020479
15.920000 -0.023288
15.930000 -0.026079
15.940000 -0.028853
15.950000 -0.031608
15.960000 -0.034345
15.970000 -0.037059
15.980000 -0.039750
15.990000 -0.042413
16.000000 -0.045044
16.010000 -0.047640
16.020000 -0.050198
16.030000 -0.052713
16.040000 -0.055182
16.050000 -0.057602
16.060000 -0.059968
16.070000 -0.062278
16.080000 -0.064527
16.090000 -0.066712
16.100000 -0.068829
16.110000 -0.070875
16.120000 -0.072839
16.130000 -0.074721
16.140000 -0.076532
16.150000 -0.078258
16.160000 -0.079894
16.170000 -0.081438
16.180000 -0.082891
16.190000 -0.084251
16.200000 -0.085520
16.210000 -0.086699
16.220000 -0.087787
16.230000 -0.088787
16.240000 -0.089698
16.250000 -0.090521
16.260000 -0.091257
16.270000 -0.091906
16.280000 -0.092468
16.290000 -0.092946
16.300000 -0.093338
16.310000 -0.093645
16.320000 -0.093870
16.330000 -0.094011
16.340000 -0.094070
16.350000 -0.094046
16.360000 -0.093943
16.370000 -0.093759
16.380000 -0.093497
16.390000 -0.093155
16.400000 -0.092737
16.410000 -0.092243
16.420000 -0.091674
16.430000 -0.091033
16.440000 -0.090319
16.450000 -0.089535
16.460000 -0.088681
16.470000 -0.087758
16.480000 -0.086769
16.490000 -0.085714
16.500000 -0.084595
16.510000 -0.083413
16.520000 -0.082169
16.530000 -0.080864
16.540000 -0.079499
16.550000 -0.078077
16.560000 -0.076597
16.570000 -0.075062
16.580000 -0.073473
16.590000 -0.071832
16.600000 -0.070143
16.610000 -0.068407
16.620000 -0.066633
16.630000 -0.064823
16.640000 -0.062962
16.650000 -0.061064
16.660000 -0.059131
16.670000 -0.057165
16.680000 -0.055170
16.690000 -0.053146
16.700000 -0.051098
16.710000 -0.049027
16.720000 -0.046935
16.730000 -0.044825
16.740000 -0.042700
16.750000 -0.040561
16.760000 -0.038411
16.770000 -0.036252
16.780000 -0.034087
16.790000 -0.031918
16.800000 -0.029746
16.810000 -0.027573
16.820000 -0.025401
16.830000 -0.023233
16.840000 -0.021069
16.850000 -0.018913
16.860000 -0.016765
16.870000 -0.014635
16.880000 -0.012524
16.890000 -0.010414
16.900000 -0.008320
16.910000 -0.006245
16.920000 -0.004189
16.930000 -0.002156
16.940000 -0.000146
16.950000 0.001837
16.960000 0.003793
16.970000 0.005720
16.980000 0.007615
16.990000 0.009481
17.000000 0.011323
17.010000 0.013142
17.020000 0.014922
17.030000 0.016674
17.040000 0.018400
17.050000 0.020101
17.060000 0.021778
17.070000 0.023430
17.080000 0.025060
17.090000 0.026668
17.100000 0.028254
17.110000 0.029820
17.120000 0.031361
17.130000 0.032878
17.140000 0.034388
17.150000 0.035880
17.160000 0.037355
17.170000 0.038815
17.180000 0.040260
17.190000 0.041687
17.200000 0.043096
17.210000 0.044483
17.220000 0.045846
17.230000 0.047184
17.240000 0.048495
17.250000 0.049776
17.260000 0.051025
17.270000 0.052239
17.280000 0.053418
17.290000 0.054558
17.300000 0.055658
17.310000 0.056715
17.320000 0.057727
17.330000 0.058693
17.340000 0.059609
17.350000 0.060475
17.360000 0.061287
17.370000 0.062041
17.380000 0.062736
17.390000 0.063378
17.400000 0.063962
17.410000 0.064486
17.420000 0.064952
17.430000 0.065358
17.440000 0.065705
17.450000 0.065992
17.460000 0.066219
17.470000 0.066385
17.480000 0.066491
17.490000 0.066536
17.500000 0.066520
17.510000 0.066442
17.520000 0.066303
17.530000 0.066101
17.540000 0.065837
17.550000 0.065511
17.560000 0.065121
17.570000 0.064669
17.580000 0.064153
17.590000 0.063575
17.600000 0.062937
17.610000 0.062239
17.620000 0.061488
17.630000 0.060684
17.640000 0.059822
17.650000 0.058909
17.660000 0.057946
17.670000 0.056935
17.680000 0.055878
17.690000 0.054776
17.700000 0.053633
17.710000 0.052449
17.720000 0.051226
17.730000 0.049966
17.740000 0.048672
17.750000 0.047344
17.760000 0.045985
17.770000 0.044596
17.780000 0.043179
17.790000 0.041737
17.800000 0.040269
17.810000 0.038779
17.820000 0.037267
17.830000 0.035735
17.840000 0.034184
17.850000 0.032616
17.860000 0.031032
17.870000 0.029438
17.880000 0.027838
17.890000 0.026216
17.900000 0.024583
17.910000 0.022942
17.920000 0.021294
17.930000 0.019640
17.940000 0.017983
17.950000 0.016322
17.960000 0.014661
17.970000 0.013000
17.980000 0.011340
17.990000 0.009684
18.000000 0.008032
18.010000 0.006387
18.020000 0.004749
18.030000 0.003120
18.040000 0.001502
18.050000 -0.000103
18.060000 -0.001696
18.070000 -0.003273
18.080000 -0.004834
18.090000 -0.006377
18.100000 -0.007900
18.110000 -0.009403
18.120000 -0.010879
18.130000 -0.012325
18.140000 -0.013756
18.150000 -0.015160
18.160000 -0.016536
18.170000 -0.017883
18.180000 -0.019198
18.190000 -0.020480
18.200000 -0.021730
18.210000 -0.022946
18.220000 -0.024129
18.230000 -0.025278
18.240000 -0.026392
18.250000 -0.027472
18.260000 -0.028518
18.270000 -0.029528
18.280000 -0.030503
18.290000 -0.031442
18.300000 -0.032345
18.310000 -0.033212
18.320000 -0.034042
18.330000 -0.034836
18.340000 -0.035593
18.350000 -0.036312
18.360000 -0.036993
18.370000 -0.037635
18.380000 -0.038236
18.390000 -0.038802
18.400000 -0.039331
18.410000 -0.039823
18.420000 -0.040279
18.430000 -0.040699
18.440000 -0.041085
18.450000 -0.041437
18.460000 -0.041756
18.470000 -0.042043
18.480000 -0.042298
18.490000 -0.042524
18.500000 -0.042720
18.510000 -0.042887
18.520000 -0.043027
18.530000 -0.043140
18.540000 -0.043226
18.550000 -0.043288
18.560000 -0.043325
18.570000 -0.043338
18.580000 -0.043329
18.590000 -0.043298
18.600000 -0.043246
18.610000 -0.043171
18.620000 -0.043073
18.630000 -0.042953
18.640000 -0.042808
18.650000 -0.042639
18.660000 -0.042445
18.670000 -0.042226
18.680000 -0.041981
18.690000 -0.041710
18.700000 -0.041411
18.710000 -0.041086
18.720000 -0.040732
18.730000 -0.040350
18.740000 -0.039939
18.750000 -0.039499
18.760000 -0.039029
18.770000 -0.038528
18.780000 -0.037996
18.790000 -0.037433
18.800000 -0.036839
18.810000 -0.036213
18.820000 -0.035558
18.830000 -0.034874
18.840000 -0.034161
18.850000 -0.033420
18.860000 -0.032652
18.870000 -0.031860
18.880000 -0.031047
18.890000 -0.030202
18.900000 -0.029334
18.910000 -0.028442
18.920000 -0.027528
18.930000 -0.026592
18.940000 -0.025634
18.950000 -0.024657
18.960000 -0.023659
18.970000 -0.022643
18.980000 -0.021608
18.990000 -0.020556
19.000000 -0.019486
19.010000 -0.018394
19.020000 -0.017298
19.030000 -0.016191
19.040000 -0.015075
19.050000 -0.013951
19.060000 -0.012821
19.070000 -0.011688
19.080000 -0.010553
19.090000 -0.009418
19.100000 -0.008284
19.110000 -0.007154
19.120000 -0.006032
19.130000 -0.004922
19.140000 -0.003813
19.150000 -0.002714
19.160000 -0.001628
19.170000 -0.000557
19.180000 0.000499
19.190000 0.001537
19.200000 0.002556
19.210000 0.003555
19.220000 0.004534
19.230000 0.005495
19.240000 0.006436
19.250000 0.007359
19.260000 0.008263
19.270000 0.009148
19.280000 0.010015
19.290000 0.010864
19.300000 0.011695
19.310000 0.012508
19.320000 0.013303
19.330000 0.014081
19.340000 0.014842
19.350000 0.015585
19.360000 0.016312
19.370000 0.017020
19.380000 0.017708
19.390000 0.018385
19.400000 0.019046
19.410000 0.019690
19.420000 0.020317
19.430000 0.020927
19.440000 0.021520
19.450000 0.022095
19.460000 0.022652
19.470000 0.023191
19.480000 0.023712
19.490000 0.024213
19.500000 0.024695
19.510000 0.025158
19.520000 0.025600
19.530000 0.026023
19.540000 0.026425
19.550000 0.026807
19.560000 0.027167
19.570000 0.027507
19.580000 0.027824
19.590000 0.028120
19.600000 0.028393
19.610000 0.028644
19.620000 0.028872
19.630000 0.029077
19.640000 0.029260
19.650000 0.029421
19.660000 0.029558
19.670000 0.029673
19.680000 0.029764
19.690000 0.029832
19.700000 0.029877
19.710000 0.029899
19.720000 0.029897
19.730000 0.029871
19.740000 0.029822
19.750000 0.029748
19.760000 0.029651
19.770000 0.029530
19.780000 0.029385
19.790000 0.029215
19.800000 0.029021
19.810000 0.028804
19.820000 0.028563
19.830000 0.028302
19.840000 0.028020
19.850000 0.027718
19.860000 0.027399
19.870000 0.027064
19.880000 0.026716
19.890000 0.026351
19.900000 0.025973
19.910000 0.025583
19.920000 0.025182
19.930000 0.024772
19.940000 0.024353
19.950000 0.023928
19.960000 0.023497
19.970000 0.023061
19.980000 0.022622
19.990000 0.022180
