0.000000 -247.867000
0.010000 -247.860205
0.020000 -247.839749
0.030000 -247.806306
0.040000 -247.758609
0.050000 -247.697919
0.060000 -247.623647
0.070000 -247.535649
0.080000 -247.434723
0.090000 -247.319551
0.100000 -247.191311
0.110000 -247.049490
0.120000 -246.894082
0.130000 -246.725674
0.140000 -246.542958
0.150000 -246.347242
0.160000 -246.137939
0.170000 -245.914981
0.180000 -245.679031
0.190000 -245.428839
0.200000 -245.165640
0.210000 -244.888794
0.220000 -244.598360
0.230000 -244.294267
0.240000 -243.977245
0.250000 -243.646511
0.260000 -243.302247
0.270000 -242.944266
0.280000 -242.572695
0.290000 -242.187472
0.300000 -241.789248
0.310000 -241.377442
0.320000 -240.951984
0.330000 -240.512931
0.340000 -240.060884
0.350000 -239.594531
0.360000 -239.115170
0.370000 -238.622235
0.380000 -238.115639
0.390000 -237.596109
0.400000 -237.062280
0.410000 -236.515437
0.420000 -235.954953
0.430000 -235.380881
0.440000 -234.793149
0.450000 -234.192482
0.460000 -233.578176
0.470000 -232.950209
0.480000 -232.308589
0.490000 -231.653380
0.500000 -230.985171
0.510000 -230.302728
0.520000 -229.607272
0.530000 -228.898169
0.540000 -228.175484
0.550000 -227.439793
0.560000 -226.690461
0.570000 -225.926816
0.580000 -225.150222
0.590000 -224.360707
0.600000 -223.556835
0.610000 -222.740006
0.620000 -221.908885
0.630000 -221.064815
0.640000 -220.207752
0.650000 -219.336396
0.660000 -218.452091
0.670000 -217.553493
0.680000 -216.641875
0.690000 -215.716681
0.700000 -214.778483
0.710000 -213.825996
0.720000 -212.861972
0.730000 -211.889017
0.740000 -210.893037
0.750000 -209.873151
0.760000 -208.829289
0.770000 -207.760478
0.780000 -206.665326
0.790000 -205.544637
0.800000 -204.397728
0.810000 -203.223024
0.820000 -202.021119
0.830000 -200.791715
0.840000 -199.534600
0.850000 -198.250105
0.860000 -196.938098
0.870000 -195.599544
0.880000 -194.233647
0.890000 -192.840688
0.900000 -191.420622
0.910000 -189.973575
0.920000 -188.500255
0.930000 -186.999599
0.940000 -185.472717
0.950000 -183.919972
0.960000 -182.340040
0.970000 -180.733632
0.980000 -179.101485
0.990000 -177.443115
1.000000 -175.758431
1.010000 -174.047032
1.020000 -172.311720
1.030000 -170.548662
1.040000 -168.759967
1.050000 -166.943478
1.060000 -165.100325
1.070000 -163.231156
1.080000 -161.333197
1.090000 -159.409109
1.100000 -157.455676
1.110000 -155.473151
1.120000 -153.464510
1.130000 -151.423256
1.140000 -149.374837
1.150000 -147.322231
1.160000 -145.267656
1.170000 -143.216215
1.180000 -141.165226
1.190000 -139.121381
1.200000 -137.081479
1.210000 -135.050876
1.220000 -133.032142
1.230000 -131.021940
1.240000 -129.022417
1.250000 -127.030276
1.260000 -125.045754
1.270000 -123.071132
1.280000 -121.100646
1.290000 -119.138740
1.300000 -117.177652
1.310000 -115.222865
1.320000 -113.273593
1.330000 -111.325807
1.340000 -109.381473
1.350000 -107.437422
1.360000 -105.494461
1.370000 -103.552969
1.380000 -101.609066
1.390000 -99.665319
1.400000 -97.718005
1.410000 -95.767844
1.420000 -93.815927
1.430000 -91.859531
1.440000 -89.902178
1.450000 -87.941621
1.460000 -85.980809
1.470000 -84.023008
1.480000 -82.065342
1.490000 -80.111908
1.500000 -78.158775
1.510000 -76.212898
1.520000 -74.273558
1.530000 -72.340117
1.540000 -70.415868
1.550000 -68.498942
1.560000 -66.591892
1.570000 -64.697390
1.580000 -62.813222
1.590000 -60.943559
1.600000 -59.086232
1.610000 -57.243694
1.620000 -55.418860
1.630000 -53.609055
1.640000 -51.817939
1.650000 -50.042692
1.660000 -48.285184
1.670000 -46.547509
1.680000 -44.827004
1.690000 -43.126831
1.700000 -41.443056
1.710000 -39.780451
1.720000 -38.139603
1.730000 -36.517789
1.740000 -34.918184
1.750000 -33.338594
1.760000 -31.780451
1.770000 -30.245802
1.780000 -28.732312
1.790000 -27.242764
1.800000 -25.775124
1.810000 -24.331007
1.820000 -22.912057
1.830000 -21.516190
1.840000 -20.146137
1.850000 -18.799880
1.860000 -17.478770
1.870000 -16.184439
1.880000 -14.914873
1.890000 -13.672633
1.900000 -12.454642
1.910000 -11.264643
1.920000 -10.102957
1.930000 -8.967785
1.940000 -7.861385
1.950000 -6.782180
1.960000 -5.731388
1.970000 -4.710356
1.980000 -3.717562
1.990000 -2.755030
2.000000 -1.821436
2.010000 -0.917860
2.020000 -0.045511
2.030000 0.796999
2.040000 1.608479
2.050000 2.390688
2.060000 3.143360
2.070000 3.866121
2.080000 4.560746
2.090000 5.226309
2.100000 5.865017
2.110000 6.475487
2.120000 7.058103
2.130000 7.614257
2.140000 8.143386
2.150000 8.646912
2.160000 9.124585
2.170000 9.576515
2.180000 10.003853
2.190000 10.406223
2.200000 10.784637
2.210000 11.139166
2.220000 11.469940
2.230000 11.777917
2.240000 12.062714
2.250000 12.325088
2.260000 12.565033
2.270000 12.782435
2.280000 12.978028
2.290000 13.151591
2.300000 13.303646
2.310000 13.434186
2.320000 13.543200
2.330000 13.631355
2.340000 13.698505
2.350000 13.745029
2.360000 13.771036
2.370000 13.776727
2.380000 13.762359
2.390000 13.728107
2.400000 13.674083
2.410000 13.600574
2.420000 13.507838
2.430000 13.395971
2.440000 13.265623
2.450000 13.117030
2.460000 12.951115
2.470000 12.768714
2.480000 12.569976
2.490000 12.355999
2.500000 12.126902
2.510000 11.883755
2.520000 11.627344
2.530000 11.357916
2.540000 11.076408
2.550000 10.783116
2.560000 10.478864
2.570000 10.164532
2.580000 9.840339
2.590000 9.507315
2.600000 9.165671
2.610000 8.816269
2.620000 8.460034
2.630000 8.097167
2.640000 7.728550
2.650000 7.354140
2.660000 6.974577
2.670000 6.590625
2.680000 6.202045
2.690000 5.809839
2.700000 5.413429
2.710000 5.014135
2.720000 4.612499
2.730000 4.208195
2.740000 3.802264
2.750000 3.394450
2.760000 2.985426
2.770000 2.575997
2.780000 2.165891
2.790000 1.756116
2.800000 1.346455
2.810000 0.937562
2.820000 0.530251
2.830000 0.124231
2.840000 -0.279464
2.850000 -0.681035
2.860000 -1.079804
2.870000 -1.474936
2.880000 -1.866686
2.890000 -2.254029
2.900000 -2.637460
2.910000 -3.015691
2.920000 -3.388166
2.930000 -3.755133
2.940000 -4.115603
2.950000 -4.469716
2.960000 -4.816803
2.970000 -5.156113
2.980000 -5.487774
2.990000 -5.810872
3.000000 -6.125500
3.010000 -6.430941
3.020000 -6.726589
3.030000 -7.012460
3.040000 -7.287711
3.050000 -7.552884
3.060000 -7.807701
3.070000 -8.052003
3.080000 -8.286170
3.090000 -8.509939
3.100000 -8.723793
3.110000 -8.927357
3.120000 -9.120645
3.130000 -9.303937
3.140000 -9.477025
3.150000 -9.640162
3.160000 -9.793350
3.170000 -9.936472
3.180000 -10.069700
3.190000 -10.192993
3.200000 -10.306452
3.210000 -10.410147
3.220000 -10.504008
3.230000 -10.588084
3.240000 -10.662431
3.250000 -10.727231
3.260000 -10.782665
3.270000 -10.828656
3.280000 -10.865526
3.290000 -10.893356
3.300000 -10.912405
3.310000 -10.922654
3.320000 -10.924333
3.330000 -10.917609
3.340000 -10.902576
3.350000 -10.879329
3.360000 -10.848186
3.370000 -10.809171
3.380000 -10.762394
3.390000 -10.708063
3.400000 -10.646354
3.410000 -10.577332
3.420000 -10.501244
3.430000 -10.418064
3.440000 -10.328156
3.450000 -10.231446
3.460000 -10.128260
3.470000 -10.018627
3.480000 -9.902636
3.490000 -9.780545
3.500000 -9.652247
3.510000 -9.518074
3.520000 -9.378265
3.530000 -9.232719
3.540000 -9.081706
3.550000 -8.925242
3.560000 -8.763493
3.570000 -8.596793
3.580000 -8.424960
3.590000 -8.248351
3.600000 -8.066952
3.610000 -7.880886
3.620000 -7.690506
3.630000 -7.495648
3.640000 -7.296761
3.650000 -7.093767
3.660000 -6.886933
3.670000 -6.676845
3.680000 -6.463506
3.690000 -6.247426
3.700000 -6.028414
3.710000 -5.807209
3.720000 -5.584207
3.730000 -5.359311
3.740000 -5.133127
3.750000 -4.905622
3.760000 -4.677200
3.770000 -4.448376
3.780000 -4.219073
3.790000 -3.989909
3.800000 -3.760839
3.810000 -3.532279
3.820000 -3.304734
3.830000 -3.078143
3.840000 -2.853106
3.850000 -2.629523
3.860000 -2.407609
3.870000 -2.187674
3.880000 -1.969455
3.890000 -1.753320
3.900000 -1.538874
3.910000 -1.326625
3.920000 -1.116753
3.930000 -0.908978
3.940000 -0.703657
3.950000 -0.500583
3.960000 -0.299943
3.970000 -0.102011
3.980000 0.093444
3.990000 0.286076
4.000000 0.476078
4.010000 0.663265
4.020000 0.847388
4.030000 1.028641
4.040000 1.206707
4.050000 1.381752
4.060000 1.553577
4.070000 1.721918
4.080000 1.886921
4.090000 2.048276
4.100000 2.206206
4.110000 2.360301
4.120000 2.510384
4.130000 2.656615
4.140000 2.798678
4.150000 2.936678
4.160000 3.070432
4.170000 3.199699
4.180000 3.324590
4.190000 3.444820
4.200000 3.560453
4.210000 3.671323
4.220000 3.777220
4.230000 3.878203
4.240000 3.974038
4.250000 4.064759
4.260000 4.150317
4.270000 4.230671
4.280000 4.305977
4.290000 4.376181
4.300000 4.441452
4.310000 4.501704
4.320000 4.556952
4.330000 4.607336
4.340000 4.652829
4.350000 4.693518
4.360000 4.729424
4.370000 4.760556
4.380000 4.786999
4.390000 4.808762
4.400000 4.825903
4.410000 4.838459
4.420000 4.846452
4.430000 4.849938
4.440000 4.848949
4.450000 4.843525
4.460000 4.833684
4.470000 4.819453
4.480000 4.800831
4.490000 4.777851
4.500000 4.750472
4.510000 4.718753
4.520000 4.682735
4.530000 4.642369
4.540000 4.597722
4.550000 4.548757
4.560000 4.495488
4.570000 4.438003
4.580000 4.376224
4.590000 4.310241
4.600000 4.239988
4.610000 4.165501
4.620000 4.086867
4.630000 4.003992
4.640000 3.916988
4.650000 3.825778
4.660000 3.730477
4.670000 3.631360
4.680000 3.528476
4.690000 3.422151
4.700000 3.312344
4.710000 3.199454
4.720000 3.083734
4.730000 2.965185
4.740000 2.844157
4.750000 2.720680
4.760000 2.595006
4.770000 2.467435
4.780000 2.337992
4.790000 2.207017
4.800000 2.074537
4.810000 1.940809
4.820000 1.806148
4.830000 1.670557
4.840000 1.534388
4.850000 1.397667
4.860000 1.260619
4.870000 1.123507
4.880000 0.986247
4.890000 0.849127
4.900000 0.711984
4.910000 0.575181
4.920000 0.438919
4.930000 0.303093
4.940000 0.167984
4.950000 0.033542
4.960000 -0.100059
4.970000 -0.232573
4.980000 -0.364068
4.990000 -0.494271
5.000000 -0.623225
5.010000 -0.750651
5.020000 -0.876602
5.030000 -1.000896
5.040000 -1.123296
5.050000 -1.243864
5.060000 -1.362343
5.070000 -1.478788
5.080000 -1.593061
5.090000 -1.704968
5.100000 -1.814672
5.110000 -1.921797
5.120000 -2.026443
5.130000 -2.128496
5.140000 -2.227773
5.150000 -2.324337
5.160000 -2.417978
5.170000 -2.508732
5.180000 -2.596471
5.190000 -2.681036
5.200000 -2.762452
5.210000 -2.840540
5.220000 -2.915315
5.230000 -2.986652
5.240000 -3.054404
5.250000 -3.118584
5.260000 -3.179043
5.270000 -3.235849
5.280000 -3.289009
5.290000 -3.338504
5.300000 -3.384460
5.310000 -3.426794
5.320000 -3.465609
5.330000 -3.500922
5.340000 -3.532740
5.350000 -3.561125
5.360000 -3.586088
5.370000 -3.607686
5.380000 -3.625935
5.390000 -3.640846
5.400000 -3.652480
5.410000 -3.660846
5.420000 -3.665992
5.430000 -3.667940
5.440000 -3.666725
5.450000 -3.662368
5.460000 -3.654917
5.470000 -3.644409
5.480000 -3.630916
5.490000 -3.614513
5.500000 -3.595229
5.510000 -3.573183
5.520000 -3.548414
5.530000 -3.520982
5.540000 -3.490983
5.550000 -3.458445
5.560000 -3.423481
5.570000 -3.386106
5.580000 -3.346400
5.590000 -3.304474
5.600000 -3.260340
5.610000 -3.214109
5.620000 -3.165800
5.630000 -3.115490
5.640000 -3.063300
5.650000 -3.009228
5.660000 -2.953393
5.670000 -2.895790
5.680000 -2.836484
5.690000 -2.775556
5.700000 -2.712928
5.710000 -2.648779
5.720000 -2.583058
5.730000 -2.515805
5.740000 -2.447131
5.750000 -2.376975
5.760000 -2.305455
5.770000 -2.232530
5.780000 -2.158255
5.790000 -2.082737
5.800000 -2.005929
5.810000 -1.927938
5.820000 -1.848718
5.830000 -1.768330
5.840000 -1.686892
5.850000 -1.604334
5.860000 -1.520783
5.870000 -1.436216
5.880000 -1.350777
5.890000 -1.264676
5.900000 -1.177863
5.910000 -1.090680
5.920000 -1.003130
5.930000 -0.915346
5.940000 -0.827552
5.950000 -0.739763
5.960000 -0.652193
5.970000 -0.564886
5.980000 -0.477994
5.990000 -0.391733
6.000000 -0.306120
6.010000 -0.221375
6.020000 -0.137537
6.030000 -0.054762
6.040000 0.026741
6.050000 0.106947
6.060000 0.185644
6.070000 0.262814
6.080000 0.338406
6.090000 0.412342
6.100000 0.484770
6.110000 0.555523
6.120000 0.624694
6.130000 0.692278
6.140000 0.758208
6.150000 0.822560
6.160000 0.885277
6.170000 0.946425
6.180000 1.005977
6.190000 1.063877
6.200000 1.120196
6.210000 1.174881
6.220000 1.227984
6.230000 1.279484
6.240000 1.329334
6.250000 1.377595
6.260000 1.424216
6.270000 1.469254
6.280000 1.512676
6.290000 1.554447
6.300000 1.594642
6.310000 1.633173
6.320000 1.670075
6.330000 1.705349
6.340000 1.738958
6.350000 1.770939
6.360000 1.801261
6.370000 1.829942
6.380000 1.856978
6.390000 1.882337
6.400000 1.906042
6.410000 1.928073
6.420000 1.948443
6.430000 1.967143
6.440000 1.984156
6.450000 1.999497
6.460000 2.013144
6.470000 2.025112
6.480000 2.035380
6.490000 2.043922
6.500000 2.050735
6.510000 2.055786
6.520000 2.059062
6.530000 2.060549
6.540000 2.060220
6.550000 2.058068
6.560000 2.054068
6.570000 2.048197
6.580000 2.040441
6.590000 2.030789
6.600000 2.019215
6.610000 2.005706
6.620000 1.990232
6.630000 1.972783
6.640000 1.953350
6.650000 1.931890
6.660000 1.908416
6.670000 1.882881
6.680000 1.855324
6.690000 1.825856
6.700000 1.794506
6.710000 1.761413
6.720000 1.726646
6.730000 1.690282
6.740000 1.652447
6.750000 1.613187
6.760000 1.572623
6.770000 1.530810
6.780000 1.487836
6.790000 1.443835
6.800000 1.398844
6.810000 1.352996
6.820000 1.306332
6.830000 1.258953
6.840000 1.210986
6.850000 1.162472
6.860000 1.113531
6.870000 1.064219
6.880000 1.014603
6.890000 0.964760
6.900000 0.914618
6.910000 0.864297
6.920000 0.813762
6.930000 0.763030
6.940000 0.712166
6.950000 0.661128
6.960000 0.609987
6.970000 0.558719
6.980000 0.507342
6.990000 0.455930
7.000000 0.404442
7.010000 0.352942
7.020000 0.301404
7.030000 0.249854
7.040000 0.198364
7.050000 0.146893
7.060000 0.095503
7.070000 0.044169
7.080000 -0.007071
7.090000 -0.058122
7.100000 -0.109022
7.110000 -0.159614
7.120000 -0.209895
7.130000 -0.259814
7.140000 -0.309267
7.150000 -0.358255
7.160000 -0.406681
7.170000 -0.454531
7.180000 -0.501741
7.190000 -0.548210
7.200000 -0.593935
7.210000 -0.638823
7.220000 -0.682853
7.230000 -0.725968
7.240000 -0.768065
7.250000 -0.809140
7.260000 -0.849100
7.270000 -0.887926
7.280000 -0.925562
7.290000 -0.961955
7.300000 -0.997160
7.310000 -1.031117
7.320000 -1.063842
7.330000 -1.095347
7.340000 -1.125601
7.350000 -1.154625
7.360000 -1.182400
7.370000 -1.208943
7.380000 -1.234248
7.390000 -1.258293
7.400000 -1.281094
7.410000 -1.302630
7.420000 -1.322922
7.430000 -1.341967
7.440000 -1.359736
7.450000 -1.376245
7.460000 -1.391487
7.470000 -1.405461
7.480000 -1.418169
7.490000 -1.429601
7.500000 -1.439788
7.510000 -1.448711
7.520000 -1.456391
7.530000 -1.462841
7.540000 -1.468054
7.550000 -1.472045
7.560000 -1.474826
7.570000 -1.476399
7.580000 -1.476773
7.590000 -1.475957
7.600000 -1.473959
7.610000 -1.470788
7.620000 -1.466450
7.630000 -1.460953
7.640000 -1.454306
7.650000 -1.446513
7.660000 -1.437585
7.670000 -1.427527
7.680000 -1.416346
7.690000 -1.404061
7.700000 -1.390663
7.710000 -1.376191
7.720000 -1.360636
7.730000 -1.344011
7.740000 -1.326355
7.750000 -1.307651
7.760000 -1.287925
7.770000 -1.267179
7.780000 -1.245426
7.790000 -1.222692
7.800000 -1.198972
7.810000 -1.174297
7.820000 -1.148655
7.830000 -1.122059
7.840000 -1.094553
7.850000 -1.066115
7.860000 -1.036789
7.870000 -1.006556
7.880000 -0.975426
7.890000 -0.943467
7.900000 -0.910690
7.910000 -0.877213
7.920000 -0.843086
7.930000 -0.808375
7.940000 -0.773175
7.950000 -0.737516
7.960000 -0.701504
7.970000 -0.665180
7.980000 -0.628617
7.990000 -0.591915
8.000000 -0.555109
8.010000 -0.518296
8.020000 -0.481520
8.030000 -0.444852
8.040000 -0.408398
8.050000 -0.372191
8.060000 -0.336325
8.070000 -0.300846
8.080000 -0.265823
8.090000 -0.231341
8.100000 -0.197341
8.110000 -0.163865
8.120000 -0.130868
8.130000 -0.098323
8.140000 -0.066240
8.150000 -0.034568
8.160000 -0.003309
8.170000 0.027577
8.180000 0.058111
8.190000 0.088280
8.200000 0.118134
8.210000 0.147674
8.220000 0.176938
8.230000 0.205946
8.240000 0.234688
8.250000 0.263214
8.260000 0.291521
8.270000 0.319650
8.280000 0.347621
8.290000 0.375412
8.300000 0.403045
8.310000 0.430428
8.320000 0.457530
8.330000 0.484312
8.340000 0.510701
8.350000 0.536673
8.360000 0.562164
8.370000 0.587140
8.380000 0.611555
8.390000 0.635338
8.400000 0.658463
8.410000 0.680866
8.420000 0.702514
8.430000 0.723357
8.440000 0.743329
8.450000 0.762399
8.460000 0.780505
8.470000 0.797617
8.480000 0.813682
8.490000 0.828641
8.500000 0.842511
8.510000 0.855287
8.520000 0.866993
8.530000 0.877656
8.540000 0.887291
8.550000 0.895922
8.560000 0.903562
8.570000 0.910241
8.580000 0.915982
8.590000 0.920793
8.600000 0.924700
8.610000 0.927724
8.620000 0.929885
8.630000 0.931204
8.640000 0.931702
8.650000 0.931393
8.660000 0.930310
8.670000 0.928464
8.680000 0.925870
8.690000 0.922563
8.700000 0.918549
8.710000 0.913841
8.720000 0.908457
8.730000 0.902406
8.740000 0.895704
8.750000 0.888355
8.760000 0.880381
8.770000 0.871790
8.780000 0.862585
8.790000 0.852798
8.800000 0.842422
8.810000 0.831485
8.820000 0.819989
8.830000 0.807942
8.840000 0.795373
8.850000 0.782283
8.860000 0.768690
8.870000 0.754598
8.880000 0.740018
8.890000 0.724979
8.900000 0.709463
8.910000 0.693501
8.920000 0.677097
8.930000 0.660252
8.940000 0.642977
8.950000 0.625272
8.960000 0.607154
8.970000 0.588616
8.980000 0.569667
8.990000 0.550330
9.000000 0.530593
9.010000 0.510474
9.020000 0.489969
9.030000 0.469082
9.040000 0.447840
9.050000 0.426232
9.060000 0.404274
9.070000 0.381962
9.080000 0.359300
9.090000 0.336318
9.100000 0.312994
9.110000 0.289393
9.120000 0.265542
9.130000 0.241469
9.140000 0.217237
9.150000 0.192861
9.160000 0.168394
9.170000 0.143860
9.180000 0.119297
9.190000 0.094766
9.200000 0.070284
9.210000 0.045904
9.220000 0.021649
9.230000 -0.002444
9.240000 -0.026312
9.250000 -0.049938
9.260000 -0.073272
9.270000 -0.096287
9.280000 -0.118948
9.290000 -0.141192
9.300000 -0.163023
9.310000 -0.184396
9.320000 -0.205321
9.330000 -0.225807
9.340000 -0.245836
9.350000 -0.265426
9.360000 -0.284568
9.370000 -0.303272
9.380000 -0.321542
9.390000 -0.339359
9.400000 -0.356741
9.410000 -0.373680
9.420000 -0.390184
9.430000 -0.406257
9.440000 -0.421883
9.450000 -0.437077
9.460000 -0.451832
9.470000 -0.466156
9.480000 -0.480052
9.490000 -0.493507
9.500000 -0.506539
9.510000 -0.519125
9.520000 -0.531259
9.530000 -0.542935
9.540000 -0.554129
9.550000 -0.564840
9.560000 -0.575051
9.570000 -0.584753
9.580000 -0.593939
9.590000 -0.602590
9.600000 -0.610695
9.610000 -0.618236
9.620000 -0.625217
9.630000 -0.631619
9.640000 -0.637424
9.650000 -0.642626
9.660000 -0.647212
9.670000 -0.651176
9.680000 -0.654497
9.690000 -0.657164
9.700000 -0.659173
9.710000 -0.660521
9.720000 -0.661219
9.730000 -0.661284
9.740000 -0.660728
9.750000 -0.659571
9.760000 -0.657824
9.770000 -0.655497
9.780000 -0.652615
9.790000 -0.649189
9.800000 -0.645237
9.810000 -0.640771
9.820000 -0.635802
9.830000 -0.630348
9.840000 -0.624430
9.850000 -0.618059
9.860000 -0.611245
9.870000 -0.604005
9.880000 -0.596357
9.890000 -0.588319
9.900000 -0.579893
9.910000 -0.571098
9.920000 -0.561946
9.930000 -0.552434
9.940000 -0.542577
9.950000 -0.532370
9.960000 -0.521823
9.970000 -0.510937
9.980000 -0.499714
9.990000 -0.488169
10.000000 -0.476300
10.010000 -0.464107
10.020000 -0.451602
10.030000 -0.438787
10.040000 -0.425668
10.050000 -0.412250
10.060000 -0.398539
10.070000 -0.384538
10.080000 -0.370252
10.090000 -0.355686
10.100000 -0.340845
10.110000 -0.325741
10.120000 -0.310485
10.130000 -0.294987
10.140000 -0.279236
10.150000 -0.263324
10.160000 -0.247276
10.170000 -0.231119
10.180000 -0.214881
10.190000 -0.198589
10.200000 -0.182270
10.210000 -0.165950
10.220000 -0.149657
10.230000 -0.133418
10.240000 -0.117259
10.250000 -0.101208
10.260000 -0.085291
10.270000 -0.069537
10.280000 -0.053970
10.290000 -0.038620
10.300000 -0.023512
10.310000 -0.008668
10.320000 0.005908
10.330000 0.020220
10.340000 0.034275
10.350000 0.048080
10.360000 0.061642
10.370000 0.074888
10.380000 0.087928
10.390000 0.100798
10.400000 0.113451
10.410000 0.125892
10.420000 0.138127
10.430000 0.150165
10.440000 0.162010
10.450000 0.173669
10.460000 0.185149
10.470000 0.196457
10.480000 0.207598
10.490000 0.218580
10.500000 0.229408
10.510000 0.240088
10.520000 0.250617
10.530000 0.260986
10.540000 0.271186
10.550000 0.281207
10.560000 0.291039
10.570000 0.300673
10.580000 0.310098
10.590000 0.319306
10.600000 0.328287
10.610000 0.337031
10.620000 0.345479
10.630000 0.353686
10.640000 0.361663
10.650000 0.369364
10.660000 0.376779
10.670000 0.383900
10.680000 0.390716
10.690000 0.397217
10.700000 0.403395
10.710000 0.409238
10.720000 0.414736
10.730000 0.419880
10.740000 0.424656
10.750000 0.429054
10.760000 0.433062
10.770000 0.436669
10.780000 0.439863
10.790000 0.442633
10.800000 0.444967
10.810000 0.446855
10.820000 0.448284
10.830000 0.449245
10.840000 0.449724
10.850000 0.449710
10.860000 0.449193
10.870000 0.448167
10.880000 0.446618
10.890000 0.444527
10.900000 0.441886
10.910000 0.438684
10.920000 0.434926
10.930000 0.430630
10.940000 0.425823
10.950000 0.420534
10.960000 0.414789
10.970000 0.408616
10.980000 0.402041
10.990000 0.395092
11.000000 0.387754
11.010000 0.380105
11.020000 0.372195
11.030000 0.364021
11.040000 0.355610
11.050000 0.346988
11.060000 0.338183
11.070000 0.329223
11.080000 0.320134
11.090000 0.310944
11.100000 0.301680
11.110000 0.292369
11.120000 0.283083
11.130000 0.273764
11.140000 0.264378
11.150000 0.254966
11.160000 0.245524
11.170000 0.236050
11.180000 0.226540
11.190000 0.216993
11.200000 0.207406
11.210000 0.197777
11.220000 0.188103
11.230000 0.178381
11.240000 0.168609
11.250000 0.158784
11.260000 0.148904
11.270000 0.138966
11.280000 0.128968
11.290000 0.118906
11.300000 0.108780
11.310000 0.098586
11.320000 0.088324
11.330000 0.078003
11.340000 0.067636
11.350000 0.057239
11.360000 0.046824
11.370000 0.036463
11.380000 0.026104
11.390000 0.015723
11.400000 0.005381
11.410000 -0.004907
11.420000 -0.015127
11.430000 -0.025265
11.440000 -0.035307
11.450000 -0.045239
11.460000 -0.055046
11.470000 -0.064714
11.480000 -0.074230
11.490000 -0.083578
11.500000 -0.092746
11.510000 -0.101717
11.520000 -0.110482
11.530000 -0.119034
11.540000 -0.127378
11.550000 -0.135518
11.560000 -0.143456
11.570000 -0.151197
11.580000 -0.158746
11.590000 -0.166107
11.600000 -0.173283
11.610000 -0.180278
11.620000 -0.187060
11.630000 -0.193676
11.640000 -0.200155
11.650000 -0.206469
11.660000 -0.212622
11.670000 -0.218619
11.680000 -0.224463
11.690000 -0.230159
11.700000 -0.235710
11.710000 -0.241121
11.720000 -0.246394
11.730000 -0.251528
11.740000 -0.256514
11.750000 -0.261342
11.760000 -0.266004
11.770000 -0.270488
11.780000 -0.274786
11.790000 -0.278887
11.800000 -0.282782
11.810000 -0.286462
11.820000 -0.289916
11.830000 -0.293135
11.840000 -0.296109
11.850000 -0.298828
11.860000 -0.301283
11.870000 -0.303453
11.880000 -0.305343
11.890000 -0.306949
11.900000 -0.308252
11.910000 -0.309242
11.920000 -0.309910
11.930000 -0.310252
11.940000 -0.310268
11.950000 -0.309966
11.960000 -0.309350
11.970000 -0.308424
11.980000 -0.307195
11.990000 -0.305667
12.000000 -0.303845
12.010000 -0.301735
12.020000 -0.299341
12.030000 -0.296668
12.040000 -0.293723
12.050000 -0.290509
12.060000 -0.287032
12.070000 -0.283297
12.080000 -0.279309
12.090000 -0.275074
12.100000 -0.270596
12.110000 -0.265880
12.120000 -0.260957
12.130000 -0.255811
12.140000 -0.250425
12.150000 -0.244838
12.160000 -0.239062
12.170000 -0.233111
12.180000 -0.226997
12.190000 -0.220734
12.200000 -0.214334
12.210000 -0.207810
12.220000 -0.201176
12.230000 -0.194444
12.240000 -0.187628
12.250000 -0.180740
12.260000 -0.173794
12.270000 -0.166802
12.280000 -0.159777
12.290000 -0.152733
12.300000 -0.145682
12.310000 -0.138637
12.320000 -0.131612
12.330000 -0.124616
12.340000 -0.117653
12.350000 -0.110720
12.360000 -0.103814
12.370000 -0.096968
12.380000 -0.090144
12.390000 -0.083305
12.400000 -0.076485
12.410000 -0.069679
12.420000 -0.062885
12.430000 -0.056100
12.440000 -0.049323
12.450000 -0.042550
12.460000 -0.035779
12.470000 -0.029007
12.480000 -0.022232
12.490000 -0.015451
12.500000 -0.008661
12.510000 -0.001861
12.520000 0.004954
12.530000 0.011783
12.540000 0.018622
12.550000 0.025460
12.560000 0.032288
12.570000 0.039093
12.580000 0.045864
12.590000 0.052592
12.600000 0.059264
12.610000 0.065870
12.620000 0.072367
12.630000 0.078775
12.640000 0.085117
12.650000 0.091350
12.660000 0.097461
12.670000 0.103439
12.680000 0.109275
12.690000 0.114957
12.700000 0.120474
12.710000 0.125814
12.720000 0.130967
12.730000 0.135923
12.740000 0.140679
12.750000 0.145235
12.760000 0.149598
12.770000 0.153773
12.780000 0.157764
12.790000 0.161574
12.800000 0.165211
12.810000 0.168677
12.820000 0.171977
12.830000 0.175117
12.840000 0.178101
12.850000 0.180933
12.860000 0.183619
12.870000 0.186151
12.880000 0.188546
12.890000 0.190821
12.900000 0.192968
12.910000 0.194992
12.920000 0.196896
12.930000 0.198687
12.940000 0.200365
12.950000 0.201926
12.960000 0.203366
12.970000 0.204679
12.980000 0.205860
12.990000 0.206904
13.000000 0.207809
13.010000 0.208565
13.020000 0.209164
13.030000 0.209605
13.040000 0.209883
13.050000 0.209992
13.060000 0.209927
13.070000 0.209683
13.080000 0.209256
13.090000 0.208639
13.100000 0.207827
13.110000 0.206815
13.120000 0.205604
13.130000 0.204187
13.140000 0.202550
13.150000 0.200705
13.160000 0.198660
13.170000 0.196421
13.180000 0.193997
13.190000 0.191393
13.200000 0.188618
13.210000 0.185680
13.220000 0.182584
13.230000 0.179339
13.240000 0.175952
13.250000 0.172430
13.260000 0.168781
13.270000 0.165012
13.280000 0.161130
13.290000 0.157143
13.300000 0.153058
13.310000 0.148883
13.320000 0.144624
13.330000 0.140289
13.340000 0.135884
13.350000 0.131412
13.360000 0.126875
13.370000 0.122294
13.380000 0.117653
13.390000 0.112924
13.400000 0.108131
13.410000 0.103277
13.420000 0.098362
13.430000 0.093386
13.440000 0.088351
13.450000 0.083256
13.460000 0.078104
13.470000 0.072894
13.480000 0.067628
13.490000 0.062307
13.500000 0.056930
13.510000 0.051499
13.520000 0.046014
13.530000 0.040477
13.540000 0.034890
13.550000 0.029258
13.560000 0.023592
13.570000 0.017905
13.580000 0.012206
13.590000 0.006507
13.600000 0.000820
13.610000 -0.004845
13.620000 -0.010450
13.630000 -0.016006
13.640000 -0.021536
13.650000 -0.026998
13.660000 -0.032382
13.670000 -0.037676
13.680000 -0.042869
13.690000 -0.047949
13.700000 -0.052906
13.710000 -0.057728
13.720000 -0.062405
13.730000 -0.066923
13.740000 -0.071275
13.750000 -0.075453
13.760000 -0.079462
13.770000 -0.083306
13.780000 -0.086986
13.790000 -0.090508
13.800000 -0.093875
13.810000 -0.097091
13.820000 -0.100160
13.830000 -0.103086
13.840000 -0.105872
13.850000 -0.108522
13.860000 -0.111040
13.870000 -0.113420
13.880000 -0.115674
13.890000 -0.117820
13.900000 -0.119849
13.910000 -0.121765
13.920000 -0.123572
13.930000 -0.125273
13.940000 -0.126873
13.950000 -0.128374
13.960000 -0.129779
13.970000 -0.131089
13.980000 -0.132308
13.990000 -0.133436
14.000000 -0.134477
14.010000 -0.135432
14.020000 -0.136303
14.030000 -0.137092
14.040000 -0.137802
14.050000 -0.138434
14.060000 -0.138991
14.070000 -0.139474
14.080000 -0.139886
14.090000 -0.140229
14.100000 -0.140505
14.110000 -0.140716
14.120000 -0.140862
14.130000 -0.140949
14.140000 -0.140977
14.150000 -0.140947
14.160000 -0.140854
14.170000 -0.140695
14.180000 -0.140464
14.190000 -0.140155
14.200000 -0.139765
14.210000 -0.139288
14.220000 -0.138719
14.230000 -0.138053
14.240000 -0.137284
14.250000 -0.136408
14.260000 -0.135420
14.270000 -0.134314
14.280000 -0.133085
14.290000 -0.131730
14.300000 -0.130242
14.310000 -0.128617
14.320000 -0.126849
14.330000 -0.124933
14.340000 -0.122865
14.350000 -0.120641
14.360000 -0.118266
14.370000 -0.115760
14.380000 -0.113125
14.390000 -0.110350
14.400000 -0.107459
14.410000 -0.104461
14.420000 -0.101364
14.430000 -0.098179
14.440000 -0.094913
14.450000 -0.091575
14.460000 -0.088174
14.470000 -0.084719
14.480000 -0.081220
14.490000 -0.077685
14.500000 -0.074123
14.510000 -0.070543
14.520000 -0.066953
14.530000 -0.063363
14.540000 -0.059782
14.550000 -0.056217
14.560000 -0.052672
14.570000 -0.049151
14.580000 -0.045653
14.590000 -0.042179
14.600000 -0.038730
14.610000 -0.035307
14.620000 -0.031925
14.630000 -0.028576
14.640000 -0.025237
14.650000 -0.021927
14.660000 -0.018647
14.670000 -0.015399
14.680000 -0.012183
14.690000 -0.009000
14.700000 -0.005851
14.710000 -0.002737
14.720000 0.000341
14.730000 0.003382
14.740000 0.006386
14.750000 0.009351
14.760000 0.012278
14.770000 0.015170
14.780000 0.018027
14.790000 0.020854
14.800000 0.023651
14.810000 0.026421
14.820000 0.029167
14.830000 0.031890
14.840000 0.034593
14.850000 0.037278
14.860000 0.039948
14.870000 0.042593
14.880000 0.045222
14.890000 0.047859
14.900000 0.050488
14.910000 0.053114
14.920000 0.055737
14.930000 0.058360
14.940000 0.060986
14.950000 0.063616
14.960000 0.066249
14.970000 0.068878
14.980000 0.071495
14.990000 0.074091
15.000000 0.076668
15.010000 0.079211
15.020000 0.081693
15.030000 0.084118
15.040000 0.086481
15.050000 0.088770
15.060000 0.090978
15.070000 0.093097
15.080000 0.095118
15.090000 0.097032
15.100000 0.098831
15.110000 0.100505
15.120000 0.102041
15.130000 0.103435
15.140000 0.104688
15.150000 0.105783
15.160000 0.106714
15.170000 0.107484
15.180000 0.108097
15.190000 0.108558
15.200000 0.108871
15.210000 0.109042
15.220000 0.109075
15.230000 0.108977
15.240000 0.108750
15.250000 0.108401
15.260000 0.107934
15.270000 0.107353
15.280000 0.106665
15.290000 0.105873
15.300000 0.104984
15.310000 0.104000
15.320000 0.102928
15.330000 0.101772
15.340000 0.100537
15.350000 0.099229
15.360000 0.097851
15.370000 0.096414
15.380000 0.094919
15.390000 0.093358
15.400000 0.091742
15.410000 0.090075
15.420000 0.088361
15.430000 0.086604
15.440000 0.084808
15.450000 0.082975
15.460000 0.081111
15.470000 0.079217
15.480000 0.077298
15.490000 0.075358
15.500000 0.073399
15.510000 0.071427
15.520000 0.069444
15.530000 0.067455
15.540000 0.065462
15.550000 0.063470
15.560000 0.061481
15.570000 0.059495
15.580000 0.057508
15.590000 0.055519
15.600000 0.053522
15.610000 0.051515
15.620000 0.049501
15.630000 0.047476
15.640000 0.045416
15.650000 0.043332
15.660000 0.041220
15.670000 0.039077
15.680000 0.036899
15.690000 0.034682
15.700000 0.032424
15.710000 0.030120
15.720000 0.027767
15.730000 0.025363
15.740000 0.022902
15.750000 0.020382
15.760000 0.017800
15.770000 0.015157
15.780000 0.012460
15.790000 0.009718
15.800000 0.006937
15.810000 0.004126
15.820000 0.001293
15.830000 -0.001555
15.840000 -0.004409
15.850000 -0.007263
15.860000 -0.010107
15.870000 -0.012923
15.880000 -0.015708
15.890000 -0.018478
15.900000 -0.021207
15.910000 -0.023888
15.920000 -0.026513
15.930000 -0.029073
15.940000 -0.031562
15.950000 -0.033970
15.960000 -0.036291
15.970000 -0.038520
15.980000 -0.040655
15.990000 -0.042698
16.000000 -0.044649
16.010000 -0.046509
16.020000 -0.048278
16.030000 -0.049957
16.040000 -0.051546
16.050000 -0.053047
16.060000 -0.054461
16.070000 -0.055786
16.080000 -0.057025
16.090000 -0.058179
16.100000 -0.059246
16.110000 -0.060229
16.120000 -0.061125
16.130000 -0.061937
16.140000 -0.062671
16.150000 -0.063323
16.160000 -0.063894
16.170000 -0.064385
16.180000 -0.064801
16.190000 -0.065146
16.200000 -0.065426
16.210000 -0.065646
16.220000 -0.065810
16.230000 -0.065925
16.240000 -0.065996
16.250000 -0.066027
16.260000 -0.066024
16.270000 -0.065992
16.280000 -0.065935
16.290000 -0.065860
16.300000 -0.065771
16.310000 -0.065674
16.320000 -0.065573
16.330000 -0.065474
16.340000 -0.065382
16.350000 -0.065302
16.360000 -0.065240
16.370000 -0.065197
16.380000 -0.065172
16.390000 -0.065158
16.400000 -0.065148
16.410000 -0.065134
16.420000 -0.065111
16.430000 -0.065070
16.440000 -0.065006
16.450000 -0.064909
16.460000 -0.064775
16.470000 -0.064595
16.480000 -0.064363
16.490000 -0.064072
16.500000 -0.063714
16.510000 -0.063284
16.520000 -0.062772
16.530000 -0.062174
16.540000 -0.061482
16.550000 -0.060688
16.560000 -0.059785
16.570000 -0.058769
16.580000 -0.057642
16.590000 -0.056409
16.600000 -0.055083
16.610000 -0.053671
16.620000 -0.052188
16.630000 -0.050643
16.640000 -0.049029
16.650000 -0.047365
16.660000 -0.045661
16.670000 -0.043926
16.680000 -0.042168
16.690000 -0.040396
16.700000 -0.038621
16.710000 -0.036850
16.720000 -0.035093
16.730000 -0.033359
16.740000 -0.031656
16.750000 -0.029995
16.760000 -0.028383
16.770000 -0.026829
16.780000 -0.025336
16.790000 -0.023898
16.800000 -0.022509
16.810000 -0.021161
16.820000 -0.019849
16.830000 -0.018566
16.840000 -0.017305
16.850000 -0.016060
16.860000 -0.014824
16.870000 -0.013594
16.880000 -0.012365
16.890000 -0.011117
16.900000 -0.009851
16.910000 -0.008562
16.920000 -0.007242
16.930000 -0.005885
16.940000 -0.004484
16.950000 -0.003033
16.960000 -0.001525
16.970000 0.000045
16.980000 0.001681
16.990000 0.003374
17.000000 0.005124
17.010000 0.006920
17.020000 0.008736
17.030000 0.010576
17.040000 0.012431
17.050000 0.014292
17.060000 0.016150
17.070000 0.017996
17.080000 0.019823
17.090000 0.021620
17.100000 0.023380
17.110000 0.025094
17.120000 0.026747
17.130000 0.028332
17.140000 0.029855
17.150000 0.031297
17.160000 0.032650
17.170000 0.033904
17.180000 0.035055
17.190000 0.036105
17.200000 0.037062
17.210000 0.037932
17.220000 0.038722
17.230000 0.039438
17.240000 0.040088
17.250000 0.040678
17.260000 0.041214
17.270000 0.041704
17.280000 0.042155
17.290000 0.042572
17.300000 0.042964
17.310000 0.043335
17.320000 0.043695
17.330000 0.044048
17.340000 0.044402
17.350000 0.044764
17.360000 0.045140
17.370000 0.045535
17.380000 0.045955
17.390000 0.046400
17.400000 0.046863
17.410000 0.047335
17.420000 0.047811
17.430000 0.048283
17.440000 0.048745
17.450000 0.049190
17.460000 0.049611
17.470000 0.050001
17.480000 0.050353
17.490000 0.050661
17.500000 0.050918
17.510000 0.051117
17.520000 0.051251
17.530000 0.051314
17.540000 0.051298
17.550000 0.051197
17.560000 0.051003
17.570000 0.050712
17.580000 0.050315
17.590000 0.049816
17.600000 0.049221
17.610000 0.048537
17.620000 0.047775
17.630000 0.046944
17.640000 0.046041
17.650000 0.045081
17.660000 0.044069
17.670000 0.043016
17.680000 0.041927
17.690000 0.040810
17.700000 0.039674
17.710000 0.038525
17.720000 0.037372
17.730000 0.036221
17.740000 0.035082
17.750000 0.033960
17.760000 0.032865
17.770000 0.031803
17.780000 0.030781
17.790000 0.029802
17.800000 0.028860
17.810000 0.027952
17.820000 0.027072
17.830000 0.026213
17.840000 0.025372
17.850000 0.024541
17.860000 0.023718
17.870000 0.022897
17.880000 0.022075
17.890000 0.021238
17.900000 0.020386
17.910000 0.019513
17.920000 0.018614
17.930000 0.017684
17.940000 0.016718
17.950000 0.015710
17.960000 0.014655
17.970000 0.013547
17.980000 0.012382
17.990000 0.011158
18.000000 0.009880
18.010000 0.008555
18.020000 0.007189
18.030000 0.005790
18.040000 0.004364
18.050000 0.002918
18.060000 0.001459
18.070000 -0.000007
18.080000 -0.001473
18.090000 -0.002931
18.100000 -0.004376
18.110000 -0.005799
18.120000 -0.007192
18.130000 -0.008545
18.140000 -0.009866
18.150000 -0.011140
18.160000 -0.012359
18.170000 -0.013517
18.180000 -0.014608
18.190000 -0.015625
18.200000 -0.016573
18.210000 -0.017455
18.220000 -0.018276
18.230000 -0.019040
18.240000 -0.019752
18.250000 -0.020417
18.260000 -0.021039
18.270000 -0.021623
18.280000 -0.022173
18.290000 -0.022694
18.300000 -0.023190
18.310000 -0.023666
18.320000 -0.024128
18.330000 -0.024578
18.340000 -0.025022
18.350000 -0.025465
18.360000 -0.025910
18.370000 -0.026362
18.380000 -0.026824
18.390000 -0.027304
18.400000 -0.027799
18.410000 -0.028303
18.420000 -0.028814
18.430000 -0.029325
18.440000 -0.029834
18.450000 -0.030336
18.460000 -0.030827
18.470000 -0.031302
18.480000 -0.031757
18.490000 -0.032188
18.500000 -0.032590
18.510000 -0.032961
18.520000 -0.033294
18.530000 -0.033586
18.540000 -0.033832
18.550000 -0.034029
18.560000 -0.034172
18.570000 -0.034257
18.580000 -0.034279
18.590000 -0.034236
18.600000 -0.034129
18.610000 -0.033963
18.620000 -0.033747
18.630000 -0.033487
18.640000 -0.033186
18.650000 -0.032853
18.660000 -0.032494
18.670000 -0.032116
18.680000 -0.031725
18.690000 -0.031328
18.700000 -0.030931
18.710000 -0.030540
18.720000 -0.030162
18.730000 -0.029803
18.740000 -0.029471
18.750000 -0.029171
18.760000 -0.028909
18.770000 -0.028693
18.780000 -0.028529
18.790000 -0.028422
18.800000 -0.028372
18.810000 -0.028371
18.820000 -0.028411
18.830000 -0.028481
18.840000 -0.028573
18.850000 -0.028677
18.860000 -0.028784
18.870000 -0.028886
18.880000 -0.028971
18.890000 -0.029034
18.900000 -0.029062
18.910000 -0.029048
18.920000 -0.028982
18.930000 -0.028854
18.940000 -0.028657
18.950000 -0.028380
18.960000 -0.028014
18.970000 -0.027550
18.980000 -0.026978
18.990000 -0.026291
19.000000 -0.025483
19.010000 -0.024555
19.020000 -0.023530
19.030000 -0.022408
19.040000 -0.021200
19.050000 -0.019914
19.060000 -0.018558
19.070000 -0.017141
19.080000 -0.015672
19.090000 -0.014161
19.100000 -0.012614
19.110000 -0.011043
19.120000 -0.009458
19.130000 -0.007873
19.140000 -0.006277
19.150000 -0.004690
19.160000 -0.003121
19.170000 -0.001579
19.180000 -0.000073
19.190000 0.001389
19.200000 0.002800
19.210000 0.004159
19.220000 0.005464
19.230000 0.006718
19.240000 0.007919
19.250000 0.009069
19.260000 0.010168
19.270000 0.011215
19.280000 0.012211
19.290000 0.013157
19.300000 0.014053
19.310000 0.014898
19.320000 0.015694
19.330000 0.016440
19.340000 0.017138
19.350000 0.017786
19.360000 0.018386
19.370000 0.018936
19.380000 0.019436
19.390000 0.019892
19.400000 0.020301
19.410000 0.020666
19.420000 0.020989
19.430000 0.021273
19.440000 0.021523
19.450000 0.021742
19.460000 0.021931
19.470000 0.022096
19.480000 0.022240
19.490000 0.022364
19.500000 0.022474
19.510000 0.022572
19.520000 0.022661
19.530000 0.022745
19.540000 0.022826
19.550000 0.022910
19.560000 0.022997
19.570000 0.023093
19.580000 0.023200
19.590000 0.023321
19.600000 0.023459
19.610000 0.023615
19.620000 0.023783
19.630000 0.023961
19.640000 0.024148
19.650000 0.024338
19.660000 0.024529
19.670000 0.024717
19.680000 0.024899
19.690000 0.025072
19.700000 0.025232
19.710000 0.025377
19.720000 0.025502
19.730000 0.025604
19.740000 0.025681
19.750000 0.025728
19.760000 0.025743
19.770000 0.025723
19.780000 0.025663
19.790000 0.025561
19.800000 0.025413
19.810000 0.025220
19.820000 0.024982
19.830000 0.024702
19.840000 0.024382
19.850000 0.024025
19.860000 0.023634
19.870000 0.023210
19.880000 0.022760
19.890000 0.022278
19.900000 0.021770
19.910000 0.021240
19.920000 0.020689
19.930000 0.020119
19.940000 0.019533
19.950000 0.018934
19.960000 0.018323
19.970000 0.017703
19.980000 0.017077
19.990000 0.016447
