0 -430.696
0.01 -430.68001
0.02 -430.63304
0.03 -430.55509
0.04 -430.44518
0.05 -430.30328
0.06 -430.13141
0.07 -429.92657
0.08 -429.69175
0.09 -429.42496
0.1 -429.1262
0.11 -428.79645
0.12 -428.43573
0.13 -428.04304
0.14 -427.61937
0.15 -427.16473
0.16 -426.67812
0.17 -426.15953
0.18 -425.61095
0.19 -425.02942
0.2 -424.41789
0.21 -423.77441
0.22 -423.09895
0.23 -422.3925
0.24 -421.65508
0.25 -420.8857
0.26 -420.08533
0.27 -419.25398
0.28 -418.39067
0.29 -417.49539
0.3 -416.57011
0.31 -415.61189
0.32 -414.62365
0.33 -413.60347
0.34 -412.55132
0.35 -411.46817
0.36 -410.35405
0.37 -409.20797
0.38 -408.0309
0.39 -406.82285
0.4 -405.58285
0.41 -404.31087
0.42 -403.00888
0.43 -401.67397
0.44 -400.30903
0.45 -398.91215
0.46 -397.4833
0.47 -396.02346
0.48 -394.53263
0.49 -393.00986
0.5 -391.45609
0.51 -389.87134
0.52 -388.25464
0.53 -386.60597
0.54 -384.92727
0.55 -383.21567
0.56 -381.47403
0.57 -379.70045
0.58 -377.89491
0.59 -376.05934
0.6 -374.19086
0.61 -372.29234
0.62 -370.36092
0.63 -368.39945
0.64 -366.40605
0.65 -364.38165
0.66 -362.32531
0.67 -360.23796
0.68 -358.11867
0.69 -355.96837
0.7 -353.7871
0.71 -351.57388
0.72 -349.32869
0.73 -347.05346
0.74 -344.74632
0.75 -342.4072
0.76 -340.03708
0.77 -337.63598
0.78 -335.20294
0.79 -332.73889
0.8 -330.2429
0.81 -327.71591
0.82 -325.15793
0.83 -322.56802
0.84 -319.94613
0.85 -317.2942
0.86 -314.61036
0.87 -311.89455
0.88 -309.14773
0.89 -306.36993
0.9 -303.56019
0.91 -300.71944
0.92 -297.84676
0.93 -294.94306
0.94 -292.00839
0.95 -289.04178
0.96 -286.04415
0.97 -283.01459
0.98 -279.95402
0.99 -276.86151
1 -273.73799
1.01 -270.58228
1.02 -267.39762
1.03 -264.17902
1.04 -260.93145
1.05 -257.64989
1.06 -254.33719
1.07 -250.99573
1.08 -247.62021
1.09 -244.21585
1.1 -240.77736
1.11 -237.30677
1.12 -233.80943
1.13 -230.27608
1.14 -226.71487
1.15 -223.11946
1.16 -219.49289
1.17 -215.83785
1.18 -212.14752
1.19 -208.42953
1.2 -204.67719
1.21 -200.89273
1.22 -197.08085
1.23 -193.23455
1.24 -189.35981
1.25 -185.4496
1.26 -181.50625
1.27 -178.2597
1.28 -175.28981
1.29 -170.81778
1.3 -166.7909
1.31 -162.82418
1.32 -158.90461
1.33 -155.03685
1.34 -151.2351
1.35 -147.49669
1.36 -143.82791
1.37 -140.23158
1.38 -136.69721
1.39 -133.22429
1.4 -129.80246
1.41 -126.42406
1.42 -123.08613
1.43 -119.77373
1.44 -116.48469
1.45 -113.20895
1.46 -109.94337
1.47 -106.68803
1.48 -103.43775
1.49 -100.19927
1.5 -96.969458
1.51 -93.755668
1.52 -90.567014
1.53 -87.404327
1.54 -84.28015
1.55 -81.195965
1.56 -78.160978
1.57 -75.183832
1.58 -72.264021
1.59 -69.410084
1.6 -66.619349
1.61 -63.895174
1.62 -61.239905
1.63 -58.647166
1.64 -56.119169
1.65 -53.648142
1.66 -51.232679
1.67 -48.870902
1.68 -46.554591
1.69 -44.283899
1.7 -42.051433
1.71 -39.85611
1.72 -37.697846
1.73 -35.57147
1.74 -33.479845
1.75 -31.41966
1.76 -29.393466
1.77 -27.404807
1.78 -25.451971
1.79 -23.540697
1.8 -21.67026
1.81 -19.844706
1.82 -18.068038
1.83 -16.33934
1.84 -14.66343
1.85 -13.038654
1.86 -11.467288
1.87 -9.9514026
1.88 -8.4882323
1.89 -7.0798719
1.9 -5.7231166
1.91 -4.4179912
1.92 -3.1644046
1.93 -1.9585956
1.94 -0.80100326
1.95 0.31201885
1.96 1.3811819
1.97 2.4070066
1.98 3.3928099
1.99 4.3382042
2 5.24595
2.01 6.1162552
2.02 6.9490746
2.03 7.7465458
2.04 8.5077801
2.05 9.2344176
2.06 9.9261068
2.07 10.582371
2.08 11.204406
2.09 11.791343
2.1 12.3442
2.11 12.862598
2.12 13.346147
2.13 13.795913
2.14 14.211235
2.15 14.593106
2.16 14.941396
2.17 15.256257
2.18 15.538583
2.19 15.788368
2.2 16.006362
2.21 16.193017
2.22 16.348688
2.23 16.47408
2.24 16.569729
2.25 16.63634
2.26 16.674405
2.27 16.6846
2.28 16.667665
2.29 16.624309
2.3 16.555087
2.31 16.460787
2.32 16.342232
2.33 16.200211
2.34 16.035482
2.35 15.848747
2.36 15.640921
2.37 15.413119
2.38 15.165684
2.39 14.899974
2.4 14.616298
2.41 14.315711
2.42 13.999335
2.43 13.667169
2.44 13.32069
2.45 12.959805
2.46 12.585328
2.47 12.198243
2.48 11.798319
2.49 11.386589
2.5 10.9628
2.51 10.52754
2.52 10.081642
2.53 9.624731
2.54 9.1578799
2.55 8.6807903
2.56 8.1942809
2.57 7.6994265
2.58 7.1961026
2.59 6.6858845
2.6 6.1688729
2.61 5.646431
2.62 5.1202034
2.63 4.5905063
2.64 4.059445
2.65 3.5274784
2.66 2.9962945
2.67 2.4677072
2.68 1.9420425
2.69 1.4212648
2.7 0.90555282
2.71 0.39611357
2.72 -0.10586736
2.73 -0.60073175
2.74 -1.087379
2.75 -1.5664258
2.76 -2.0375347
2.77 -2.500376
2.78 -2.9559405
2.79 -3.4037968
2.8 -3.8449352
2.81 -4.2793146
2.82 -4.7067127
2.83 -5.1279478
2.84 -5.5423566
2.85 -5.9504132
2.86 -6.3515158
2.87 -6.7447966
2.88 -7.130291
2.89 -7.5066647
2.9 -7.8736468
2.91 -8.2300691
2.92 -8.5746471
2.93 -8.9070553
2.94 -9.2259142
2.95 -9.5309841
2.96 -9.821441
2.97 -10.096575
2.98 -10.356662
2.99 -10.601269
3 -10.830952
3.01 -11.046004
3.02 -11.246721
3.03 -11.434118
3.04 -11.608691
3.05 -11.771685
3.06 -11.923802
3.07 -12.065787
3.08 -12.198601
3.09 -12.322651
3.1 -12.438728
3.11 -12.546995
3.12 -12.64755
3.13 -12.740412
3.14 -12.825152
3.15 -12.9016
3.16 -12.969046
3.17 -13.026732
3.18 -13.073971
3.19 -13.109888
3.2 -13.133746
3.21 -13.144797
3.22 -13.142254
3.23 -13.125674
3.24 -13.09476
3.25 -13.049175
3.26 -12.988973
3.27 -12.914411
3.28 -12.825842
3.29 -12.723975
3.3 -12.609265
3.31 -12.482796
3.32 -12.345455
3.33 -12.198164
3.34 -12.042157
3.35 -11.878037
3.36 -11.707035
3.37 -11.530093
3.38 -11.347632
3.39 -11.160702
3.4 -10.969485
3.41 -10.774488
3.42 -10.576222
3.43 -10.374501
3.44 -10.169717
3.45 -9.961492
3.46 -9.7499115
3.47 -9.5350746
3.48 -9.3164963
3.49 -9.0943578
3.5 -8.8682366
3.51 -8.6381668
3.52 -8.4043685
3.53 -8.16651
3.54 -7.9250309
3.55 -7.6797479
3.56 -7.4310264
3.57 -7.1794
3.58 -6.9248164
3.59 -6.6680128
3.6 -6.4090292
3.61 -6.1484195
3.62 -5.8868805
3.63 -5.624417
3.64 -5.3618021
3.65 -5.0990459
3.66 -4.8366331
3.67 -4.5751638
3.68 -4.3144838
3.69 -4.0552181
3.7 -3.7972174
3.71 -3.5407861
3.72 -3.2863462
3.73 -3.033611
3.74 -2.783053
3.75 -2.534414
3.76 -2.287907
3.77 -2.0438551
3.78 -1.8019416
3.79 -1.5625821
3.8 -1.3255045
3.81 -1.0909014
3.82 -0.85908415
3.83 -0.62975119
3.84 -0.403287
3.85 -0.17944061
3.86 0.041604522
3.87 0.25957075
3.88 0.47473968
3.89 0.68675812
3.9 0.89586657
3.91 1.101887
3.92 1.3045628
3.93 1.5041329
3.94 1.7002424
3.95 1.8930566
3.96 2.0823675
3.97 2.2678549
3.98 2.4496392
3.99 2.6273095
4 2.8008996
4.01 2.9700932
4.02 3.1344878
4.03 3.29408
4.04 3.4483917
4.05 3.5973494
4.06 3.7406042
4.07 3.8777653
4.08 4.0087951
4.09 4.133298
4.1 4.2512517
4.11 4.3624302
4.12 4.4666356
4.13 4.5639503
4.14 4.6542526
4.15 4.7376965
4.16 4.814327
4.17 4.8842235
4.18 4.9476975
4.19 5.0048962
4.2 5.0561713
4.21 5.1017938
4.22 5.1420397
4.23 5.1773013
4.24 5.2078508
4.25 5.2340501
4.26 5.2561586
4.27 5.27441
4.28 5.2890509
4.29 5.3002203
4.3 5.3080264
4.31 5.3125158
4.32 5.313678
4.33 5.3114396
4.34 5.305679
4.35 5.2962274
4.36 5.2828564
4.37 5.2653506
4.38 5.2434243
4.39 5.2168346
4.4 5.1852794
4.41 5.1485134
4.42 5.1063599
4.43 5.0585758
4.44 5.0050738
4.45 4.945713
4.46 4.8804696
4.47 4.809463
4.48 4.7326962
4.49 4.650408
4.5 4.5627352
4.51 4.4699706
4.52 4.3725272
4.53 4.2706205
4.54 4.1647627
4.55 4.0552019
4.56 3.9423788
4.57 3.8267915
4.58 3.7086293
4.59 3.588374
4.6 3.4661466
4.61 3.342251
4.62 3.2169883
4.63 3.0903058
4.64 2.9624414
4.65 2.8332558
4.66 2.7027902
4.67 2.5711149
4.68 2.4379389
4.69 2.3033428
4.7 2.1670302
4.71 2.0289511
4.72 1.8891527
4.73 1.7473701
4.74 1.6037598
4.75 1.4581581
4.76 1.3106858
4.77 1.1616179
4.78 1.0109197
4.79 0.85901263
4.8 0.70599293
4.81 0.5522515
4.82 0.39830544
4.83 0.24432895
4.84 0.090918377
4.85 -0.061703771
4.86 -0.21306779
4.87 -0.36263765
4.88 -0.51027227
4.89 -0.65547396
4.9 -0.79814872
4.91 -0.93801561
4.92 -1.0747714
4.93 -1.2084934
4.94 -1.3389656
4.95 -1.4663315
4.96 -1.5905652
4.97 -1.7116005
4.98 -1.8297015
4.99 -1.9448169
5 -2.057184
5.01 -2.1667668
5.02 -2.2737735
5.03 -2.3782121
5.04 -2.4800057
5.05 -2.5793024
5.06 -2.675927
5.07 -2.7699336
5.08 -2.861166
5.09 -2.949405
5.1 -3.0346136
5.11 -3.1165201
5.12 -3.1950448
5.13 -3.2699651
5.14 -3.3410424
5.15 -3.4082337
5.16 -3.4713189
5.17 -3.5302733
5.18 -3.5849951
5.19 -3.6354177
5.2 -3.6815976
5.21 -3.7235308
5.22 -3.7613216
5.23 -3.7950481
5.24 -3.8247887
5.25 -3.8507127
5.26 -3.8729107
5.27 -3.8915452
5.28 -3.9067289
5.29 -3.918537
5.3 -3.9270758
5.31 -3.9323927
5.32 -3.934529
5.33 -3.9334864
5.34 -3.929244
5.35 -3.9217448
5.36 -3.9109443
5.37 -3.8967421
5.38 -3.8790625
5.39 -3.8578394
5.4 -3.8329647
5.41 -3.8043934
5.42 -3.7720557
5.43 -3.7359282
5.44 -3.6960659
5.45 -3.6524636
5.46 -3.6052424
5.47 -3.5544616
5.48 -3.5002931
5.49 -3.4429548
5.5 -3.3825866
5.51 -3.3194769
5.52 -3.253799
5.53 -3.1858219
5.54 -3.1158643
5.55 -3.044084
5.56 -2.970802
5.57 -2.8961461
5.58 -2.8203392
5.59 -2.7436341
5.6 -2.6660838
5.61 -2.5878846
5.62 -2.509035
5.63 -2.4296398
5.64 -2.3498119
5.65 -2.2694585
5.66 -2.1886696
5.67 -2.1073569
5.68 -2.0255149
5.69 -1.9432012
5.7 -1.86028
5.71 -1.7768267
5.72 -1.6927333
5.73 -1.6080207
5.74 -1.5227816
5.75 -1.4369377
5.76 -1.3505985
5.77 -1.2637347
5.78 -1.1764217
5.79 -1.0888253
5.8 -1.0009175
5.81 -0.91287266
5.82 -0.82469003
5.83 -0.7364925
5.84 -0.64846486
5.85 -0.5605872
5.86 -0.47304541
5.87 -0.38583673
5.88 -0.29907275
5.89 -0.21292229
5.9 -0.12735313
5.91 -0.042532321
5.92 0.041554229
5.93 0.12480703
5.94 0.2070672
5.95 0.2883631
5.96 0.36852894
5.97 0.44756573
5.98 0.52536113
5.99 0.60174665
6 0.6767262
6.01 0.75012707
6.02 0.82192826
6.03 0.8920127
6.04 0.96022041
6.05 1.0265482
6.06 1.0908551
6.07 1.1531426
6.08 1.2133302
6.09 1.271314
6.1 1.3271519
6.11 1.3807686
6.12 1.4322297
6.13 1.4815464
6.14 1.5287157
6.15 1.573841
6.16 1.6169535
6.17 1.6581647
6.18 1.6975443
6.19 1.7351436
6.2 1.7710936
6.21 1.8054449
6.22 1.838285
6.23 1.869681
6.24 1.8996399
6.25 1.9282275
6.26 1.9554299
6.27 1.9812545
6.28 2.0056709
6.29 2.028598
6.3 2.050003
6.31 2.0697818
6.32 2.0878496
6.33 2.1040902
6.34 2.1183858
6.35 2.1306331
6.36 2.1407048
6.37 2.1485089
6.38 2.1539483
6.39 2.1569364
6.4 2.157421
6.41 2.1553583
6.42 2.150737
6.43 2.1435549
6.44 2.1338502
6.45 2.1216824
6.46 2.1071351
6.47 2.0902944
6.48 2.0712935
6.49 2.05027
6.5 2.0273614
6.51 2.0027319
6.52 1.9765104
6.53 1.9488606
6.54 1.9199558
6.55 1.8898943
6.56 1.8588268
6.57 1.8268365
6.58 1.7940022
6.59 1.7604169
6.6 1.7260933
6.61 1.691084
6.62 1.6553588
6.63 1.6188949
6.64 1.5817038
6.65 1.5436918
6.66 1.5048419
6.67 1.4650534
6.68 1.4242704
6.69 1.3824742
6.7 1.339563
6.71 1.2955336
6.72 1.2503203
6.73 1.2039104
6.74 1.1563674
6.75 1.1076508
6.76 1.057859
6.77 1.007006
6.78 0.95518624
6.79 0.90255234
6.8 0.8491582
6.81 0.79517827
6.82 0.74069935
6.83 0.68587043
6.84 0.63088628
6.85 0.57581839
6.86 0.5208484
6.87 0.46604735
6.88 0.41153333
6.89 0.35745177
6.9 0.30381542
6.91 0.25073086
6.92 0.19819114
6.93 0.14622588
6.94 0.094893203
6.95 0.044123083
6.96 -0.0060613241
6.97 -0.055735915
6.98 -0.10493106
6.99 -0.15363828
7 -0.2019564
7.01 -0.24988206
7.02 -0.29748963
7.03 -0.34479258
7.04 -0.39175675
7.05 -0.43843395
7.06 -0.48476898
7.07 -0.53077162
7.08 -0.5763885
7.09 -0.62151782
7.1 -0.66614068
7.11 -0.71013609
7.12 -0.75345294
7.13 -0.79598964
7.14 -0.837606
7.15 -0.87825418
7.16 -0.91780435
7.17 -0.95620206
7.18 -0.99336041
7.19 -1.0291777
7.2 -1.0636307
7.21 -1.0966494
7.22 -1.1282319
7.23 -1.1583567
7.24 -1.1869844
7.25 -1.2141596
7.26 -1.2398721
7.27 -1.264168
7.28 -1.2870796
7.29 -1.3086104
7.3 -1.3288267
7.31 -1.3477403
7.32 -1.3654011
7.33 -1.3818315
7.34 -1.3970355
7.35 -1.4110298
7.36 -1.4238209
7.37 -1.4354071
7.38 -1.44577
7.39 -1.4548826
7.4 -1.4627289
7.41 -1.4692723
7.42 -1.4744885
7.43 -1.4783453
7.44 -1.4808027
7.45 -1.4818452
7.46 -1.4814479
7.47 -1.4796017
7.48 -1.4762913
7.49 -1.4715354
7.5 -1.465339
7.51 -1.4577346
7.52 -1.4487494
7.53 -1.4384197
7.54 -1.4268034
7.55 -1.4139455
7.56 -1.3999158
7.57 -1.3847495
7.58 -1.3685147
7.59 -1.3512729
7.6 -1.333057
7.61 -1.3139272
7.62 -1.2939085
7.63 -1.2730277
7.64 -1.251333
7.65 -1.2288037
7.66 -1.2054749
7.67 -1.1813377
7.68 -1.1563795
7.69 -1.1306262
7.7 -1.1040398
7.71 -1.0766415
7.72 -1.0484134
7.73 -1.0193637
7.74 -0.98952339
7.75 -0.9588839
7.76 -0.92749821
7.77 -0.89538161
7.78 -0.86258224
7.79 -0.82919004
7.8 -0.79523418
7.81 -0.7608136
7.82 -0.72598011
7.83 -0.69081682
7.84 -0.65544051
7.85 -0.61989683
7.86 -0.5842899
7.87 -0.54866888
7.88 -0.51310142
7.89 -0.47768328
7.9 -0.44242604
7.91 -0.40739348
7.92 -0.37258931
7.93 -0.33803362
7.94 -0.30376937
7.95 -0.26976033
7.96 -0.23602491
7.97 -0.20252445
7.98 -0.1692464
7.99 -0.13620685
8 -0.10335486
8.01 -0.070700446
8.02 -0.038211399
8.03 -0.0058869718
8.04 0.02623635
8.05 0.058178878
8.06 0.089897874
8.07 0.12138563
8.08 0.1526053
8.09 0.18348368
8.1 0.21400378
8.11 0.24409448
8.12 0.27372467
8.13 0.30284185
8.14 0.33136783
8.15 0.35929067
8.16 0.38655359
8.17 0.41314537
8.18 0.43904591
8.19 0.46421995
8.2 0.48869198
8.21 0.51245546
8.22 0.53554378
8.23 0.55798063
8.24 0.57977581
8.25 0.60098575
8.26 0.62163122
8.27 0.64176159
8.28 0.66140847
8.29 0.68057735
8.3 0.69930712
8.31 0.71759442
8.32 0.73544857
8.33 0.75285675
8.34 0.76977475
8.35 0.78618284
8.36 0.80202115
8.37 0.81724032
8.38 0.83177351
8.39 0.84553186
8.4 0.85845231
8.41 0.87044743
8.42 0.88144924
8.43 0.89138359
8.44 0.90017527
8.45 0.90777775
8.46 0.91414232
8.47 0.91924287
8.48 0.92306084
8.49 0.92559239
8.5 0.92685544
8.51 0.92687922
8.52 0.92570708
8.53 0.92339334
8.54 0.92000917
8.55 0.91562687
8.56 0.91033091
8.57 0.90420423
8.58 0.89733147
8.59 0.88980465
8.6 0.88169786
8.61 0.87308842
8.62 0.86403731
8.63 0.85459958
8.64 0.84482787
8.65 0.83474605
8.66 0.82438111
8.67 0.81373486
8.68 0.80280602
8.69 0.79159412
8.7 0.78006742
8.71 0.76820698
8.72 0.75597478
8.73 0.74333497
8.74 0.73026367
8.75 0.7167144
8.76 0.7026623
8.77 0.68806929
8.78 0.67291066
8.79 0.65718268
8.8 0.64085938
8.81 0.62394497
8.82 0.60643134
8.83 0.58832514
8.84 0.56965978
8.85 0.55043868
8.86 0.53069756
8.87 0.51045546
8.88 0.48974292
8.89 0.4686166
8.9 0.44709438
8.91 0.42522558
8.92 0.40303717
8.93 0.38056571
8.94 0.35787131
8.95 0.33497041
8.96 0.31191166
8.97 0.28871824
8.98 0.26542268
8.99 0.24208059
9 0.2187044
9.01 0.19533895
9.02 0.17200241
9.03 0.14872297
9.04 0.12555476
9.05 0.10250456
9.06 0.079613777
9.07 0.056897255
9.08 0.034377455
9.09 0.012101394
9.1 -0.0099293692
9.11 -0.031683201
9.12 -0.053154593
9.13 -0.074329987
9.14 -0.095175939
9.15 -0.11570184
9.16 -0.13588784
9.17 -0.15574025
9.18 -0.17525497
9.19 -0.19441028
9.2 -0.21322145
9.21 -0.23167767
9.22 -0.2497859
9.23 -0.2675459
9.24 -0.28493622
9.25 -0.30196852
9.26 -0.31862776
9.27 -0.33491461
9.28 -0.35082193
9.29 -0.36632367
9.3 -0.3814216
9.31 -0.39609747
9.32 -0.41034606
9.33 -0.42415679
9.34 -0.43750536
9.35 -0.45039347
9.36 -0.46280771
9.37 -0.47474937
9.38 -0.48621575
9.39 -0.49719438
9.4 -0.50769767
9.41 -0.51772375
9.42 -0.5272831
9.43 -0.53638227
9.44 -0.54501978
9.45 -0.55320993
9.46 -0.56095305
9.47 -0.5682557
9.48 -0.57511922
9.49 -0.58153375
9.5 -0.58749766
9.51 -0.59299658
9.52 -0.59801772
9.53 -0.60254065
9.54 -0.60653861
9.55 -0.6099897
9.56 -0.61286245
9.57 -0.61513036
9.58 -0.6167654
9.59 -0.61773895
9.6 -0.61803002
9.61 -0.61762031
9.62 -0.61649823
9.63 -0.61465805
9.64 -0.61210552
9.65 -0.60885126
9.66 -0.60491723
9.67 -0.60032992
9.68 -0.59512635
9.69 -0.58935541
9.7 -0.58306273
9.71 -0.57630441
9.72 -0.56913465
9.73 -0.56160696
9.74 -0.55378273
9.75 -0.54570752
9.76 -0.53742993
9.77 -0.52898463
9.78 -0.52039929
9.79 -0.5117014
9.8 -0.50289398
9.81 -0.49398115
9.82 -0.48494901
9.83 -0.47577639
9.84 -0.46644708
9.85 -0.45692052
9.86 -0.44716502
9.87 -0.43713849
9.88 -0.42680128
9.89 -0.41612784
9.9 -0.40508039
9.91 -0.39364038
9.92 -0.38178834
9.93 -0.36951589
9.94 -0.3568402
9.95 -0.34376673
9.96 -0.33032699
9.97 -0.31655129
9.98 -0.30247982
9.99 -0.28817625
10 -0.2736842
10.01 -0.2590588
10.02 -0.2443624
10.03 -0.2296488
10.04 -0.2149698
10.05 -0.2003674
10.06 -0.185877
10.07 -0.1715234
10.08 -0.1573216
10.09 -0.143275
10.1 -0.129377
10.11 -0.1156114
10.12 -0.10203397
10.13 -0.088505172
10.14 -0.074960014
10.15 -0.061415646
10.16 -0.04783295
10.17 -0.034177151
10.18 -0.020416844
10.19 -0.0065291734
10.2 0.0075003054
10.21 0.021675101
10.22 0.035987412
10.23 0.050417873
10.24 0.064935348
10.25 0.079498301
10.26 0.094055976
10.27 0.10855022
10.28 0.12291854
10.29 0.13709415
10.3 0.15101041
10.31 0.16460586
10.32 0.1778215
10.33 0.19060659
10.34 0.20292085
10.35 0.21473377
10.36 0.22602761
10.37 0.23673521
10.38 0.24694778
10.39 0.25670458
10.4 0.26598994
10.41 0.2748405
10.42 0.28329858
10.43 0.29141108
10.44 0.29922642
10.45 0.30678912
10.46 0.31414118
10.47 0.32131706
10.48 0.32834286
10.49 0.33523504
10.5 0.34199822
10.51 0.3486266
10.52 0.35510148
10.53 0.3613938
10.54 0.36746576
10.55 0.37327304
10.56 0.378765
10.57 0.3838888
10.58 0.38859244
10.59 0.39282682
10.6 0.39654842
10.61 0.39972088
10.62 0.4023058
10.63 0.40431063
10.64 0.40573504
10.65 0.40657929
10.66 0.40686621
10.67 0.40663022
10.68 0.4059163
10.69 0.40477716
10.7 0.40326908
10.71 0.40145291
10.72 0.39938994
10.73 0.39713618
10.74 0.39474235
10.75 0.39225118
10.76 0.38969497
10.77 0.3870926
10.78 0.38445037
10.79 0.3817623
10.8 0.37900727
10.81 0.37615215
10.82 0.37315481
10.83 0.36996412
10.84 0.3665228
10.85 0.36277128
10.86 0.3586507
10.87 0.35413321
10.88 0.34914232
10.89 0.34362032
10.9 0.33756044
10.91 0.3309492
10.92 0.323789
10.93 0.31609556
10.94 0.30790052
10.95 0.2992506
10.96 0.2902034
10.97 0.28082764
10.98 0.27119788
10.99 0.2613936
11 0.25149612
11.01 0.24158208
11.02 0.2317238
11.03 0.22198388
11.04 0.21241216
11.05 0.20304636
11.06 0.19390784
11.07 0.18500176
11.08 0.17631816
11.09 0.16783164
11.1 0.15950292
11.11 0.15128196
11.12 0.14315498
11.13 0.13500415
11.14 0.12673665
11.15 0.1183245
11.16 0.10970855
11.17 0.10083748
11.18 0.091673015
11.19 0.082189695
11.2 0.072376985
11.21 0.06224084
11.22 0.0518039
11.23 0.04110469
11.24 0.03019628
11.25 0.01914428
11.26 0.0080226795
11.27 -0.003086366
11.28 -0.014097623
11.29 -0.024927525
11.3 -0.035496335
11.31 -0.04573178
11.32 -0.05557205
11.33 -0.06496994
11.34 -0.073892835
11.35 -0.082324615
11.36 -0.090267165
11.37 -0.097699778
11.38 -0.10470584
11.39 -0.11135582
11.4 -0.11767682
11.41 -0.1237367
11.42 -0.12960854
11.43 -0.13536742
11.44 -0.1410861
11.45 -0.14683242
11.46 -0.15266482
11.47 -0.15862936
11.48 -0.16475948
11.49 -0.171073
11.5 -0.17757074
11.51 -0.18423652
11.52 -0.19103986
11.53 -0.19793558
11.54 -0.20486528
11.55 -0.2117611
11.56 -0.21854834
11.57 -0.22514946
11.58 -0.23148646
11.59 -0.23748404
11.6 -0.24307352
11.61 -0.24819638
11.62 -0.25278276
11.63 -0.25683065
11.64 -0.26033196
11.65 -0.26326345
11.66 -0.26563589
11.67 -0.26747541
11.68 -0.2688196
11.69 -0.26971647
11.7 -0.27022308
11.71 -0.27040008
11.72 -0.27031153
11.73 -0.27002137
11.74 -0.26958836
11.75 -0.26906538
11.76 -0.26849707
11.77 -0.26791819
11.78 -0.26735232
11.79 -0.26681063
11.8 -0.26629117
11.81 -0.26578123
11.82 -0.26525845
11.83 -0.26469165
11.84 -0.26404259
11.85 -0.26326821
11.86 -0.26232345
11.87 -0.26117109
11.88 -0.25976616
11.89 -0.258064
11.9 -0.25604084
11.91 -0.25367636
11.92 -0.25096028
11.93 -0.24789176
11.94 -0.24447952
11.95 -0.24074224
11.96 -0.2367076
11.97 -0.23241124
11.98 -0.22789372
11.99 -0.22319808
12 -0.2183704
12.01 -0.21345608
12.02 -0.20849604
12.03 -0.20352772
12.04 -0.1985814
12.05 -0.19367896
12.06 -0.1888342
12.07 -0.18405144
12.08 -0.179326
12.09 -0.17464264
12.1 -0.16997932
12.11 -0.16530784
12.12 -0.16061703
12.13 -0.15584303
12.14 -0.15092463
12.15 -0.1458443
12.16 -0.14056516
12.17 -0.13505468
12.18 -0.12928396
12.19 -0.1232341
12.2 -0.11689365
12.21 -0.11026024
12.22 -0.10334083
12.23 -0.096151997
12.24 -0.088719142
12.25 -0.081075116
12.26 -0.07326042
12.27 -0.065321165
12.28 -0.05730742
12.29 -0.049270236
12.3 -0.041261631
12.31 -0.033333179
12.32 -0.025532936
12.33 -0.017903997
12.34 -0.010484355
12.35 -0.0033049306
12.36 0.0036101482
12.37 0.010212649
12.38 0.01653095
12.39 0.0225937
12.4 0.02837615
12.41 0.03389185
12.42 0.03916125
12.43 0.04420935
12.44 0.04906425
12.45 0.05375695
12.46 0.0583205
12.47 0.0627869
12.48 0.0671882
12.49 0.07155395
12.5 0.0759107
12.51 0.080282
12.52 0.0846863
12.53 0.0891386
12.54 0.0936485
12.55 0.09821975
12.56 0.1028525
12.57 0.1075415
12.58 0.112277
12.59 0.1170455
12.6 0.1218295
12.61 0.1266085
12.62 0.13133608
12.63 0.13601036
12.64 0.14062879
12.65 0.14514099
12.66 0.14951996
12.67 0.1537387
12.68 0.15777217
12.69 0.1615959
12.7 0.16518879
12.71 0.1685319
12.72 0.17160813
12.73 0.17440646
12.74 0.17691738
12.75 0.17913532
12.76 0.18105926
12.77 0.18269263
12.78 0.18404243
12.79 0.18511811
12.8 0.18593216
12.81 0.18650052
12.82 0.18684268
12.83 0.18697815
12.84 0.18692691
12.85 0.18670996
12.86 0.18634732
12.87 0.18586017
12.88 0.18526452
12.89 0.18457128
12.9 0.1837934
12.91 0.18293884
12.92 0.1820118
12.93 0.18101272
12.94 0.17993928
12.95 0.178784
12.96 0.1775384
12.97 0.17619108
12.98 0.174729
12.99 0.1731392
13 0.17140768
13.01 0.16952284
13.02 0.16747472
13.03 0.16525568
13.04 0.16286316
13.05 0.16029712
13.06 0.15756192
13.07 0.15466796
13.08 0.15162824
13.09 0.14845912
13.1 0.14518252
13.11 0.14182196
13.12 0.13841777
13.13 0.13498145
13.14 0.13151739
13.15 0.1280652
13.16 0.12464447
13.17 0.12127038
13.18 0.11795211
13.19 0.11469284
13.2 0.11148881
13.21 0.10833061
13.22 0.10520254
13.23 0.10208125
13.24 0.098938202
13.25 0.095741103
13.26 0.092455243
13.27 0.089043382
13.28 0.085468959
13.29 0.081697656
13.3 0.077698528
13.31 0.073446754
13.32 0.068923824
13.33 0.064119591
13.34 0.059033855
13.35 0.053675711
13.36 0.04806407
13.37 0.042255961
13.38 0.036267774
13.39 0.03010797
13.4 0.023862032
13.41 0.017589176
13.42 0.011351056
13.43 0.0052098608
13.44 -0.0007731718
13.45 -0.0065391596
13.46 -0.012035647
13.47 -0.017218322
13.48 -0.02205126
13.49 -0.026509792
13.5 -0.03057958
13.51 -0.034259514
13.52 -0.03756003
13.53 -0.040502796
13.54 -0.043119452
13.55 -0.045451006
13.56 -0.047546196
13.57 -0.049458922
13.58 -0.05124537
13.59 -0.05296239
13.6 -0.054666664
13.61 -0.056410516
13.62 -0.0582317
13.63 -0.060174555
13.64 -0.06228237
13.65 -0.06456541
13.66 -0.067034125
13.67 -0.06968857
13.68 -0.07251787
13.69 -0.07550318
13.7 -0.07861816
13.71 -0.081828215
13.72 -0.08509408
13.73 -0.088374925
13.74 -0.091627935
13.75 -0.09481097
13.76 -0.09788561
13.77 -0.10081718
13.78 -0.1035762
13.79 -0.1061404
13.8 -0.1084952
13.81 -0.1106331
13.82 -0.11255435
13.83 -0.11426555
13.84 -0.11578085
13.85 -0.11711915
13.86 -0.1183018
13.87 -0.1193492
13.88 -0.12029124
13.89 -0.12115776
13.9 -0.1219652
13.91 -0.122732
13.92 -0.12347364
13.93 -0.12419804
13.94 -0.12490744
13.95 -0.12559876
13.96 -0.12626236
13.97 -0.12688392
13.98 -0.1274448
13.99 -0.1279208
14 -0.12828624
14.01 -0.12851624
14.02 -0.12858348
14.03 -0.12846204
14.04 -0.12813168
14.05 -0.12757484
14.06 -0.1267776
14.07 -0.12573348
14.08 -0.1244418
14.09 -0.12290796
14.1 -0.12114296
14.11 -0.11916308
14.12 -0.11700078
14.13 -0.11467568
14.14 -0.11219922
14.15 -0.10961452
14.16 -0.10695272
14.17 -0.10424296
14.18 -0.10151389
14.19 -0.098791254
14.2 -0.096095781
14.21 -0.0934454
14.22 -0.09085249
14.23 -0.088325031
14.24 -0.085866186
14.25 -0.083473949
14.26 -0.081142931
14.27 -0.078864755
14.28 -0.076627918
14.29 -0.074419548
14.3 -0.072225943
14.31 -0.070033248
14.32 -0.067829194
14.33 -0.065602524
14.34 -0.063344016
14.35 -0.061047586
14.36 -0.05870835
14.37 -0.056334814
14.38 -0.053922222
14.39 -0.051455194
14.4 -0.048951656
14.41 -0.04641741
14.42 -0.04385909
14.43 -0.041281702
14.44 -0.038690224
14.45 -0.036088644
14.46 -0.0334784
14.47 -0.030860166
14.48 -0.028232342
14.49 -0.025590428
14.5 -0.022928832
14.51 -0.020240412
14.52 -0.01751759
14.53 -0.01475172
14.54 -0.011934578
14.55 -0.0090590642
14.56 -0.0061193542
14.57 -0.0031131528
14.58 -3.99074e-05
14.59 0.0030983054
14.6 0.006294948
14.61 0.0095406012
14.62 0.01280873
14.63 0.016091103
14.64 0.019395057
14.65 0.022680539
14.66 0.025926791
14.67 0.029111674
14.68 0.032214575
14.69 0.035215417
14.7 0.038096637
14.71 0.040844568
14.72 0.043448196
14.73 0.045900697
14.74 0.048199134
14.75 0.050345362
14.76 0.052345301
14.77 0.054208388
14.78 0.055947956
14.79 0.057579294
14.8 0.059118992
14.81 0.060584649
14.82 0.061994648
14.83 0.063365558
14.84 0.064712716
14.85 0.066048225
14.86 0.067381545
14.87 0.068713063
14.88 0.070048
14.89 0.07139534
14.9 0.0727419
14.91 0.07407988
14.92 0.07539834
14.93 0.07668434
14.94 0.07792494
14.95 0.07910534
14.96 0.08021294
14.97 0.0812353
14.98 0.08216136
14.99 0.08298432
15 0.08369962
15.01 0.08430564
15.02 0.08480474
15.03 0.0852016
15.04 0.0855036
15.05 0.08572036
15.06 0.08586346
15.07 0.08594436
15.08 0.08597422
15.09 0.08596346
15.1 0.08592116
15.11 0.08585322
15.12 0.085763272
15.13 0.085650012
15.14 0.085508293
15.15 0.085330574
15.16 0.085105724
15.17 0.084819907
15.18 0.084456419
15.19 0.083996711
15.2 0.083422393
15.21 0.082715986
15.22 0.081862039
15.23 0.08084697
15.24 0.079661642
15.25 0.078300724
15.26 0.076764815
15.27 0.075059784
15.28 0.073197313
15.29 0.071194132
15.3 0.06907284
15.31 0.066859707
15.32 0.064584432
15.33 0.062279878
15.34 0.059979243
15.35 0.05771451
15.36 0.055516465
15.37 0.053421347
15.38 0.051447654
15.39 0.049595826
15.4 0.047890488
15.41 0.046334822
15.42 0.044925302
15.43 0.04365131
15.44 0.042495178
15.45 0.041432386
15.46 0.040434034
15.47 0.039467096
15.48 0.038495846
15.49 0.037483416
15.5 0.036393616
15.51 0.03519253
15.52 0.033851028
15.53 0.032343646
15.54 0.0306525
15.55 0.028766766
15.56 0.026682682
15.57 0.024405446
15.58 0.02194709
15.59 0.019326806
15.6 0.016571236
15.61 0.01371201
15.62 0.010795007
15.63 0.0078543555
15.64 0.0049029126
15.65 0.0019964707
15.66 -0.0008286793
15.67 -0.0035412399
15.68 -0.0061146076
15.69 -0.0085287685
15.7 -0.010770481
15.71 -0.01283236
15.72 -0.014715425
15.73 -0.016427504
15.74 -0.017982795
15.75 -0.01940023
15.76 -0.020703414
15.77 -0.021919196
15.78 -0.023074604
15.79 -0.024197921
15.8 -0.025314995
15.81 -0.026450039
15.82 -0.027622351
15.83 -0.028845852
15.84 -0.030129502
15.85 -0.031477338
15.86 -0.032885532
15.87 -0.034340365
15.88 -0.035829604
15.89 -0.03734856
15.9 -0.038867056
15.91 -0.040362292
15.92 -0.041809672
15.93 -0.043186592
15.94 -0.044471424
15.95 -0.0456463
15.96 -0.046696424
15.97 -0.047612788
15.98 -0.048391552
15.99 -0.049034624
16 -0.049549104
16.01 -0.049947596
16.02 -0.050247052
16.03 -0.0504675
16.04 -0.050632848
16.05 -0.050766676
16.06 -0.050893548
16.07 -0.051036148
16.08 -0.051215156
16.09 -0.051447328
16.1 -0.051744792
16.11 -0.052113308
16.12 -0.052552078
16.13 -0.053055815
16.14 -0.05361906
16.15 -0.05422232
16.16 -0.0548452
16.17 -0.055463255
16.18 -0.05604909
16.19 -0.056575715
16.2 -0.05701604
16.21 -0.05734399
16.22 -0.057537345
16.23 -0.057577345
16.24 -0.05745153
16.25 -0.05715229
16.26 -0.056679525
16.27 -0.05603871
16.28 -0.05524284
16.29 -0.05431019
16.3 -0.053264165
16.31 -0.052132755
16.32 -0.050946295
16.33 -0.049736945
16.34 -0.04853674
16.35 -0.047377755
16.36 -0.046286455
16.37 -0.045290046
16.38 -0.044406502
16.39 -0.04364022
16.4 -0.043002828
16.41 -0.042493984
16.42 -0.04210463
16.43 -0.041820988
16.44 -0.041622852
16.45 -0.041484694
16.46 -0.041377534
16.47 -0.041270018
16.48 -0.041129222
16.49 -0.040923282
16.5 -0.040621924
16.51 -0.040198672
16.52 -0.039631194
16.53 -0.03890229
16.54 -0.038000814
16.55 -0.036923142
16.56 -0.035671676
16.57 -0.03425524
16.58 -0.032689592
16.59 -0.030994394
16.6 -0.02919422
16.61 -0.027317364
16.62 -0.025399087
16.63 -0.023469405
16.64 -0.021537541
16.65 -0.019643127
16.66 -0.017809678
16.67 -0.016056209
16.68 -0.014396707
16.69 -0.01283863
16.7 -0.011384082
16.71 -0.010030905
16.72 -0.0087690697
16.73 -0.0075848506
16.74 -0.0064603819
16.75 -0.0053757154
16.76 -0.0043075673
16.77 -0.0032332394
16.78 -0.0021299456
16.79 -0.00097713989
16.8 0.00024241099
16.81 0.0015432131
16.82 0.0029329698
16.83 0.0044160135
16.84 0.0059908913
16.85 0.0076496638
16.86 0.0093795119
16.87 0.01115738
16.88 0.012961784
16.89 0.014787124
16.9 0.016593452
16.91 0.018354168
16.92 0.02004264
16.93 0.021633
16.94 0.023102076
16.95 0.02443062
16.96 0.025604108
16.97 0.02661164
16.98 0.027449432
16.99 0.028119264
17 0.028627428
17.01 0.028985848
17.02 0.029211412
17.03 0.02932492
17.04 0.029350252
17.05 0.02931208
17.06 0.029237628
17.07 0.029153056
17.08 0.029083872
17.09 0.029052644
17.1 0.029079084
17.11 0.029179376
17.12 0.029364448
17.13 0.029639527
17.14 0.03000984
17.15 0.030470841
17.16 0.031015222
17.17 0.031630766
17.18 0.032303409
17.19 0.03301571
17.2 0.033748353
17.21 0.034480096
17.22 0.035191528
17.23 0.035864549
17.24 0.0364814
17.25 0.0370266
17.26 0.0374887
17.27 0.03785925
17.28 0.038134149
17.29 0.038312289
17.3 0.038396196
17.31 0.038392686
17.32 0.038310904
17.33 0.038161293
17.34 0.037957891
17.35 0.037715001
17.36 0.037447079
17.37 0.037168529
17.38 0.03689334
17.39 0.03662884
17.4 0.03638574
17.41 0.03617084
17.42 0.03598694
17.43 0.03583377
17.44 0.03570917
17.45 0.03560717
17.46 0.0355189
17.47 0.0354337
17.48 0.03534
17.49 0.03522367
17.5 0.03507177
17.51 0.03487057
17.52 0.03460874
17.53 0.03427511
17.54 0.03386101
17.55 0.03335968
17.56 0.03276825
17.57 0.03208672
17.58 0.03131722
17.59 0.03046622
17.6 0.02954109
17.61 0.02855392
17.62 0.027519782
17.63 0.026455155
17.64 0.025362074
17.65 0.024263834
17.66 0.023174553
17.67 0.022109272
17.68 0.02107831
17.69 0.020091839
17.7 0.019156599
17.71 0.018276229
17.72 0.017452308
17.73 0.016681979
17.74 0.015959259
17.75 0.01527561
17.76 0.014619772
17.77 0.013977993
17.78 0.013336155
17.79 0.012677477
17.8 0.011986568
17.81 0.011248832
17.82 0.01044903
17.83 0.0095751902
17.84 0.0086180502
17.85 0.0075713993
17.86 0.0064313412
17.87 0.0052025086
17.88 0.0038927032
17.89 0.0024941056
17.9 0.0010286818
17.91 -0.00048888318
17.92 -0.0020402732
17.93 -0.0036043444
17.94 -0.0051599224
17.95 -0.006683982
17.96 -0.0081534268
17.97 -0.0095478864
17.98 -0.010845904
17.99 -0.012030876
18 -0.013089776
18.01 -0.014011604
18.02 -0.014790304
18.03 -0.015425096
18.04 -0.015920244
18.05 -0.016282852
18.06 -0.016525844
18.07 -0.016665612
18.08 -0.01672172
18.09 -0.016715592
18.1 -0.016671476
18.11 -0.016614492
18.12 -0.016568969
18.13 -0.016557542
18.14 -0.016600853
18.15 -0.016717271
18.16 -0.01692041
18.17 -0.017220923
18.18 -0.017623363
18.19 -0.018127317
18.2 -0.018728555
18.21 -0.019415737
18.22 -0.02017447
18.23 -0.020985703
18.24 -0.021827978
18.25 -0.022676435
18.26 -0.02350627
18.27 -0.024290449
18.28 -0.025005308
18.29 -0.025626845
18.3 -0.026136163
18.31 -0.026515884
18.32 -0.026755718
18.33 -0.026849347
18.34 -0.026796567
18.35 -0.026602379
18.36 -0.026278057
18.37 -0.02584171
18.38 -0.02531541
18.39 -0.024716612
18.4 -0.024078028
18.41 -0.023428662
18.42 -0.022798282
18.43 -0.022217182
18.44 -0.02171266
18.45 -0.021309028
18.46 -0.021026564
18.47 -0.020880378
18.48 -0.020879418
18.49 -0.021026756
18.5 -0.021318496
18.51 -0.021744816
18.52 -0.022287754
18.53 -0.022925128
18.54 -0.023629576
18.55 -0.02437001
18.56 -0.025111906
18.57 -0.025819354
18.58 -0.02645719
18.59 -0.026990436
18.6 -0.027388216
18.61 -0.027623068
18.62 -0.027673404
18.63 -0.02752465
18.64 -0.0271647
18.65 -0.0265925
18.66 -0.025813825
18.67 -0.0248405
18.68 -0.023692875
18.69 -0.0223959
18.7 -0.020981075
18.71 -0.01948405
18.72 -0.017942125
18.73 -0.016395
18.74 -0.014881325
18.75 -0.013438725
18.76 -0.012102025
18.77 -0.010901725
18.78 -0.009862995
18.79 -0.0090043225
18.8 -0.00833915
18.81 -0.0078708075
18.82 -0.0075986375
18.83 -0.0075117275
18.84 -0.00759443
18.85 -0.00782492
18.86 -0.0081756875
18.87 -0.0086150112
18.88 -0.0091068964
18.89 -0.00962355
18.9 -0.010125092
18.91 -0.010578204
18.92 -0.010950776
18.93 -0.011215004
18.94 -0.011346896
18.95 -0.011328536
18.96 -0.011146876
18.97 -0.010795952
18.98 -0.01027555
18.99 -0.0095903612
19 -0.008752308
19.01 -0.0077768072
19.02 -0.0066845468
19.03 -0.0054976236
19.04 -0.0042429168
19.05 -0.0029462788
19.06 -0.0016341647
19.07 -0.00033221764
19.08 0.00093569616
19.09 0.0021491156
19.1 0.0032904652
19.11 0.004345652
19.12 0.0053036085
19.13 0.0061586136
19.14 0.006920481
19.15 0.007586573
19.16 0.0081649901
19.17 0.0086654915
19.18 0.0091026873
19.19 0.00949203
19.2 0.0098499659
19.21 0.010194197
19.22 0.010541478
19.23 0.010906633
19.24 0.011303094
19.25 0.011742118
19.26 0.012231345
19.27 0.012775794
19.28 0.013376405
19.29 0.014031083
19.3 0.014732843
19.31 0.015473981
19.32 0.016242016
19.33 0.017021492
19.34 0.017797499
19.35 0.018550772
19.36 0.019264637
19.37 0.019918451
19.38 0.020493708
19.39 0.02098236
19.4 0.021365258
19.41 0.021631702
19.42 0.021772158
19.43 0.021782062
19.44 0.021660496
19.45 0.021409708
19.46 0.021035324
19.47 0.020546776
19.48 0.019957908
19.49 0.0192836
19.5 0.01854249
19.51 0.017755698
19.52 0.016945212
19.53 0.016133442
19.54 0.015343056
19.55 0.014596034
19.56 0.013913202
19.57 0.0133134
19.58 0.012812358
19.59 0.01242268
19.6 0.012154136
19.61 0.012011162
19.62 0.011995387
19.63 0.012100564
19.64 0.012321707
19.65 0.01264758
19.66 0.013061414
19.67 0.013545776
19.68 0.014077781
19.69 0.014634973
19.7 0.015192325
19.71 0.015725459
19.72 0.0162091
19.73 0.016620452
19.74 0.016939203
19.75 0.017147442
19.76 0.017229754
19.77 0.017177922
19.78 0.016986491
19.79 0.016654989
19.8 0.016188757
19.81 0.015596685
19.82 0.014895172
19.83 0.014102601
19.84 0.013240579
19.85 0.012335607
19.86 0.011413525
19.87 0.010504782
19.88 0.009639004
19.89 0.00883032
19.9 0.008110428
19.91 0.00749837
19.92 0.007011534
19.93 0.006659778
19.94 0.00644774
19.95 0.006376216
19.96 0.00643702
19.97 0.006619342
19.98 0.00690417
19.99 0.00726848
