0 -495.7932
0.01 -495.52582
0.02 -495.25845
0.03 -494.99107
0.04 -494.72369
0.05 -494.45632
0.06 -494.18894
0.07 -493.92156
0.08 -493.65418
0.09 -493.38681
0.1 -493.11943
0.11 -492.3173
0.12 -491.51517
0.13 -490.71304
0.14 -489.91091
0.15 -489.10879
0.16 -488.30666
0.17 -487.50453
0.18 -486.7024
0.19 -485.90027
0.2 -485.09814
0.21 -483.76126
0.22 -482.42437
0.23 -481.08749
0.24 -479.75061
0.25 -478.41373
0.26 -477.07684
0.27 -475.73996
0.28 -474.40308
0.29 -473.06619
0.3 -471.72931
0.31 -469.85767
0.32 -467.98604
0.33 -466.1144
0.34 -464.24276
0.35 -462.37113
0.36 -460.49949
0.37 -458.62785
0.38 -456.75622
0.39 -454.88458
0.4 -453.01294
0.41 -450.60655
0.42 -448.20016
0.43 -445.79378
0.44 -443.38739
0.45 -440.981
0.46 -438.57461
0.47 -436.16822
0.48 -433.76183
0.49 -431.35544
0.5 -428.94905
0.51 -426.00791
0.52 -423.06677
0.53 -420.12562
0.54 -417.18448
0.55 -414.24334
0.56 -411.30219
0.57 -408.36105
0.58 -405.41991
0.59 -402.47877
0.6 -399.53762
0.61 -396.06173
0.62 -392.58583
0.63 -389.10994
0.64 -385.63404
0.65 -382.15814
0.66 -378.68225
0.67 -375.20635
0.68 -371.73046
0.69 -368.25456
0.7 -364.77866
0.71 -360.76802
0.72 -356.75737
0.73 -352.74672
0.74 -348.73607
0.75 -344.72542
0.76 -340.71477
0.77 -336.70412
0.78 -332.69347
0.79 -328.68282
0.8 -324.67217
0.81 -320.12677
0.82 -315.58137
0.83 -311.03597
0.84 -306.49057
0.85 -301.94516
0.86 -297.39976
0.87 -292.85436
0.88 -288.30896
0.89 -283.76356
0.9 -279.21815
0.91 -274.13801
0.92 -269.05786
0.93 -263.97772
0.94 -258.89757
0.95 -253.81743
0.96 -248.73728
0.97 -243.65713
0.98 -238.57699
0.99 -233.49684
1 -228.4167
1.01 -221.83513
1.02 -215.25356
1.03 -208.67199
1.04 -202.09042
1.05 -195.50884
1.06 -188.92727
1.07 -182.3457
1.08 -175.76413
1.09 -169.18256
1.1 -162.60099
1.11 -157.72575
1.12 -152.85051
1.13 -147.97528
1.14 -143.10004
1.15 -138.2248
1.16 -133.34956
1.17 -128.47433
1.18 -123.59909
1.19 -118.72385
1.2 -113.84861
1.21 -110.49633
1.22 -107.14406
1.23 -103.79178
1.24 -100.43951
1.25 -97.087229
1.26 -93.734952
1.27 -90.382676
1.28 -87.0304
1.29 -83.678123
1.3 -80.325847
1.31 -77.755342
1.32 -75.18484
1.33 -72.614337
1.34 -70.043834
1.35 -67.473331
1.36 -64.902828
1.37 -62.332326
1.38 -59.761823
1.39 -57.19132
1.4 -54.620817
1.41 -52.642394
1.42 -50.663972
1.43 -48.68555
1.44 -46.707127
1.45 -44.728705
1.46 -42.750283
1.47 -40.771861
1.48 -38.793439
1.49 -36.815016
1.5 -34.836594
1.51 -33.474649
1.52 -32.112705
1.53 -30.750761
1.54 -29.388817
1.55 -28.026873
1.56 -26.664929
1.57 -25.302985
1.58 -23.941041
1.59 -22.579097
1.6 -21.217153
1.61 -20.292668
1.62 -19.368183
1.63 -18.443699
1.64 -17.519214
1.65 -16.59473
1.66 -15.670245
1.67 -14.745761
1.68 -13.821277
1.69 -12.896792
1.7 -11.972308
1.71 -11.322252
1.72 -10.672196
1.73 -10.022141
1.74 -9.3720853
1.75 -8.7220299
1.76 -8.0719744
1.77 -7.421919
1.78 -6.7718636
1.79 -6.1218081
1.8 -5.4717527
1.81 -5.0749584
1.82 -4.6781649
1.83 -4.2813713
1.84 -3.8845777
1.85 -3.4877842
1.86 -3.0909906
1.87 -2.694197
1.88 -2.2974034
1.89 -1.9006099
1.9 -1.5038163
1.91 -1.3195346
1.92 -1.1352536
1.93 -0.95097251
1.94 -0.76669146
1.95 -0.5824104
1.96 -0.39812935
1.97 -0.21384829
1.98 -0.029567239
1.99 0.15471382
2 0.33899487
2.01 0.37141565
2.02 0.40383597
2.03 0.43625629
2.04 0.46867661
2.05 0.50109693
2.06 0.53351725
2.07 0.56593758
2.08 0.5983579
2.09 0.63077822
2.1 0.66319854
2.11 0.74004194
2.12 0.81688548
2.13 0.89372902
2.14 0.97057257
2.15 1.0474161
2.16 1.1242596
2.17 1.2011032
2.18 1.2779467
2.19 1.3547903
2.2 1.4316338
2.21 1.4594315
2.22 1.487229
2.23 1.5150265
2.24 1.5428241
2.25 1.5706216
2.26 1.5984191
2.27 1.6262166
2.28 1.6540141
2.29 1.6818117
2.3 1.7096092
2.31 1.7989691
2.32 1.8883292
2.33 1.9776894
2.34 2.0670495
2.35 2.1564096
2.36 2.2457698
2.37 2.3351299
2.38 2.42449
2.39 2.5138502
2.4 2.6032103
2.41 2.7030962
2.42 2.8029821
2.43 2.9028679
2.44 3.0027538
2.45 3.1026397
2.46 3.2025256
2.47 3.3024115
2.48 3.4022974
2.49 3.5021833
2.5 3.6020692
2.51 3.739983
2.52 3.877897
2.53 4.015811
2.54 4.1537249
2.55 4.2916389
2.56 4.4295529
2.57 4.5674669
2.58 4.7053809
2.59 4.8432948
2.6 4.9812088
2.61 5.0943325
2.62 5.2074561
2.63 5.3205797
2.64 5.4337033
2.65 5.5468269
2.66 5.6599505
2.67 5.7730741
2.68 5.8861977
2.69 5.9993213
2.7 6.1124448
2.71 6.1884926
2.72 6.2645402
2.73 6.3405877
2.74 6.4166353
2.75 6.4926829
2.76 6.5687305
2.77 6.644778
2.78 6.7208256
2.79 6.7968732
2.8 6.8729208
2.81 6.8782637
2.82 6.8836063
2.83 6.8889489
2.84 6.8942916
2.85 6.8996342
2.86 6.9049768
2.87 6.9103194
2.88 6.915662
2.89 6.9210047
2.9 6.9263473
2.91 6.8380266
2.92 6.7497055
2.93 6.6613844
2.94 6.5730633
2.95 6.4847421
2.96 6.396421
2.97 6.3080999
2.98 6.2197788
2.99 6.1314577
3 6.0431366
3.01 5.8513543
3.02 5.6595715
3.03 5.4677887
3.04 5.2760059
3.05 5.0842232
3.06 4.8924404
3.07 4.7006576
3.08 4.5088748
3.09 4.3170921
3.1 4.1253093
3.11 3.8480993
3.12 3.5708889
3.13 3.2936785
3.14 3.0164681
3.15 2.7392577
3.16 2.4620473
3.17 2.1848369
3.18 1.9076265
3.19 1.6304161
3.2 1.3532056
3.21 1.0098237
3.22 0.66644148
3.23 0.32305924
3.24 -0.020323
3.25 -0.36370524
3.26 -0.70708748
3.27 -1.0504697
3.28 -1.393852
3.29 -1.7372342
3.3 -2.0806164
3.31 -2.3863655
3.32 -2.6921144
3.33 -2.9978634
3.34 -3.3036123
3.35 -3.6093612
3.36 -3.9151101
3.37 -4.220859
3.38 -4.5266079
3.39 -4.8323568
3.4 -5.1381057
3.41 -5.3832228
3.42 -5.6283395
3.43 -5.8734563
3.44 -6.118573
3.45 -6.3636898
3.46 -6.6088065
3.47 -6.8539233
3.48 -7.09904
3.49 -7.3441568
3.5 -7.5892735
3.51 -7.7500674
3.52 -7.9108609
3.53 -8.0716544
3.54 -8.2324478
3.55 -8.3932413
3.56 -8.5540347
3.57 -8.7148282
3.58 -8.8756217
3.59 -9.0364151
3.6 -9.1972086
3.61 -9.2351058
3.62 -9.2730023
3.63 -9.3108989
3.64 -9.3487954
3.65 -9.386692
3.66 -9.4245885
3.67 -9.4624851
3.68 -9.5003816
3.69 -9.5382782
3.7 -9.5761747
3.71 -9.5301214
3.72 -9.4840676
3.73 -9.4380138
3.74 -9.3919601
3.75 -9.3459063
3.76 -9.2998525
3.77 -9.2537987
3.78 -9.2077449
3.79 -9.1616912
3.8 -9.1156374
3.81 -8.9958924
3.82 -8.8761471
3.83 -8.7564017
3.84 -8.6366564
3.85 -8.516911
3.86 -8.3971657
3.87 -8.2774203
3.88 -8.157675
3.89 -8.0379296
3.9 -7.9181843
3.91 -7.7556915
3.92 -7.5931984
3.93 -7.4307053
3.94 -7.2682122
3.95 -7.1057192
3.96 -6.9432261
3.97 -6.780733
3.98 -6.61824
3.99 -6.4557469
4 -6.2932538
4.01 -6.1229566
4.02 -5.9526593
4.03 -5.782362
4.04 -5.6120648
4.05 -5.4417675
4.06 -5.2714702
4.07 -5.101173
4.08 -4.9308757
4.09 -4.7605784
4.1 -4.5902811
4.11 -4.4250372
4.12 -4.2597932
4.13 -4.0945493
4.14 -3.9293054
4.15 -3.7640614
4.16 -3.5988175
4.17 -3.4335736
4.18 -3.2683297
4.19 -3.1030857
4.2 -2.9378418
4.21 -2.765458
4.22 -2.5930743
4.23 -2.4206905
4.24 -2.2483067
4.25 -2.0759229
4.26 -1.9035391
4.27 -1.7311553
4.28 -1.5587715
4.29 -1.3863878
4.3 -1.214004
4.31 -1.0641026
4.32 -0.91420127
4.33 -0.76429999
4.34 -0.61439871
4.35 -0.46449743
4.36 -0.31459615
4.37 -0.16469486
4.38 -0.014793584
4.39 0.1351077
4.4 0.28500898
4.41 0.39469714
4.42 0.50438505
4.43 0.61407295
4.44 0.72376085
4.45 0.83344875
4.46 0.94313665
4.47 1.0528246
4.48 1.1625125
4.49 1.2722004
4.5 1.3818883
4.51 1.474274
4.52 1.5666595
4.53 1.6590451
4.54 1.7514307
4.55 1.8438163
4.56 1.9362019
4.57 2.0285874
4.58 2.120973
4.59 2.2133586
4.6 2.3057442
4.61 2.376507
4.62 2.4472698
4.63 2.5180325
4.64 2.5887952
4.65 2.6595579
4.66 2.7303206
4.67 2.8010834
4.68 2.8718461
4.69 2.9426088
4.7 3.0133715
4.71 3.0583975
4.72 3.1034233
4.73 3.148449
4.74 3.1934748
4.75 3.2385006
4.76 3.2835264
4.77 3.3285522
4.78 3.373578
4.79 3.4186037
4.8 3.4636295
4.81 3.4819581
4.82 3.5002865
4.83 3.5186149
4.84 3.5369433
4.85 3.5552717
4.86 3.5736001
4.87 3.5919285
4.88 3.6102569
4.89 3.6285852
4.9 3.6469136
4.91 3.6465313
4.92 3.6461489
4.93 3.6457664
4.94 3.645384
4.95 3.6450015
4.96 3.644619
4.97 3.6442366
4.98 3.6438541
4.99 3.6434717
5 3.6430892
5.01 3.6157423
5.02 3.5883952
5.03 3.561048
5.04 3.5337009
5.05 3.5063538
5.06 3.4790066
5.07 3.4516595
5.08 3.4243124
5.09 3.3969652
5.1 3.3696181
5.11 3.3214984
5.12 3.2733786
5.13 3.2252587
5.14 3.1771389
5.15 3.129019
5.16 3.0808991
5.17 3.0327793
5.18 2.9846594
5.19 2.9365396
5.2 2.8884197
5.21 2.8207361
5.22 2.7530523
5.23 2.6853685
5.24 2.6176847
5.25 2.5500009
5.26 2.4823171
5.27 2.4146332
5.28 2.3469494
5.29 2.2792656
5.3 2.2115818
5.31 2.1238034
5.32 2.0360249
5.33 1.9482463
5.34 1.8604678
5.35 1.7726892
5.36 1.6849107
5.37 1.5971321
5.38 1.5093536
5.39 1.421575
5.4 1.3337965
5.41 1.233054
5.42 1.1323115
5.43 1.031569
5.44 0.93082643
5.45 0.83008389
5.46 0.72934136
5.47 0.62859882
5.48 0.52785628
5.49 0.42711374
5.5 0.32637121
5.51 0.22128665
5.52 0.11620205
5.53 0.011117457
5.54 -0.093967138
5.55 -0.19905173
5.56 -0.30413633
5.57 -0.40922092
5.58 -0.51430552
5.59 -0.61939011
5.6 -0.72447471
5.61 -0.81940938
5.62 -0.91434397
5.63 -1.0092786
5.64 -1.1042132
5.65 -1.1991477
5.66 -1.2940823
5.67 -1.3890169
5.68 -1.4839515
5.69 -1.5788861
5.7 -1.6738207
5.71 -1.7657107
5.72 -1.8576006
5.73 -1.9494905
5.74 -2.0413805
5.75 -2.1332704
5.76 -2.2251603
5.77 -2.3170503
5.78 -2.4089402
5.79 -2.5008301
5.8 -2.5927201
5.81 -2.6557178
5.82 -2.7187154
5.83 -2.7817129
5.84 -2.8447104
5.85 -2.9077079
5.86 -2.9707055
5.87 -3.033703
5.88 -3.0967005
5.89 -3.159698
5.9 -3.2226955
5.91 -3.2534757
5.92 -3.2842556
5.93 -3.3150355
5.94 -3.3458153
5.95 -3.3765952
5.96 -3.4073751
5.97 -3.438155
5.98 -3.4689349
5.99 -3.4997147
6 -3.5304946
6.01 -3.5363989
6.02 -3.5423029
6.03 -3.5482069
6.04 -3.554111
6.05 -3.560015
6.06 -3.565919
6.07 -3.571823
6.08 -3.5777271
6.09 -3.5836311
6.1 -3.5895351
6.11 -3.5620188
6.12 -3.5345022
6.13 -3.5069857
6.14 -3.4794691
6.15 -3.4519525
6.16 -3.4244359
6.17 -3.3969193
6.18 -3.3694027
6.19 -3.3418861
6.2 -3.3143695
6.21 -3.264972
6.22 -3.2155743
6.23 -3.1661766
6.24 -3.1167789
6.25 -3.0673812
6.26 -3.0179836
6.27 -2.9685859
6.28 -2.9191882
6.29 -2.8697905
6.3 -2.8203928
6.31 -2.7578707
6.32 -2.6953484
6.33 -2.6328262
6.34 -2.5703039
6.35 -2.5077816
6.36 -2.4452594
6.37 -2.3827371
6.38 -2.3202149
6.39 -2.2576926
6.4 -2.1951704
6.41 -2.1239799
6.42 -2.0527894
6.43 -1.9815989
6.44 -1.9104084
6.45 -1.8392178
6.46 -1.7680273
6.47 -1.6968368
6.48 -1.6256463
6.49 -1.5544557
6.5 -1.4832652
6.51 -1.4054394
6.52 -1.3276135
6.53 -1.2497875
6.54 -1.1719616
6.55 -1.0941357
6.56 -1.0163098
6.57 -0.93848389
6.58 -0.86065797
6.59 -0.78283206
6.6 -0.70500615
6.61 -0.63127597
6.62 -0.55754583
6.63 -0.48381569
6.64 -0.41008555
6.65 -0.33635541
6.66 -0.26262527
6.67 -0.18889513
6.68 -0.11516499
6.69 -0.04143485
6.7 0.032295289
6.71 0.097341513
6.72 0.16238765
6.73 0.22743379
6.74 0.29247992
6.75 0.35752606
6.76 0.4225722
6.77 0.48761833
6.78 0.55266447
6.79 0.61771061
6.8 0.68275674
6.81 0.73799376
6.82 0.79323067
6.83 0.84846759
6.84 0.9037045
6.85 0.95894142
6.86 1.0141783
6.87 1.0694152
6.88 1.1246522
6.89 1.1798891
6.9 1.235126
6.91 1.2799427
6.92 1.3247593
6.93 1.369576
6.94 1.4143926
6.95 1.4592092
6.96 1.5040258
6.97 1.5488425
6.98 1.5936591
6.99 1.6384757
7 1.6832923
7.01 1.7104154
7.02 1.7375382
7.03 1.7646611
7.04 1.7917839
7.05 1.8189068
7.06 1.8460297
7.07 1.8731525
7.08 1.9002754
7.09 1.9273982
7.1 1.9545211
7.11 1.96757
7.12 1.9806187
7.13 1.9936674
7.14 2.0067161
7.15 2.0197648
7.16 2.0328135
7.17 2.0458622
7.18 2.0589109
7.19 2.0719596
7.2 2.0850083
7.21 2.0840827
7.22 2.083157
7.23 2.0822313
7.24 2.0813056
7.25 2.0803799
7.26 2.0794541
7.27 2.0785284
7.28 2.0776027
7.29 2.076677
7.3 2.0757513
7.31 2.0602755
7.32 2.0447994
7.33 2.0293234
7.34 2.0138474
7.35 1.9983714
7.36 1.9828954
7.37 1.9674194
7.38 1.9519434
7.39 1.9364674
7.4 1.9209914
7.41 1.8921053
7.42 1.863219
7.43 1.8343327
7.44 1.8054465
7.45 1.7765602
7.46 1.7476739
7.47 1.7187876
7.48 1.6899014
7.49 1.6610151
7.5 1.6321288
7.51 1.591406
7.52 1.550683
7.53 1.5099599
7.54 1.4692369
7.55 1.4285139
7.56 1.3877909
7.57 1.3470679
7.58 1.3063449
7.59 1.2656219
7.6 1.2248989
7.61 1.1778023
7.62 1.1307056
7.63 1.0836089
7.64 1.0365122
7.65 0.98941549
7.66 0.9423188
7.67 0.8952221
7.68 0.84812541
7.69 0.80102871
7.7 0.75393201
7.71 0.69999327
7.72 0.64605444
7.73 0.59211562
7.74 0.5381768
7.75 0.48423797
7.76 0.43029915
7.77 0.37636032
7.78 0.3224215
7.79 0.26848267
7.8 0.21454385
7.81 0.15768196
7.82 0.10082004
7.83 0.043958115
7.84 -0.012903808
7.85 -0.069765731
7.86 -0.12662765
7.87 -0.18348958
7.88 -0.2403515
7.89 -0.29721342
7.9 -0.35407535
7.91 -0.40417109
7.92 -0.45426676
7.93 -0.50436242
7.94 -0.55445809
7.95 -0.60455375
7.96 -0.65464942
7.97 -0.70474508
7.98 -0.75484075
7.99 -0.80493641
8 -0.85503208
8.01 -0.89749669
8.02 -0.9399612
8.03 -0.98242572
8.04 -1.0248902
8.05 -1.0673547
8.06 -1.1098193
8.07 -1.1522838
8.08 -1.1947483
8.09 -1.2372128
8.1 -1.2796773
8.11 -1.3112663
8.12 -1.342855
8.13 -1.3744438
8.14 -1.4060326
8.15 -1.4376214
8.16 -1.4692102
8.17 -1.500799
8.18 -1.5323878
8.19 -1.5639766
8.2 -1.5955654
8.21 -1.6160592
8.22 -1.636553
8.23 -1.6570467
8.24 -1.6775404
8.25 -1.6980342
8.26 -1.7185279
8.27 -1.7390216
8.28 -1.7595154
8.29 -1.7800091
8.3 -1.8005028
8.31 -1.8005091
8.32 -1.8005151
8.33 -1.800521
8.34 -1.800527
8.35 -1.800533
8.36 -1.800539
8.37 -1.800545
8.38 -1.800551
8.39 -1.800557
8.4 -1.800563
8.41 -1.7891077
8.42 -1.7776523
8.43 -1.7661969
8.44 -1.7547415
8.45 -1.7432861
8.46 -1.7318306
8.47 -1.7203752
8.48 -1.7089198
8.49 -1.6974644
8.5 -1.686009
8.51 -1.6663547
8.52 -1.6467003
8.53 -1.6270459
8.54 -1.6073916
8.55 -1.5877372
8.56 -1.5680828
8.57 -1.5484284
8.58 -1.528774
8.59 -1.5091197
8.6 -1.4894653
8.61 -1.4565369
8.62 -1.4236083
8.63 -1.3906798
8.64 -1.3577512
8.65 -1.3248227
8.66 -1.2918941
8.67 -1.2589655
8.68 -1.226037
8.69 -1.1931084
8.7 -1.1601799
8.71 -1.1205471
8.72 -1.0809143
8.73 -1.0412814
8.74 -1.0016486
8.75 -0.96201576
8.76 -0.92238292
8.77 -0.88275008
8.78 -0.84311724
8.79 -0.8034844
8.8 -0.76385156
8.81 -0.72564522
8.82 -0.68743889
8.83 -0.64923256
8.84 -0.61102623
8.85 -0.5728199
8.86 -0.53461357
8.87 -0.49640724
8.88 -0.45820091
8.89 -0.41999458
8.9 -0.38178825
8.91 -0.34170989
8.92 -0.3016315
8.93 -0.26155311
8.94 -0.22147473
8.95 -0.18139634
8.96 -0.14131795
8.97 -0.10123957
8.98 -0.061161179
8.99 -0.021082792
9 0.018995595
9.01 0.055201644
9.02 0.09140764
9.03 0.12761364
9.04 0.16381963
9.05 0.20002563
9.06 0.23623163
9.07 0.27243762
9.08 0.30864362
9.09 0.34484962
9.1 0.38105561
9.11 0.41320652
9.12 0.44535736
9.13 0.47750821
9.14 0.50965906
9.15 0.54180991
9.16 0.57396076
9.17 0.6061116
9.18 0.63826245
9.19 0.6704133
9.2 0.70256415
9.21 0.72422746
9.22 0.74589063
9.23 0.76755379
9.24 0.78921696
9.25 0.81088013
9.26 0.83254329
9.27 0.85420646
9.28 0.87586963
9.29 0.89753279
9.3 0.91919596
9.31 0.93593795
9.32 0.95267987
9.33 0.96942179
9.34 0.98616371
9.35 1.0029056
9.36 1.0196476
9.37 1.0363895
9.38 1.0531314
9.39 1.0698733
9.4 1.0866152
9.41 1.0969747
9.42 1.1073341
9.43 1.1176934
9.44 1.1280528
9.45 1.1384121
9.46 1.1487715
9.47 1.1591309
9.48 1.1694902
9.49 1.1798496
9.5 1.190209
9.51 1.1880493
9.52 1.1858894
9.53 1.1837295
9.54 1.1815696
9.55 1.1794097
9.56 1.1772499
9.57 1.17509
9.58 1.1729301
9.59 1.1707702
9.6 1.1686103
9.61 1.1600681
9.62 1.1515258
9.63 1.1429834
9.64 1.1344411
9.65 1.1258988
9.66 1.1173565
9.67 1.1088141
9.68 1.1002718
9.69 1.0917295
9.7 1.0831871
9.71 1.0662982
9.72 1.0494092
9.73 1.0325201
9.74 1.0156311
9.75 0.99874205
9.76 0.98185301
9.77 0.96496397
9.78 0.94807492
9.79 0.93118588
9.8 0.91429684
9.81 0.89353492
9.82 0.87277294
9.83 0.85201096
9.84 0.83124898
9.85 0.810487
9.86 0.78972502
9.87 0.76896304
9.88 0.74820106
9.89 0.72743908
9.9 0.7066771
9.91 0.68016774
9.92 0.6536583
9.93 0.62714885
9.94 0.60063941
9.95 0.57412996
9.96 0.54762052
9.97 0.52111107
9.98 0.49460163
9.99 0.46809218
10 0.44158274
10.01 0.4112769
10.02 0.380971
10.03 0.3506651
10.04 0.3203592
10.05 0.2900533
10.06 0.2597474
10.07 0.2294415
10.08 0.1991356
10.09 0.1688297
10.1 0.1385238
10.11 0.10952154
10.12 0.080519308
10.13 0.051517075
10.14 0.022514841
10.15 -0.0064873934
10.16 -0.035489627
10.17 -0.064491861
10.18 -0.093494095
10.19 -0.12249633
10.2 -0.15149856
10.21 -0.17887168
10.22 -0.20624478
10.23 -0.23361788
10.24 -0.26099097
10.25 -0.28836407
10.26 -0.31573717
10.27 -0.34311026
10.28 -0.37048336
10.29 -0.39785645
10.3 -0.42522955
10.31 -0.44749748
10.32 -0.46976532
10.33 -0.49203317
10.34 -0.51430102
10.35 -0.53656887
10.36 -0.55883671
10.37 -0.58110456
10.38 -0.60337241
10.39 -0.62564025
10.4 -0.6479081
10.41 -0.66676362
10.42 -0.68561909
10.43 -0.70447455
10.44 -0.72333002
10.45 -0.74218549
10.46 -0.76104095
10.47 -0.77989642
10.48 -0.79875189
10.49 -0.81760735
10.5 -0.83646282
10.51 -0.84525347
10.52 -0.85404397
10.53 -0.86283446
10.54 -0.87162495
10.55 -0.88041545
10.56 -0.88920594
10.57 -0.89799644
10.58 -0.90678693
10.59 -0.91557742
10.6 -0.92436792
10.61 -0.92861899
10.62 -0.93286999
10.63 -0.937121
10.64 -0.941372
10.65 -0.945623
10.66 -0.949874
10.67 -0.954125
10.68 -0.958376
10.69 -0.96262701
10.7 -0.96687801
10.71 -0.96010673
10.72 -0.95333527
10.73 -0.94656381
10.74 -0.93979235
10.75 -0.93302089
10.76 -0.92624944
10.77 -0.91947798
10.78 -0.91270652
10.79 -0.90593506
10.8 -0.89916361
10.81 -0.89125049
10.82 -0.88333735
10.83 -0.87542421
10.84 -0.86751108
10.85 -0.85959794
10.86 -0.8516848
10.87 -0.84377167
10.88 -0.83585853
10.89 -0.82794539
10.9 -0.82003226
10.91 -0.80261357
10.92 -0.78519473
10.93 -0.76777589
10.94 -0.75035705
10.95 -0.73293821
10.96 -0.71551937
10.97 -0.69810053
10.98 -0.6806817
10.99 -0.66326286
11 -0.64584402
11.01 -0.62627936
11.02 -0.60671467
11.03 -0.58714998
11.04 -0.56758529
11.05 -0.5480206
11.06 -0.5284559
11.07 -0.50889121
11.08 -0.48932652
11.09 -0.46976183
11.1 -0.45019714
11.11 -0.42936005
11.12 -0.40852294
11.13 -0.38768583
11.14 -0.36684872
11.15 -0.34601162
11.16 -0.32517451
11.17 -0.3043374
11.18 -0.28350029
11.19 -0.26266318
11.2 -0.24182607
11.21 -0.21884701
11.22 -0.19586792
11.23 -0.17288882
11.24 -0.14990972
11.25 -0.12693063
11.26 -0.10395153
11.27 -0.080972439
11.28 -0.057993343
11.29 -0.035014248
11.3 -0.012035153
11.31 0.0072860963
11.32 0.026607283
11.33 0.045928471
11.34 0.065249658
11.35 0.084570845
11.36 0.10389203
11.37 0.12321322
11.38 0.14253441
11.39 0.16185559
11.4 0.18117678
11.41 0.1990632
11.42 0.2169496
11.43 0.23483599
11.44 0.25272239
11.45 0.27060878
11.46 0.28849518
11.47 0.30638157
11.48 0.32426797
11.49 0.34215436
11.5 0.36004076
11.51 0.37428767
11.52 0.38853453
11.53 0.40278138
11.54 0.41702824
11.55 0.43127509
11.56 0.44552195
11.57 0.4597688
11.58 0.47401565
11.59 0.48826251
11.6 0.50250936
11.61 0.51356336
11.62 0.5246173
11.63 0.53567125
11.64 0.54672519
11.65 0.55777913
11.66 0.56883308
11.67 0.57988702
11.68 0.59094096
11.69 0.60199491
11.7 0.61304885
11.71 0.61614931
11.72 0.61924963
11.73 0.62234995
11.74 0.62545027
11.75 0.62855059
11.76 0.63165091
11.77 0.63475123
11.78 0.63785155
11.79 0.64095187
11.8 0.64405219
11.81 0.64610025
11.82 0.64814829
11.83 0.65019633
11.84 0.65224437
11.85 0.65429242
11.86 0.65634046
11.87 0.6583885
11.88 0.66043654
11.89 0.66248458
11.9 0.66453262
11.910001 0.66143606
11.920001 0.65787146
11.930001 0.65384362
11.940001 0.64935735
11.950001 0.64441554
11.960001 0.63902394
11.970001 0.63318834
11.980001 0.62691352
11.990001 0.62020527
12.000001 0.61307126
12.010001 0.60551726
12.020001 0.59754904
12.030001 0.58917621
12.040001 0.58040358
12.050001 0.57124172
12.060001 0.56169639
12.070001 0.55177816
12.080001 0.54149377
12.090001 0.53085474
12.100001 0.51986781
12.110001 0.50854546
12.120001 0.49689539
12.130001 0.48492913
12.140001 0.47265629
12.150001 0.46008936
12.160001 0.44723699
12.170001 0.43411168
12.180001 0.420724
12.190001 0.4070874
12.200001 0.3932115
12.210001 0.37910974
12.220001 0.36479271
12.230001 0.35027481
12.240001 0.33556566
12.250001 0.32067967
12.260001 0.30562838
12.270001 0.29042524
12.280001 0.27508178
12.290001 0.25961051
12.300001 0.24402486
12.310001 0.22833734
12.320001 0.21255948
12.330001 0.19670474
12.340001 0.1807856
12.350001 0.16481457
12.360001 0.14880221
12.370001 0.13276294
12.380001 0.11670829
12.390001 0.1006498
12.400001 0.084599001
12.410001 0.06856742
12.420001 0.052567555
12.430001 0.036610937
12.440001 0.020707178
12.450001 0.0048687722
12.460001 -0.010894671
12.470001 -0.026570656
12.480001 -0.042150535
12.490001 -0.057623735
12.500001 -0.072979685
12.510001 -0.088207813
12.520001 -0.10330043
12.530001 -0.118246
12.540001 -0.13303588
12.550001 -0.14766046
12.560001 -0.16211205
12.570001 -0.17638103
12.580001 -0.19045876
12.590001 -0.20433658
12.600001 -0.21800682
12.610001 -0.23146081
12.620001 -0.24469088
12.630001 -0.25768837
12.640001 -0.27044751
12.650001 -0.28295966
12.660001 -0.29521713
12.670001 -0.30721414
12.680001 -0.31894206
12.690001 -0.33039415
12.700001 -0.34156561
12.710001 -0.35244682
12.720001 -0.36303395
12.730001 -0.37332027
12.740001 -0.38329808
12.750001 -0.39296354
12.760001 -0.40230897
12.770001 -0.41132956
12.780001 -0.4200205
12.790001 -0.42837603
12.800001 -0.43639038
12.810001 -0.44405874
12.820001 -0.45137727
12.830001 -0.45834118
12.840001 -0.46494564
12.850001 -0.47118682
12.860001 -0.47706183
12.870001 -0.48256586
12.880001 -0.48769701
12.890001 -0.49245045
12.900001 -0.49682427
12.910001 -0.50081655
12.920001 -0.5044244
12.930001 -0.5076459
12.940001 -0.51048009
12.950001 -0.51292601
12.960001 -0.51498078
12.970001 -0.51664631
12.980001 -0.51792165
12.990001 -0.51880583
13.000001 -0.51929982
13.010001 -0.51940554
13.020001 -0.51912298
13.030001 -0.51845408
13.040001 -0.51740075
13.050001 -0.51596491
13.060001 -0.51414945
13.070001 -0.51195822
13.080001 -0.50939409
13.090001 -0.50645995
13.100001 -0.5031606
13.110001 -0.49949989
13.120001 -0.49548262
13.130001 -0.49111553
13.140001 -0.48640149
13.150001 -0.48134723
13.160001 -0.47595948
13.170001 -0.47024305
13.180001 -0.46420561
13.190001 -0.45785391
13.200001 -0.45119371
13.210001 -0.44423269
13.220001 -0.43697951
13.230001 -0.42944089
13.240001 -0.42162452
13.250001 -0.41353809
13.260001 -0.40519121
13.270001 -0.39659157
13.280001 -0.38774686
13.290001 -0.37866669
13.300001 -0.36935874
13.310001 -0.35983263
13.320001 -0.35009797
13.330001 -0.34016149
13.340001 -0.33003375
13.350001 -0.31972341
13.360001 -0.30924007
13.370001 -0.29859144
13.380001 -0.28778807
13.390001 -0.27683862
13.400001 -0.26575173
13.410001 -0.25453799
13.420001 -0.24320411
13.430001 -0.23176163
13.440001 -0.22021728
13.450001 -0.20858258
13.460001 -0.19686428
13.470001 -0.18507293
13.480001 -0.17321623
13.490001 -0.16130475
13.500001 -0.14934521
13.510001 -0.13734724
13.520001 -0.12532043
13.530001 -0.11327151
13.540001 -0.10121107
13.550001 -0.089146776
13.560001 -0.07708633
13.570001 -0.065039338
13.580001 -0.053014451
13.590001 -0.041018396
13.600001 -0.029059823
13.610001 -0.017147381
13.620001 -0.0052897201
13.630001 0.0065064326
13.640001 0.018232427
13.650001 0.029881537
13.660001 0.04144415
13.670001 0.0529145
13.680001 0.064282977
13.690001 0.075543815
13.700001 0.086689325
13.710001 0.097711817
13.720001 0.10860457
13.730001 0.11935988
13.740001 0.12997104
13.750001 0.1404313
13.760001 0.15073396
13.770001 0.16087227
13.780001 0.17084047
13.790001 0.18063183
13.800001 0.19023963
13.810001 0.19965906
13.820001 0.2088834
13.830001 0.21790687
13.840001 0.22672467
13.850001 0.235332
13.860001 0.24372212
13.870001 0.2518912
13.880001 0.25983443
13.890001 0.26754701
13.900001 0.27502412
13.910001 0.28226289
13.920001 0.28925946
13.930001 0.29600809
13.940001 0.30250683
13.950001 0.30875281
13.960001 0.31474219
13.970001 0.32047208
13.980001 0.32594056
13.990001 0.33114378
14.000001 0.33608175
14.010001 0.34075062
14.020001 0.34514943
14.030001 0.34927722
14.040001 0.3531311
14.050001 0.35671204
14.060001 0.36001716
14.070001 0.36304741
14.080001 0.36580183
14.090001 0.36827946
14.100001 0.37048127
14.110001 0.37240725
14.120001 0.37405741
14.130001 0.37543173
14.140001 0.37653216
14.150001 0.37735868
14.160001 0.37791321
14.170001 0.37819577
14.180001 0.37820826
14.190001 0.37795262
14.200001 0.37742979
14.210001 0.37664172
14.220001 0.37559127
14.230001 0.37428037
14.240001 0.37271095
14.250001 0.37088492
14.260001 0.36880517
14.270001 0.36647458
14.280001 0.36389603
14.290001 0.36107241
14.300001 0.3580066
14.310001 0.35470245
14.320001 0.35116187
14.330001 0.34738968
14.340001 0.34338779
14.350001 0.33916198
14.360001 0.33471415
14.370001 0.33004913
14.380001 0.32516978
14.390001 0.32008189
14.400001 0.31478928
14.410001 0.30929485
14.420001 0.30360437
14.430001 0.29772263
14.440001 0.29165348
14.450001 0.2854027
14.460001 0.27897315
14.470001 0.27237253
14.480001 0.26560469
14.490001 0.25867442
14.500001 0.25158751
14.510001 0.2443497
14.520001 0.23696677
14.530001 0.22944353
14.540001 0.2217867
14.550001 0.21400109
14.560001 0.20609438
14.570001 0.19807138
14.580001 0.18993786
14.590001 0.18170246
14.600001 0.17336904
14.610001 0.16494431
14.620001 0.15643598
14.630001 0.14785075
14.640001 0.13919441
14.650001 0.13047368
14.660001 0.12169528
14.670001 0.11286594
14.680001 0.10399336
14.690001 0.095083295
14.700001 0.086143438
14.710001 0.077180515
14.720001 0.068201253
14.730001 0.059212381
14.740001 0.050220626
14.750001 0.041233676
14.760001 0.032257297
14.770001 0.02329918
14.780001 0.014365088
14.790001 0.0054627124
14.800001 -0.0034021819
14.810001 -0.012221906
14.820001 -0.020991654
14.830001 -0.0297047
14.840001 -0.038353354
14.850001 -0.046932811
14.860001 -0.055435382
14.870001 -0.063857224
14.880001 -0.072191609
14.890001 -0.080431809
14.900001 -0.088573019
14.910001 -0.096610433
14.920001 -0.10453732
14.930001 -0.11234889
14.940001 -0.12004128
14.950001 -0.12760681
14.960001 -0.13504356
14.970001 -0.14234479
14.980001 -0.14950667
14.990001 -0.15652535
15.000001 -0.16339507
15.010001 -0.17011294
15.020001 -0.17667511
15.030001 -0.18307679
15.040001 -0.18931508
15.050001 -0.19538519
15.060001 -0.20128519
15.070001 -0.20701124
15.080001 -0.21256044
15.090001 -0.21792897
15.100001 -0.2231149
15.110001 -0.22811533
15.120001 -0.2329274
15.130001 -0.23754822
15.140001 -0.24197586
15.150001 -0.24620937
15.160001 -0.25024489
15.170001 -0.25408052
15.180001 -0.25771624
15.190001 -0.26114918
15.200001 -0.26437837
15.210001 -0.26740189
15.220001 -0.27021878
15.230001 -0.27282808
15.240001 -0.27522883
15.250001 -0.27742102
15.260001 -0.27940179
15.270001 -0.28117303
15.280001 -0.28273381
15.290001 -0.28408315
15.300001 -0.28522105
15.310001 -0.28614849
15.320001 -0.28686544
15.330001 -0.28737193
15.340001 -0.2876689
15.350001 -0.28775635
15.360001 -0.28763622
15.370001 -0.28730946
15.380001 -0.28677606
15.390001 -0.28603892
15.400001 -0.285099
15.410001 -0.28395821
15.420001 -0.28261848
15.430001 -0.28108077
15.440001 -0.27934797
15.450001 -0.27742198
15.460001 -0.27530667
15.470001 -0.27300299
15.480001 -0.27051479
15.490001 -0.26784494
15.500001 -0.26499537
15.510001 -0.26197089
15.520001 -0.25877341
15.530001 -0.25540775
15.540001 -0.25187583
15.550001 -0.24818244
15.560001 -0.24433144
15.570001 -0.24032571
15.580001 -0.23617101
15.590001 -0.23186927
15.600001 -0.22742625
15.610001 -0.2228458
15.620001 -0.21813176
15.630001 -0.21328893
15.640001 -0.20832117
15.650001 -0.20323424
15.660001 -0.19803101
15.670001 -0.19271727
15.680001 -0.18729684
15.690001 -0.1817755
15.700001 -0.17615614
15.710001 -0.17044451
15.720001 -0.16464542
15.730001 -0.15876272
15.740001 -0.15280218
15.750001 -0.14676667
15.760001 -0.14066196
15.770001 -0.13449286
15.780001 -0.12826418
15.790001 -0.12197975
15.800001 -0.11564343
15.810001 -0.10926194
15.820001 -0.10283816
15.830001 -0.096376893
15.840001 -0.089881994
15.850001 -0.083359223
15.860001 -0.076812425
15.870001 -0.070245445
15.880001 -0.063664049
15.890001 -0.05707016
15.900001 -0.050470503
15.910001 -0.043868925
15.920001 -0.037268308
15.930001 -0.030673457
15.940001 -0.024090139
15.950001 -0.017520276
15.960001 -0.010969634
15.970001 -0.0044410968
15.980001 0.0020595694
15.990001 0.0085294814
16.000001 0.014963834
16.010001 0.021358783
16.020001 0.027710483
16.030001 0.03401413
16.040001 0.04026588
16.050001 0.046462848
16.060001 0.05259927
16.070001 0.058672261
16.080001 0.064677016
16.090001 0.070610651
16.100001 0.076467402
16.110001 0.082246306
16.120001 0.087940636
16.130001 0.093547508
16.140001 0.099063079
16.150001 0.10448447
16.160001 0.10980686
16.170001 0.11502739
16.180001 0.12014219
16.190001 0.12514743
16.200001 0.13004023
16.210001 0.1348177
16.220001 0.13947504
16.230001 0.14401032
16.240001 0.1484197
16.250001 0.15270126
16.260001 0.15685212
16.270001 0.16086842
16.280001 0.16474826
16.290001 0.16848873
16.300001 0.1720889
16.310001 0.1755449
16.320001 0.17885578
16.330001 0.18201961
16.340001 0.18503352
16.350001 0.18789751
16.360001 0.19060964
16.370001 0.19316801
16.380001 0.19557164
16.390001 0.19782054
16.400001 0.19991278
16.410001 0.20184838
16.420001 0.20362635
16.430001 0.20524768
16.440001 0.20671042
16.450001 0.20801555
16.460001 0.20916307
16.470001 0.21015393
16.480001 0.21098718
16.490001 0.21166473
16.500001 0.21218659
16.510001 0.21255372
16.520001 0.21276707
16.530001 0.21282762
16.540001 0.21273728
16.550001 0.21249605
16.560001 0.21210682
16.570001 0.21156958
16.580001 0.21088626
16.590001 0.21005974
16.600001 0.20909099
16.610001 0.20798095
16.620001 0.20673253
16.630001 0.20534763
16.640001 0.20382722
16.650001 0.20217418
16.660001 0.20039044
16.670001 0.19847791
16.680001 0.19643852
16.690001 0.19427516
16.700001 0.19198974
16.710001 0.18958322
16.720001 0.18705946
16.730001 0.18442036
16.740001 0.18166786
16.750001 0.17880388
16.760001 0.1758313
16.770001 0.17275203
16.780001 0.16956897
16.790001 0.16628404
16.800001 0.16289916
16.810001 0.15941721
16.820001 0.15584107
16.830001 0.15217364
16.840001 0.14841586
16.850001 0.14457063
16.860001 0.14064082
16.870001 0.13662932
16.880001 0.13253901
16.890001 0.12837182
16.900001 0.12413159
16.910001 0.11981927
16.920001 0.11543968
16.930001 0.11099474
16.940001 0.10648733
16.950001 0.1019213
16.960001 0.097298558
16.970001 0.09262296
16.980001 0.087898349
16.990001 0.083127605
17.000001 0.078313614
17.010001 0.073460219
17.020001 0.068571264
17.030001 0.063650595
17.040001 0.058701093
17.050001 0.053725642
17.060001 0.048730009
17.070001 0.043717076
17.080001 0.038690689
17.090001 0.033654691
17.100001 0.028612926
17.110001 0.02356924
17.120001 0.018528436
17.130001 0.01349436
17.140001 0.0084708563
17.150001 0.0034608071
17.160001 -0.0015300208
17.170001 -0.006497783
17.180001 -0.011439596
17.190001 -0.016350656
17.200001 -0.021227116
17.210001 -0.026066095
17.220001 -0.030861826
17.230001 -0.035612387
17.240001 -0.040312011
17.250001 -0.044959738
17.260001 -0.0495498
17.270001 -0.054079315
17.280001 -0.0585454
17.290001 -0.062944209
17.300001 -0.067273822
17.310001 -0.071529433
17.320001 -0.075708158
17.330001 -0.079809036
17.340001 -0.083827263
17.350001 -0.087761877
17.360001 -0.091609994
17.370001 -0.095367772
17.380001 -0.099035208
17.390001 -0.10260942
17.400001 -0.10608849
17.410001 -0.10946953
17.420001 -0.11275254
17.430001 -0.11593463
17.440001 -0.11901486
17.450001 -0.12199321
17.460001 -0.12486584
17.470001 -0.12763372
17.480001 -0.13029492
17.490001 -0.13284848
17.500001 -0.13529343
17.510001 -0.13763075
17.520001 -0.13985755
17.530001 -0.14197478
17.540001 -0.14398149
17.550001 -0.14587672
17.560001 -0.14766046
17.570001 -0.14933368
17.580001 -0.15089446
17.590001 -0.15234375
17.600001 -0.15368059
17.610001 -0.15490499
17.620001 -0.15601791
17.630001 -0.15701838
17.640001 -0.15790641
17.650001 -0.15868295
17.660001 -0.15934705
17.670001 -0.15989967
17.680001 -0.1603408
17.690001 -0.16067044
17.700001 -0.16088861
17.710001 -0.16099624
17.720001 -0.16099336
17.730001 -0.16087996
17.740001 -0.16065699
17.750001 -0.16032446
17.760001 -0.15988333
17.770001 -0.15933264
17.780001 -0.15867526
17.790001 -0.15791025
17.800001 -0.15703857
17.810001 -0.15606116
17.820001 -0.154979
17.830001 -0.15379208
17.840001 -0.15250232
17.850001 -0.15110973
17.860001 -0.14961623
17.870001 -0.14802278
17.880001 -0.14633034
17.890001 -0.14454083
17.900001 -0.14265522
17.910001 -0.14067542
17.920001 -0.13860239
17.930001 -0.13643903
17.940001 -0.13418532
17.950001 -0.13184512
17.960001 -0.12941938
17.970001 -0.12691003
17.980001 -0.12431996
17.990001 -0.12165107
18.000001 -0.1189053
18.010001 -0.11608552
18.020001 -0.11319463
18.030001 -0.11023454
18.040001 -0.10720909
18.050001 -0.10412022
18.060001 -0.10096984
18.070001 -0.097762754
18.080001 -0.094500888
18.090001 -0.091186163
18.100001 -0.087824346
18.110001 -0.084415437
18.120001 -0.080964241
18.130001 -0.077474601
18.140001 -0.073947481
18.150001 -0.070387684
18.160001 -0.066797132
18.170001 -0.063179671
18.180001 -0.059538183
18.190001 -0.055875552
18.200001 -0.052195621
18.210001 -0.048499352
18.220001 -0.044792512
18.230001 -0.04107606
18.240001 -0.037352882
18.250001 -0.03362682
18.260001 -0.029899797
18.270001 -0.026175657
18.280001 -0.0224544
18.290001 -0.018741794
18.300001 -0.015037836
18.310001 -0.011346373
18.320001 -0.0076693253
18.330001 -0.0040095771
18.340001 -0.00036808917
18.350001 0.0032532163
18.360001 0.0068504951
18.370001 0.010421825
18.380001 0.013967206
18.390001 0.017482794
18.400001 0.020967628
18.410001 0.024420746
18.420001 0.027838305
18.430001 0.031220305
18.440001 0.034563861
18.450001 0.037868014
18.460001 0.041131802
18.470001 0.044352342
18.480001 0.047528673
18.490001 0.050658873
18.500001 0.05374198
18.510001 0.056776073
18.520001 0.05976019
18.530001 0.062692409
18.540001 0.065570809
18.550001 0.068395389
18.560001 0.071162305
18.570001 0.073872517
18.580001 0.076522183
18.590001 0.079111301
18.600001 0.08163891
18.610001 0.084101168
18.620001 0.086499033
18.630001 0.088829624
18.640001 0.091091018
18.650001 0.093282253
18.660001 0.09540237
18.670001 0.097449446
18.680001 0.099422519
18.690001 0.10131871
18.700001 0.10313705
18.710001 0.10487658
18.720001 0.10653635
18.730001 0.10811442
18.740001 0.10960888
18.750001 0.11101973
18.760001 0.11234504
18.770001 0.1135829
18.780001 0.11473426
18.790001 0.11579624
18.800001 0.11676884
18.810001 0.1176511
18.820001 0.11844206
18.830001 0.11914172
18.840001 0.11974911
18.850001 0.12026329
18.860001 0.12068423
18.870001 0.12101196
18.880001 0.12124742
18.890001 0.1213887
18.900001 0.12143675
18.910001 0.12139158
18.920001 0.12125415
18.930001 0.12102541
18.940001 0.12070442
18.950001 0.12029212
18.960001 0.11979044
18.970001 0.11920034
18.980001 0.11852183
18.990001 0.11775778
19.000001 0.11690724
19.010001 0.11597308
19.020001 0.11495627
19.030001 0.11385873
19.040001 0.11268238
19.050001 0.11142818
19.060001 0.11009807
19.070001 0.10869491
19.080001 0.10721967
19.090001 0.10567427
19.100001 0.1040616
19.110001 0.10238357
19.120001 0.10064115
19.130001 0.098837228
19.140001 0.096974678
19.150001 0.095054463
19.160001 0.093080429
19.170001 0.091052575
19.180001 0.088974745
19.190001 0.086847901
19.200001 0.084674925
19.210001 0.082458702
19.220001 0.08019923
19.230001 0.077900355
19.240001 0.075563998
19.250001 0.073192081
19.260001 0.070785566
19.270001 0.068347335
19.280001 0.065878351
19.290001 0.063382456
19.300001 0.060859652
19.310001 0.05831186
19.320001 0.055741963
19.330001 0.053150923
19.340001 0.0505397
19.350001 0.047911178
19.360001 0.045267279
19.370001 0.042608003
19.380001 0.039935272
19.390001 0.03725197
19.400001 0.034559056
19.410001 0.031856532
19.420001 0.029148241
19.430001 0.026433223
19.440001 0.023715322
19.450001 0.020994538
19.460001 0.018271831
19.470001 0.015551047
19.480001 0.012831223
19.490001 0.010114283
19.500001 0.0074031094
19.510001 0.004697702
19.520001 0.0020009443
19.530001 -0.0
19.540001 -0.0
19.550001 -0.0
19.560001 -0.0
19.570001 -0.0
19.580001 -0.0
19.590001 -0.0
19.600001 -0.0
19.610001 -0.0
19.620001 -0.0
19.630001 -0.0
19.640001 -0.0
19.650001 -0.0
19.660001 -0.0
19.670001 -0.0
19.680001 -0.0
19.690001 -0.0
19.700001 -0.0
19.710001 -0.0
19.720001 -0.0
19.730001 -0.0
19.740001 -0.0
19.750001 -0.0
19.760001 -0.0
19.770001 -0.0
19.780001 -0.0
19.790001 -0.0
19.800001 -0.0
19.810001 -0.0
19.820001 -0.0
19.830001 -0.0
19.840001 -0.0
19.850001 -0.0
19.860001 -0.0
19.870001 -0.0
19.880001 -0.0
19.890001 -0.0
