0 -456.0198
0.010055304 -457.51305
0.020110608 -458.90683
0.030165913 -460.20532
0.040221217 -461.41258
0.050276521 -462.53255
0.060331825 -463.56897
0.070387129 -464.52549
0.080442433 -465.40556
0.090497738 -466.21253
0.10055304 -466.94961
0.11060835 -467.6198
0.12066365 -468.22604
0.13071895 -468.77105
0.14077426 -469.25745
0.15082956 -469.68772
0.16088487 -470.06414
0.17094017 -470.38892
0.18099548 -470.66407
0.19105078 -470.89147
0.20110608 -471.07286
0.21116139 -471.20983
0.22121669 -471.30383
0.231272 -471.35615
0.2413273 -471.36796
0.2513826 -471.34027
0.26143791 -471.27393
0.27149321 -471.16967
0.28154852 -471.02807
0.29160382 -470.84955
0.30165913 -470.63441
0.31171443 -470.38276
0.32176973 -470.09462
0.33182504 -469.76984
0.34188034 -469.4081
0.35193565 -469.00898
0.36199095 -468.57189
0.37204625 -468.09609
0.38210156 -467.5807
0.39215686 -467.02471
0.40221217 -466.42696
0.41226747 -465.7861
0.42232278 -465.10072
0.43237808 -464.36918
0.44243338 -463.58974
0.45248869 -462.76052
0.46254399 -461.87947
0.4725993 -460.9444
0.4826546 -459.953
0.4927099 -458.90177
0.50276521 -457.79226
0.51282051 -456.63854
0.52287582 -455.44336
0.53293112 -454.20036
0.54298643 -452.90314
0.55304173 -451.54535
0.56309703 -450.12059
0.57315234 -448.6225
0.58320764 -447.0447
0.59326295 -445.38081
0.60331825 -443.62447
0.61337355 -441.76928
0.62342886 -439.80888
0.63348416 -437.7369
0.64353947 -435.54695
0.65359477 -433.23265
0.66365008 -430.78765
0.67370538 -428.20555
0.68376068 -425.47999
0.69381599 -422.60458
0.70387129 -419.57295
0.7139266 -416.37873
0.7239819 -413.01554
0.7340372 -409.47701
0.74409251 -405.75675
0.75414781 -401.8484
0.76420312 -397.74557
0.77425842 -393.4419
0.78431373 -388.931
0.79436903 -384.2065
0.80442433 -379.26113
0.81447964 -374.09914
0.82453494 -368.76096
0.83459025 -363.2911
0.84464555 -357.73411
0.85470085 -352.13452
0.86475616 -346.53687
0.87481146 -340.98569
0.88486677 -335.52551
0.89492207 -330.20086
0.90497738 -325.03278
0.91503268 -319.90339
0.92508798 -314.78514
0.93514329 -309.67284
0.94519859 -304.56128
0.9552539 -299.44526
0.9653092 -294.31958
0.9753645 -289.17905
0.98541981 -284.01845
0.99547511 -278.83261
1.0055304 -273.62063
1.0155857 -268.40121
1.025641 -263.17804
1.0356963 -257.95215
1.0457516 -252.72454
1.0558069 -247.49624
1.0658622 -242.26825
1.0759175 -237.0416
1.0859729 -231.8173
1.0960282 -226.59637
1.1060835 -221.38046
1.1161388 -216.17235
1.1261941 -210.97147
1.1362494 -205.77692
1.1463047 -200.58778
1.15636 -195.40317
1.1664153 -190.22217
1.1764706 -185.04388
1.1865259 -179.8674
1.1965812 -174.69183
1.2066365 -169.53421
1.2166918 -164.45164
1.2267471 -159.44432
1.2368024 -154.50762
1.2468577 -149.63692
1.256913 -144.8276
1.2669683 -140.07502
1.2770236 -135.37455
1.2870789 -130.72158
1.2971342 -126.11147
1.3071895 -121.57147
1.3172448 -117.18151
1.3273002 -112.93556
1.3373555 -108.82243
1.3474108 -104.83094
1.3574661 -100.94991
1.3675214 -97.168154
1.3775767 -93.474487
1.387632 -89.857727
1.3976873 -86.306689
1.4077426 -82.817017
1.4177979 -79.400401
1.4278532 -76.060093
1.4379085 -72.79886
1.4479638 -69.619468
1.4580191 -66.524683
1.4680744 -63.517272
1.4781297 -60.600002
1.488185 -57.775638
1.4982403 -55.046947
1.5082956 -52.404907
1.5183509 -49.829637
1.5284062 -47.32279
1.5384615 -44.886548
1.5485168 -42.523091
1.5585721 -40.234601
1.5686275 -38.023259
1.5786828 -35.891244
1.5887381 -33.840739
1.5987934 -31.873924
1.6088487 -29.976748
1.618904 -28.127
1.6289593 -26.328246
1.6390146 -24.584359
1.6490699 -22.899212
1.6591252 -21.276675
1.6691805 -19.720623
1.6792358 -18.234928
1.6892911 -16.823461
1.6993464 -15.490096
1.7094017 -14.217721
1.719457 -12.983132
1.7295123 -11.789851
1.7395676 -10.641503
1.7496229 -9.5417092
1.7596782 -8.4940943
1.7697335 -7.5022814
1.7797888 -6.5698938
1.7898441 -5.7005548
1.7998994 -4.8978879
1.8099548 -4.1415161
1.8200101 -3.4098056
1.8300654 -2.7059458
1.8401207 -2.0331286
1.850176 -1.3945458
1.8602313 -0.79338941
1.8702866 -0.23285124
1.8803419 0.28387681
1.8903972 0.75360285
1.9004525 1.1731832
1.9105078 1.5650234
1.9205631 1.9464212
1.9306184 2.3127344
1.9406737 2.6593209
1.950729 2.9815387
1.9607843 3.2747456
1.9708396 3.5342997
1.9808949 3.7555587
1.9909502 3.9338805
2.0010055 4.0648585
2.0110608 4.1723477
2.0211161 4.2739264
2.0311714 4.3686111
2.0412267 4.4554185
2.0512821 4.5333651
2.0613374 4.6014676
2.0713927 4.6587427
2.081448 4.7042069
2.0915033 4.736877
2.1015586 4.7560007
2.1116139 4.7724563
2.1216692 4.7910024
2.1317245 4.8093722
2.1417798 4.8252988
2.1518351 4.8365155
2.1618904 4.8407553
2.1719457 4.8357514
2.182001 4.8192371
2.1920563 4.7889453
2.2021116 4.7429675
2.2121669 4.6904867
2.2222222 4.6366337
2.2322775 4.5817415
2.2423328 4.5261432
2.2523881 4.4701717
2.2624434 4.41416
2.2724987 4.3584411
2.282554 4.3033481
2.2926094 4.2492138
2.3026647 4.1963202
2.31272 4.1439301
2.3227753 4.0917866
2.3328306 4.0400076
2.3428859 3.9887105
2.3529412 3.938013
2.3629965 3.8880329
2.3730518 3.8388876
2.3831071 3.7906949
2.3931624 3.7435724
2.4032177 3.6983153
2.413273 3.6642322
2.4233283 3.6435296
2.4333836 3.6352727
2.4434389 3.6385273
2.4534942 3.6523588
2.4635495 3.6758326
2.4736048 3.7080144
2.4836601 3.7479697
2.4937154 3.7947639
2.5037707 3.8473096
2.513826 3.9034308
2.5238813 3.9628264
2.5339367 4.0256942
2.543992 4.0922321
2.5540473 4.1626377
2.5641026 4.2371088
2.5741579 4.3158432
2.5842132 4.3990387
2.5942685 4.486893
2.6043238 4.5792463
2.6143791 4.6733404
2.6244344 4.7685404
2.6344897 4.8648284
2.644545 4.9621863
2.6546003 5.0605962
2.6646556 5.1600399
2.6747109 5.2604995
2.6847662 5.361957
2.6948215 5.4643943
2.7048768 5.5682923
2.7149321 5.6764476
2.7249874 5.7884509
2.7350427 5.9032863
2.745098 6.0199378
2.7551533 6.1373895
2.7652086 6.2546255
2.775264 6.3706298
2.7853193 6.4843865
2.7953746 6.5948798
2.8054299 6.700116
2.8154852 6.7947701
2.8255405 6.8788449
2.8355958 6.953116
2.8456511 7.0183589
2.8557064 7.0753491
2.8657617 7.1248622
2.875817 7.1676736
2.8858723 7.204559
2.8959276 7.2362937
2.9059829 7.2612387
2.9160382 7.2702981
2.9260935 7.26367
2.9361488 7.2426864
2.9462041 7.2086794
2.9562594 7.1629809
2.9663147 7.106923
2.97637 7.0418378
2.9864253 6.9690573
2.9964806 6.8899135
3.0065359 6.8049979
3.0165913 6.7118127
3.0266466 6.6087119
3.0367019 6.4942068
3.0467572 6.3668085
3.0568125 6.2250285
3.0668678 6.0673778
3.0769231 5.8923677
3.0869784 5.6985094
3.0970337 5.4843142
3.107089 5.2518619
3.1171443 5.0102278
3.1271996 4.7593573
3.1372549 4.4985825
3.1473102 4.2272358
3.1573655 3.9446496
3.1674208 3.6501561
3.1774761 3.3430877
3.1875314 3.0227767
3.1975867 2.6885554
3.207642 2.3438919
3.2176973 1.9983021
3.2277526 1.652319
3.2378079 1.306071
3.2478632 0.95968629
3.2579186 0.61329321
3.2679739 0.26702004
3.2780292 -0.079004921
3.2880845 -0.42465338
3.2981398 -0.76979704
3.3081951 -1.1144692
3.3182504 -1.4589301
3.3283057 -1.8031905
3.338361 -2.1472533
3.3484163 -2.4911215
3.3584716 -2.8347981
3.3685269 -3.1782861
3.3785822 -3.5215886
3.3886375 -3.8647085
3.3986928 -4.2076488
3.4087481 -4.5447486
3.4188034 -4.8677112
3.4288587 -5.177912
3.438914 -5.4768572
3.4489693 -5.766053
3.4590246 -6.0470054
3.4690799 -6.3212206
3.4791352 -6.5902048
3.4891905 -6.8554641
3.4992459 -7.1185046
3.5093012 -7.372743
3.5193565 -7.6080539
3.5294118 -7.8244914
3.5394671 -8.022161
3.5495224 -8.2011686
3.5595777 -8.3616199
3.569633 -8.5036206
3.5796883 -8.6272764
3.5897436 -8.7326932
3.5997989 -8.8199766
3.6098542 -8.8913363
3.6199095 -8.9481929
3.6299648 -8.989181
3.6400201 -9.0129344
3.6500754 -9.0180868
3.6601307 -9.0032719
3.670186 -8.9671235
3.6802413 -8.9082751
3.6902966 -8.8253607
3.7003519 -8.7170295
3.7104072 -8.5958703
3.7204625 -8.4736048
3.7305178 -8.3501953
3.7405732 -8.2256037
3.7506285 -8.099792
3.7606838 -7.9727224
3.7707391 -7.8443568
3.7807944 -7.7146573
3.7908497 -7.5835861
3.800905 -7.4511351
3.8109603 -7.3211967
3.8210156 -7.195109
3.8310709 -7.0708639
3.8411262 -6.9464532
3.8511815 -6.8198688
3.8612368 -6.6891026
3.8712921 -6.5521465
3.8813474 -6.4069924
3.8914027 -6.2516321
3.901458 -6.0841197
3.9115133 -5.9068745
3.9215686 -5.7230034
3.9316239 -5.5338595
3.9416792 -5.3407961
3.9517345 -5.1451663
3.9617898 -4.9483234
3.9718451 -4.7516206
3.9819005 -4.5564111
3.9919558 -4.3640481
4.0020111 -4.175769
4.0120664 -3.9888253
4.0221217 -3.8016745
4.032177 -3.6145022
4.0422323 -3.427494
4.0522876 -3.2408357
4.0623429 -3.0547128
4.0723982 -2.8693109
4.0824535 -2.6848159
4.0925088 -2.5014132
4.1025641 -2.3193659
4.1126194 -2.140284
4.1226747 -1.9642667
4.13273 -1.7906772
4.1427853 -1.6188788
4.1528406 -1.4482346
4.1628959 -1.278108
4.1729512 -1.1078622
4.1830065 -0.93686045
4.1930618 -0.76446597
4.2031171 -0.5897965
4.2131724 -0.40927076
4.2232278 -0.2232998
4.2332831 -0.033706234
4.2433384 0.15768734
4.2533937 0.3490583
4.263449 0.53858406
4.2735043 0.72444198
4.2835596 0.90480948
4.2936149 1.0778639
4.3036702 1.2415727
4.3137255 1.3928716
4.3237808 1.5325049
4.3338361 1.6620834
4.3438914 1.7832179
4.3539467 1.8975192
4.364002 2.0065979
4.3740573 2.112065
4.3841126 2.2155312
4.3941679 2.3186072
4.4042232 2.4226586
4.4142785 2.5266096
4.4243338 2.6298678
4.4343891 2.7322056
4.4444444 2.8333952
4.4544997 2.9332089
4.4645551 3.0314191
4.4746104 3.127798
4.4846657 3.2221179
4.494721 3.3141513
4.5047763 3.4037139
4.5148316 3.4909103
4.5248869 3.5756783
4.5349422 3.657908
4.5449975 3.7374892
4.5550528 3.814312
4.5651081 3.8882663
4.5751634 3.9592421
4.5852187 4.0271294
4.595274 4.0918181
4.6053293 4.1532118
4.6153846 4.211346
4.6254399 4.2663028
4.6354952 4.3181606
4.6455505 4.3669978
4.6556058 4.4128927
4.6656611 4.4559238
4.6757164 4.4961694
4.6857717 4.5337079
4.695827 4.5686177
4.7058824 4.6009899
4.7159377 4.63101
4.725993 4.6588838
4.7360483 4.6848141
4.7461036 4.7090038
4.7561589 4.7316557
4.7662142 4.7529728
4.7762695 4.773158
4.7863248 4.792414
4.7963801 4.8109439
4.8064354 4.828504
4.8164907 4.8435872
4.826546 4.8559964
4.8366013 4.8656703
4.8466566 4.8725476
4.8567119 4.8765667
4.8667672 4.8776665
4.8768225 4.8757854
4.8868778 4.870862
4.8969331 4.8628351
4.9069884 4.8475011
4.9170437 4.8144834
4.927099 4.7668215
4.9371543 4.7084139
4.9472097 4.6431591
4.957265 4.5749555
4.9673203 4.5077017
4.9773756 4.4452962
4.9874309 4.3916374
4.9974862 4.3506238
5.0075415 4.3276706
5.0175968 4.3254656
5.0276521 4.3385413
5.0377074 4.3611611
5.0477627 4.3875887
5.057818 4.4120876
5.0678733 4.4289212
5.0779286 4.4323533
5.0879839 4.4166473
5.0980392 4.3760668
5.1080945 4.3145574
5.1181498 4.2492336
5.1282051 4.1808188
5.1382604 4.1095058
5.1483157 4.0354872
5.158371 3.958956
5.1684263 3.8801047
5.1784816 3.7991262
5.188537 3.7162132
5.1985923 3.6315586
5.2086476 3.5459805
5.2187029 3.4605218
5.2287582 3.3750468
5.2388135 3.2894024
5.2488688 3.2034353
5.2589241 3.1169922
5.2689794 3.02992
5.2790347 2.9420652
5.28909 2.8532747
5.2991453 2.7633953
5.3092006 2.6725208
5.3192559 2.5808803
5.3293112 2.4883901
5.3393665 2.3949644
5.3494218 2.3005173
5.3594771 2.204963
5.3695324 2.1082157
5.3795877 2.0101896
5.389643 1.9107988
5.3996983 1.8099575
5.4097536 1.7055836
5.4198089 1.596255
5.4298643 1.4832899
5.4399196 1.3680084
5.4499749 1.2517306
5.4600302 1.1357766
5.4700855 1.0214667
5.4801408 0.91012076
5.4901961 0.80305908
5.5002514 0.70159962
5.5103067 0.60325093
5.520362 0.50496703
5.5304173 0.4067337
5.5404726 0.30853672
5.5505279 0.21036186
5.5605832 0.1121949
5.5706385 0.014021611
5.5806938 -0.084172224
5.5907491 -0.18240083
5.6008044 -0.28067848
5.6108597 -0.37902133
5.620915 -0.47742377
5.6309703 -0.57587031
5.6410256 -0.67434548
5.6510809 -0.77283377
5.6611362 -0.87131971
5.6711916 -0.9697878
5.6812469 -1.0682225
5.6913022 -1.1666085
5.7013575 -1.2648725
5.7114128 -1.3592459
5.7214681 -1.4479411
5.7315234 -1.5316201
5.7415787 -1.6109445
5.751634 -1.6865761
5.7616893 -1.7591767
5.7717446 -1.8294082
5.7817999 -1.8979322
5.7918552 -1.9654106
5.8019105 -2.0325069
5.8119658 -2.099452
5.8220211 -2.1650735
5.8320764 -2.2279381
5.8421317 -2.2866123
5.852187 -2.3396628
5.8622423 -2.3856562
5.8722976 -2.4231591
5.8823529 -2.4507382
5.8924082 -2.4669601
5.9024635 -2.4708112
5.9125189 -2.4708112
5.9225742 -2.4708112
5.9326295 -2.4708112
5.9426848 -2.4708112
5.9527401 -2.4708112
5.9627954 -2.4708112
5.9728507 -2.4708112
5.982906 -2.4708112
5.9929613 -2.4708112
6.0030166 -2.4708112
6.0130719 -2.4708112
6.0231272 -2.4708112
6.0331825 -2.4708112
6.0432378 -2.4708112
6.0532931 -2.4708112
6.0633484 -2.4708112
6.0734037 -2.4708112
6.083459 -2.4708112
6.0935143 -2.4708112
6.1035696 -2.4695248
6.1136249 -2.4530192
6.1236802 -2.4199337
6.1337355 -2.3733694
6.1437908 -2.316427
6.1538462 -2.2522077
6.1639015 -2.1838122
6.1739568 -2.1143416
6.1840121 -2.0468968
6.1940674 -1.9845787
6.2041227 -1.9296507
6.214178 -1.8767279
6.2242333 -1.824069
6.2342886 -1.7714756
6.2443439 -1.7187492
6.2543992 -1.6656914
6.2644545 -1.6121038
6.2745098 -1.5577881
6.2845651 -1.5025457
6.2946204 -1.4461783
6.3046757 -1.3875507
6.314731 -1.3206716
6.3247863 -1.2459514
6.3348416 -1.1651334
6.3448969 -1.0799605
6.3549522 -0.99217592
6.3650075 -0.90352267
6.3750628 -0.81574388
6.3851181 -0.73058262
6.3951735 -0.649782
6.4052288 -0.57443614
6.4152841 -0.50182368
6.4253394 -0.43097131
6.4353947 -0.36137229
6.44545 -0.29251989
6.4555053 -0.22390736
6.4655606 -0.15502798
6.4756159 -0.085375002
6.4856712 -0.014441689
6.4957265 0.058278693
6.5057818 0.13458248
6.5158371 0.21960837
6.5258924 0.31181139
6.5359477 0.40885651
6.546003 0.50840869
6.5560583 0.60813291
6.5661136 0.70569412
6.5761689 0.79875729
6.5862242 0.88498739
6.5962795 0.96204938
6.6063348 1.0293146
6.6163901 1.0919748
6.6264454 1.1509834
6.6365008 1.2067682
6.6465561 1.2597571
6.6566114 1.3103778
6.6666667 1.3590583
6.676722 1.4062263
6.6867773 1.4523096
6.6968326 1.4977362
6.7068879 1.5427646
6.7169432 1.587063
6.7269985 1.6305173
6.7370538 1.6730407
6.7471091 1.7145463
6.7571644 1.7549474
6.7672197 1.794157
6.777275 1.8320884
6.7873303 1.8686547
6.7973856 1.9037692
6.8074409 1.9351514
6.8174962 1.9581888
6.8275515 1.9745245
6.8376068 1.9860952
6.8476621 1.9948377
6.8577174 2.0026888
6.8677728 2.0115853
6.8778281 2.0234638
6.8878834 2.0402612
6.8979387 2.0639143
6.907994 2.0974806
6.9180493 2.1426495
6.9281046 2.1966255
6.9381599 2.2565051
6.9482152 2.3193843
6.9582705 2.3823596
6.9683258 2.4425272
6.9783811 2.4969834
6.9884364 2.5428243
6.9984917 2.5771464
7.008547 2.6018055
7.0186023 2.6238074
7.0286576 2.6432646
7.0387129 2.6601518
7.0487682 2.6744441
7.0588235 2.6861161
7.0688788 2.695143
7.0789341 2.7014994
7.0889894 2.7051604
7.0990447 2.7061008
7.1091001 2.7054705
7.1191554 2.7047437
7.1292107 2.7036078
7.139266 2.7017364
7.1493213 2.6988035
7.1593766 2.6944828
7.1694319 2.6884483
7.1794872 2.6803737
7.1895425 2.669933
7.1995978 2.6567998
7.2096531 2.6418107
7.2197084 2.6262099
7.2297637 2.6100042
7.239819 2.5931987
7.2498743 2.5757983
7.2599296 2.5578079
7.2699849 2.5392326
7.2800402 2.5200774
7.2900955 2.5003472
7.3001508 2.4800471
7.3102061 2.4595313
7.3202614 2.4389902
7.3303167 2.4182165
7.340372 2.397003
7.3504274 2.3751421
7.3604827 2.3524266
7.370538 2.3286492
7.3805933 2.3036025
7.3906486 2.2770792
7.4007039 2.248871
7.4107592 2.2186807
7.4208145 2.1866438
7.4308698 2.1531326
7.4409251 2.1185194
7.4509804 2.0831765
7.4610357 2.0474764
7.471091 2.0117912
7.4811463 1.9764934
7.4912016 1.9419553
7.5012569 1.9085634
7.5113122 1.8775475
7.5213675 1.8489587
7.5314228 1.8220072
7.5414781 1.7959031
7.5515334 1.7698566
7.5615887 1.7430779
7.571644 1.7147772
7.5816993 1.6841645
7.5917547 1.6504501
7.60181 1.6127798
7.6118653 1.5682314
7.6219206 1.5163672
7.6319759 1.4582984
7.6420312 1.3951361
7.6520865 1.3279918
7.6621418 1.2579765
7.6721971 1.1862015
7.6822524 1.113778
7.6923077 1.0418172
7.702363 0.9712507
7.7124183 0.89870823
7.7224736 0.82319872
7.7325289 0.74561487
7.7425842 0.66684937
7.7526395 0.5877949
7.7626948 0.50934415
7.7727501 0.43238981
7.7828054 0.35782457
7.7928607 0.28654112
7.802916 0.21947788
7.8129713 0.15789397
7.8230266 0.10163161
7.833082 0.050137481
7.8431373 0.0028582612
7.8531926 -0.040759373
7.8632479 -0.081268743
7.8733032 -0.11922317
7.8833585 -0.15517598
7.8934138 -0.18968049
7.9034691 -0.22279717
7.9135244 -0.24944036
7.9235797 -0.26953654
7.933635 -0.28487724
7.9436903 -0.29725398
7.9537456 -0.30845828
7.9638009 -0.32028168
7.9738562 -0.3345157
7.9839115 -0.35295186
7.9939668 -0.37738169
8.0040221 -0.41024356
8.0140774 -0.45745484
8.0241327 -0.51691733
8.034188 -0.58473627
8.0442433 -0.65701687
8.0542986 -0.72986437
8.0643539 -0.79938398
8.0744093 -0.86168094
8.0844646 -0.91286047
8.0945199 -0.9490278
8.1045752 -0.96832634
8.1146305 -0.98309886
8.1246858 -0.99644167
8.1347411 -1.0087386
8.1447964 -1.0203736
8.1548517 -1.0317303
8.164907 -1.0431928
8.1749623 -1.0551448
8.1850176 -1.0679703
8.1950729 -1.0820529
8.2051282 -1.0976105
8.2151835 -1.1138634
8.2252388 -1.1305228
8.2352941 -1.1474319
8.2453494 -1.1644337
8.2554047 -1.1813714
8.26546 -1.1980881
8.2755153 -1.2144268
8.2855706 -1.2302307
8.2956259 -1.2453429
8.3056812 -1.2592166
8.3157366 -1.2701765
8.3257919 -1.2785527
8.3358472 -1.2849297
8.3459025 -1.289892
8.3559578 -1.2940241
8.3660131 -1.2979105
8.3760684 -1.3021359
8.3861237 -1.3072846
8.396179 -1.3139412
8.4062343 -1.3238596
8.4162896 -1.3409686
8.4263449 -1.3637684
8.4364002 -1.3902575
8.4464555 -1.4184348
8.4565108 -1.4462988
8.4665661 -1.4718483
8.4766214 -1.4930818
8.4866767 -1.5079981
8.496732 -1.5145957
8.5067873 -1.5094012
8.5168426 -1.4882559
8.5268979 -1.4540512
8.5369532 -1.410114
8.5470085 -1.3597709
8.5570639 -1.3063487
8.5671192 -1.2531741
8.5771745 -1.2035738
8.5872298 -1.1608744
8.5972851 -1.1284028
8.6073404 -1.1065258
8.6173957 -1.0886984
8.627451 -1.0736275
8.6375063 -1.0603733
8.6475616 -1.0479961
8.6576169 -1.0355558
8.6676722 -1.0221126
8.6777275 -1.0067267
8.6877828 -0.98845812
8.6978381 -0.96636708
8.7078934 -0.94006847
8.7179487 -0.91047206
8.728004 -0.87788576
8.7380593 -0.84258522
8.7481146 -0.80484609
8.7581699 -0.76494402
8.7682252 -0.72315467
8.7782805 -0.67975367
8.7883358 -0.63501669
8.7983912 -0.58921937
8.8084465 -0.53603866
8.8185018 -0.46642563
8.8285571 -0.38490076
8.8386124 -0.29624316
8.8486677 -0.20523193
8.858723 -0.11664616
8.8687783 -0.035264966
8.8788336 0.034132563
8.8888889 0.086767322
8.8989442 0.11786021
8.9089995 0.13217961
8.9190548 0.14244372
8.9291101 0.14957188
8.9391654 0.15436227
8.9492207 0.15761306
8.959276 0.16012243
8.9693313 0.16268856
8.9793866 0.16610962
8.9894419 0.17118379
8.9994972 0.17870925
9.0095525 0.18792087
9.0196078 0.19731303
9.0296631 0.20703754
9.0397185 0.21725031
9.0497738 0.22810723
9.0598291 0.23976419
9.0698844 0.25237708
9.0799397 0.26610179
9.089995 0.28109423
9.1000503 0.29751062
9.1101056 0.32858492
9.1201609 0.38323359
9.1302162 0.45555344
9.1402715 0.53964126
9.1503268 0.62959384
9.1603821 0.719508
9.1704374 0.80348051
9.1804927 0.87560819
9.190548 0.92998782
9.2006033 0.96076579
9.2106586 0.97848711
9.2207139 0.99452488
9.2307692 1.0089641
9.2408245 1.0218897
9.2508798 1.0333867
9.2609351 1.0435401
9.2709904 1.0524348
9.2810458 1.0601558
9.2911011 1.0667881
9.3011564 1.0724237
9.3112117 1.0777305
9.321267 1.0829685
9.3313223 1.0879446
9.3413776 1.0924656
9.3514329 1.0963384
9.3614882 1.0993698
9.3715435 1.1013665
9.3815988 1.1021356
9.3916541 1.1014837
9.4017094 1.0990816
9.4117647 1.0892827
9.42182 1.0709391
9.4318753 1.0464475
9.4419306 1.0182048
9.4519859 0.98860755
9.4620412 0.96005267
9.4720965 0.9349369
9.4821518 0.91565698
9.4922071 0.9046097
9.5022624 0.90390732
9.5123177 0.90770161
9.5223731 0.91261977
9.5324284 0.91839799
9.5424837 0.92477247
9.552539 0.93147941
9.5625943 0.938255
9.5726496 0.94483545
9.5827049 0.95095694
9.5927602 0.95635567
9.6028155 0.96082203
9.6128708 0.96509604
9.6229261 0.96938523
9.6329814 0.97354944
9.6430367 0.97744851
9.653092 0.9809423
9.6631473 0.98389065
9.6732026 0.9861534
9.6832579 0.9875904
9.6933132 0.9880615
9.7033685 0.98719575
9.7134238 0.98205998
9.7234791 0.97216514
9.7335344 0.95797624
9.7435897 0.93995828
9.753645 0.91857627
9.7637004 0.8942952
9.7737557 0.86758008
9.783811 0.83889591
9.7938663 0.80870769
9.8039216 0.77745809
9.8139769 0.74527564
9.8240322 0.71222194
9.8340875 0.67839021
9.8441428 0.64387364
9.8541981 0.60876543
9.8642534 0.57315878
9.8743087 0.53714691
9.884364 0.500823
9.8944193 0.46428026
9.9044746 0.4272469
9.9145299 0.38733254
9.9245852 0.34479862
9.9346405 0.30051413
9.9446958 0.25534806
9.9547511 0.21016942
9.9648064 0.1658472
9.9748617 0.12325039
9.984917 0.083247994
9.9949723 0.046709007
10.005028 0.015709321
10.015083 -0.0030015833
10.025138 -0.010825642
10.035194 -0.010522898
10.045249 -0.0048533954
10.055304 0.0034228236
10.065359 0.011545716
10.075415 0.016755238
10.08547 0.016291348
10.095525 0.007394002
10.105581 -0.011318771
10.115636 -0.03442921
10.125691 -0.060226541
10.135747 -0.087763581
10.145802 -0.11609315
10.155857 -0.14426805
10.165913 -0.17134112
10.175968 -0.19636515
10.186023 -0.21839298
10.196078 -0.23647742
10.206134 -0.25066204
10.216189 -0.26431446
10.226244 -0.27776167
10.2363 -0.2909483
10.246355 -0.30381896
10.25641 -0.31631829
10.266466 -0.3283909
10.276521 -0.33998142
10.286576 -0.35103447
10.296631 -0.36149467
10.306687 -0.37141646
10.316742 -0.38113785
10.326797 -0.39070438
10.336853 -0.40013513
10.346908 -0.40944917
10.356963 -0.41866558
10.367019 -0.42780343
10.377074 -0.43688181
10.387129 -0.44591977
10.397185 -0.45493641
10.40724 -0.46373368
10.417295 -0.47177724
10.42735 -0.4791219
10.437406 -0.48585617
10.447461 -0.4920686
10.457516 -0.49784771
10.467572 -0.50328204
10.477627 -0.50846012
10.487682 -0.51347049
10.497738 -0.51840168
10.507793 -0.51908131
10.517848 -0.50749087
10.527903 -0.48611889
10.537959 -0.4578365
10.548014 -0.42551484
10.558069 -0.39202503
10.568125 -0.36023822
10.57818 -0.33302555
10.588235 -0.31325814
10.598291 -0.30380713
10.608346 -0.31094476
10.618401 -0.33933655
10.628457 -0.38390887
10.638512 -0.43940626
10.648567 -0.50057329
10.658622 -0.5621545
10.668678 -0.61889444
10.678733 -0.66553767
10.688788 -0.69682873
10.698844 -0.70751218
10.708899 -0.70071013
10.718954 -0.68800404
10.72901 -0.67095793
10.739065 -0.65100906
10.74912 -0.62959475
10.759175 -0.60815226
10.769231 -0.5881189
10.779286 -0.57093196
10.789341 -0.55802872
10.799397 -0.55084647
10.809452 -0.54869946
10.819507 -0.54898916
10.829563 -0.55097414
10.839618 -0.55392029
10.849673 -0.55709352
10.859729 -0.55975972
10.869784 -0.56118479
10.879839 -0.56063464
10.889894 -0.55737516
10.89995 -0.55067225
10.910005 -0.54037906
10.92006 -0.52725936
10.930116 -0.51193404
10.940171 -0.49502398
10.950226 -0.47715005
10.960282 -0.45893314
10.970337 -0.44099413
10.980392 -0.42395389
10.990447 -0.4084333
11.000503 -0.39505796
11.010558 -0.3861431
11.020613 -0.38228169
11.030669 -0.38205438
11.040724 -0.38404184
11.050779 -0.38682469
11.060835 -0.3889836
11.07089 -0.38909921
11.080945 -0.38575217
11.091001 -0.37752312
11.101056 -0.3629584
11.111111 -0.33773367
11.121166 -0.30131652
11.131222 -0.25618968
11.141277 -0.20483593
11.151332 -0.14973801
11.161388 -0.093378695
11.171443 -0.038240727
11.181498 0.013193131
11.191554 0.058440122
11.201609 0.095123221
11.211664 0.12656738
11.221719 0.15543669
11.231775 0.18177856
11.24183 0.20564041
11.251885 0.22706967
11.261941 0.24611374
11.271996 0.26282006
11.282051 0.27723604
11.292107 0.28940911
11.302162 0.2990238
11.312217 0.29650905
11.322272 0.28029008
11.332328 0.25399767
11.342383 0.22126259
11.352438 0.18571561
11.362494 0.1509875
11.372549 0.12070903
11.382604 0.098510974
11.39266 0.088024109
11.402715 0.093019364
11.41277 0.1175818
11.422826 0.1588206
11.432881 0.21208479
11.442936 0.27272343
11.452991 0.33608554
11.463047 0.39752018
11.473102 0.45237638
11.483157 0.49600318
11.493213 0.52374963
11.503268 0.53196725
11.513323 0.53132648
11.523379 0.5267629
11.533434 0.51932018
11.543489 0.51004201
11.553544 0.49997207
11.5636 0.49015403
11.573655 0.48163158
11.58371 0.47544841
11.593766 0.47264818
11.603821 0.47418427
11.613876 0.47958657
11.623932 0.48790833
11.633987 0.49832347
11.644042 0.51000588
11.654098 0.52212947
11.664153 0.53386816
11.674208 0.54439585
11.684263 0.55288644
11.694319 0.55851384
11.704374 0.55904403
11.714429 0.54416906
11.724485 0.5151461
11.73454 0.47585803
11.744595 0.43018775
11.754651 0.38201818
11.764706 0.3352322
11.774761 0.29371273
11.784816 0.26134265
11.794872 0.24200488
11.804927 0.24042097
11.814982 0.26212028
11.825038 0.30260648
11.835093 0.35605384
11.845148 0.41663666
11.855204 0.47852921
11.865259 0.53590576
11.875314 0.58294061
11.88537 0.61380803
11.895425 0.6226823
11.90548 0.60841512
11.915535 0.59105603
11.925591 0.57366411
11.935646 0.55623931
11.945701 0.53878159
11.955757 0.52129089
11.965812 0.50376717
11.975867 0.48621037
11.985923 0.46862046
11.995978 0.45099739
12.006033 0.4333383
12.016088 0.41563714
12.026144 0.39790519
12.036199 0.38015529
12.046254 0.36240031
12.05631 0.34465308
12.066365 0.32692648
12.07642 0.30923335
12.086476 0.29158654
12.096531 0.27399891
12.106586 0.25804113
12.116642 0.24834162
12.126697 0.24393583
12.136752 0.24339848
12.146807 0.24530428
12.156863 0.24822796
12.166918 0.25074423
12.176973 0.25142782
12.187029 0.24885344
12.197084 0.24159582
12.207139 0.22869446
12.217195 0.21122623
12.22725 0.19027212
12.237305 0.16687008
12.24736 0.14205809
12.257416 0.11687412
12.267471 0.092356141
12.277526 0.069542114
12.287582 0.049470011
12.297637 0.033177799
12.307692 0.021515521
12.317748 0.013984738
12.327803 0.0095068854
12.337858 0.0070016365
12.347914 0.005388664
12.357969 0.0035876411
12.368024 0.00051824043
12.378079 -0.004899865
12.388135 -0.013747002
12.39819 -0.027103499
12.408245 -0.044708827
12.418301 -0.064243008
12.428356 -0.085248941
12.438411 -0.10732614
12.448467 -0.13007412
12.458522 -0.15309239
12.468577 -0.17598048
12.478632 -0.19833788
12.488688 -0.21976412
12.498743 -0.23985871
12.508798 -0.25871418
12.518854 -0.27692565
12.528909 -0.29446158
12.538964 -0.31128131
12.54902 -0.32734417
12.559075 -0.34260949
12.56913 -0.3570366
12.579186 -0.37058484
12.589241 -0.38321354
12.599296 -0.39488204
12.609351 -0.40043265
12.619407 -0.39497122
12.629462 -0.38137836
12.639517 -0.36256611
12.649573 -0.34144651
12.659628 -0.3209316
12.669683 -0.3039334
12.679739 -0.29336395
12.689794 -0.29213528
12.699849 -0.30315943
12.709904 -0.32154356
12.71996 -0.33999984
12.730015 -0.35851838
12.74007 -0.37709097
12.750126 -0.3957094
12.760181 -0.41436547
12.770236 -0.43305097
12.780292 -0.45175771
12.790347 -0.47047746
12.800402 -0.48920214
12.810458 -0.50799278
12.820513 -0.52688258
12.830568 -0.54583751
12.840623 -0.56482356
12.850679 -0.58380671
12.860734 -0.60275296
12.870789 -0.62162827
12.880845 -0.64039865
12.8909 -0.65903008
12.900955 -0.67745476
12.911011 -0.69142639
12.921066 -0.6985923
12.931121 -0.69978211
12.941176 -0.69582543
12.951232 -0.68755191
12.961287 -0.67579115
12.971342 -0.66137278
12.981398 -0.64512643
12.991453 -0.62788172
13.001508 -0.61045233
13.011564 -0.59263267
13.021619 -0.57415849
13.031674 -0.55519787
13.04173 -0.53591893
13.051785 -0.51648976
13.06184 -0.49707845
13.071895 -0.47785311
13.081951 -0.45898183
13.092006 -0.44063272
13.102061 -0.42296116
13.112117 -0.40570613
13.122172 -0.38874003
13.132227 -0.37211404
13.142283 -0.35587932
13.152338 -0.34008703
13.162393 -0.32478834
13.172448 -0.31003441
13.182504 -0.2958764
13.192559 -0.28236549
13.202614 -0.26981199
13.21267 -0.26313246
13.222725 -0.26295398
13.23278 -0.26765126
13.242836 -0.275599
13.252891 -0.28517191
13.262946 -0.29474469
13.273002 -0.30269205
13.283057 -0.30738869
13.293112 -0.30720932
13.303167 -0.30068149
13.313223 -0.28914323
13.323278 -0.27411742
13.333333 -0.25660994
13.343389 -0.23762666
13.353444 -0.21817348
13.363499 -0.19925627
13.373555 -0.18188092
13.38361 -0.16705331
13.393665 -0.15577932
13.40372 -0.14884731
13.413776 -0.14446922
13.423831 -0.14163394
13.433886 -0.13986275
13.443942 -0.13867696
13.453997 -0.13759787
13.464052 -0.13614677
13.474108 -0.13384496
13.484163 -0.13021375
13.494218 -0.12477442
13.504274 -0.11721608
13.514329 -0.10866138
13.524384 -0.099548472
13.534439 -0.090043925
13.544495 -0.080314302
13.55455 -0.070526169
13.564605 -0.060846091
13.574661 -0.051440634
13.584716 -0.042476363
13.594771 -0.034119845
13.604827 -0.026492201
13.614882 -0.019382059
13.624937 -0.012687516
13.634992 -0.0063498503
13.645048 -0.00031033849
13.655103 0.0054897421
13.665158 0.011109114
13.675214 0.016606501
13.685269 0.022040625
13.695324 0.027470208
13.70538 0.032537169
13.715435 0.035311595
13.72549 0.036008931
13.735546 0.035177122
13.745601 0.033364116
13.755656 0.031117859
13.765711 0.028986296
13.775767 0.027517373
13.785822 0.027259037
13.795877 0.028759233
13.805933 0.034668939
13.815988 0.05299481
13.826043 0.081827195
13.836099 0.11814076
13.846154 0.15891018
13.856209 0.20111012
13.866264 0.24171525
13.87632 0.27770024
13.886375 0.30603976
13.89643 0.32370848
13.906486 0.32839374
13.916541 0.32205928
13.926596 0.30730389
13.936652 0.28662652
13.946707 0.26252609
13.956762 0.23750156
13.966817 0.21405185
13.976873 0.19467591
13.986928 0.18187268
13.996983 0.1781411
14.007039 0.18396369
14.017094 0.19427153
14.027149 0.20766684
14.037205 0.22306852
14.04726 0.23939547
14.057315 0.25556658
14.067371 0.27050075
14.077426 0.28311687
14.087481 0.29233385
14.097536 0.29707057
14.107592 0.29736122
14.117647 0.29560135
14.127702 0.29236299
14.137758 0.28811621
14.147813 0.28333113
14.157868 0.27847783
14.167924 0.27402642
14.177979 0.27044697
14.188034 0.26820959
14.198089 0.26778437
14.208145 0.26997374
14.2182 0.27519848
14.228255 0.28265134
14.238311 0.29149892
14.248366 0.30090782
14.258421 0.31004465
14.268477 0.31807602
14.278532 0.32416854
14.288587 0.3274888
14.298643 0.32720342
14.308698 0.32265899
14.318753 0.31428497
14.328808 0.30291393
14.338864 0.2893791
14.348919 0.27451371
14.358974 0.25915099
14.36903 0.24412417
14.379085 0.23026649
14.38914 0.21841117
14.399196 0.20939144
14.409251 0.20251715
14.419306 0.19613107
14.429361 0.19036284
14.439417 0.18535288
14.449472 0.18124161
14.459527 0.17816945
14.469583 0.17627681
14.479638 0.17570412
14.489693 0.1765918
14.499749 0.17908025
14.509804 0.18452155
14.519859 0.19373022
14.529915 0.20582834
14.53997 0.21993712
14.550025 0.23517773
14.56008 0.25067137
14.570136 0.26553924
14.580191 0.27890251
14.590246 0.28988239
14.600302 0.29760063
14.610357 0.30209673
14.620412 0.30425559
14.630468 0.30457928
14.640523 0.30356985
14.650578 0.30172935
14.660633 0.29955983
14.670689 0.29756334
14.680744 0.29624194
14.690799 0.29609769
14.700855 0.2976545
14.71091 0.30447385
14.720965 0.31766342
14.731021 0.33548255
14.741076 0.35619056
14.751131 0.37804677
14.761187 0.39931051
14.771242 0.41824111
14.781297 0.43309788
14.791352 0.44214016
14.801408 0.44347404
14.811463 0.42706332
14.821518 0.39107006
14.831574 0.34023736
14.841629 0.27930831
14.851684 0.21302602
14.86174 0.14613358
14.871795 0.083374101
14.88185 0.029490671
14.891905 -0.010773608
14.901961 -0.032993179
14.912016 -0.044810476
14.922071 -0.052189305
14.932127 -0.056323068
14.942182 -0.058405168
14.952237 -0.059629006
14.962293 -0.061187986
14.972348 -0.064275509
14.982403 -0.070084978
14.992459 -0.079809795
15.002514 -0.094692891
15.012569 -0.11622082
15.022624 -0.14326106
15.03268 -0.1739486
15.042735 -0.20641841
15.05279 -0.23880548
15.062846 -0.26924481
15.072901 -0.29587138
15.082956 -0.31682018
15.093012 -0.33022619
15.103067 -0.33445278
15.113122 -0.33198862
15.123177 -0.3249336
15.133233 -0.31444508
15.143288 -0.3016804
15.153343 -0.28779695
15.163399 -0.27395207
15.173454 -0.26130312
15.183509 -0.25100747
15.193565 -0.24422247
15.20362 -0.24179769
15.213675 -0.24101498
15.223731 -0.24083115
15.233786 -0.24108589
15.243841 -0.24161885
15.253896 -0.24226968
15.263952 -0.24287807
15.274007 -0.24328365
15.284062 -0.24332611
15.294118 -0.24284509
15.304173 -0.24149584
15.314228 -0.23778607
15.324284 -0.23192064
15.334339 -0.22451516
15.344394 -0.21618521
15.354449 -0.20754638
15.364505 -0.19921428
15.37456 -0.19180449
15.384615 -0.18593262
15.394671 -0.18221425
15.404726 -0.18284293
15.414781 -0.19764997
15.424837 -0.2253237
15.434892 -0.26235269
15.444947 -0.30522549
15.455003 -0.35043067
15.465058 -0.39445681
15.475113 -0.43379246
15.485168 -0.46492618
15.495224 -0.48434655
15.505279 -0.49004355
15.515334 -0.48857437
15.52539 -0.48238522
15.535445 -0.47287802
15.5455 -0.46145467
15.555556 -0.44951711
15.565611 -0.43846725
15.575666 -0.429707
15.585721 -0.42463828
15.595777 -0.42466301
15.605832 -0.43048561
15.615887 -0.43950626
15.625943 -0.45061911
15.635998 -0.46301923
15.646053 -0.47590165
15.656109 -0.48846141
15.666164 -0.49989356
15.676219 -0.50939314
15.686275 -0.51615519
15.69633 -0.51937475
15.706385 -0.51921437
15.71644 -0.51873941
15.726496 -0.51825173
15.736551 -0.51775139
15.746606 -0.51723846
15.756662 -0.516713
15.766717 -0.51617507
15.776772 -0.51562474
15.786828 -0.51506209
15.796883 -0.51448716
15.806938 -0.51390003
15.816993 -0.51330076
15.827049 -0.51268942
15.837104 -0.51206608
15.847159 -0.51143079
15.857215 -0.51078362
15.86727 -0.51012465
15.877325 -0.50945392
15.887381 -0.50877152
15.897436 -0.5080775
15.907491 -0.50737193
15.917547 -0.50665487
15.927602 -0.5059264
15.937657 -0.50518656
15.947712 -0.50443544
15.957768 -0.5036731
15.967823 -0.50289959
15.977878 -0.50211499
15.987934 -0.50131936
15.997989 -0.50051277
16.008044 -0.49969528
16.0181 -0.49886696
16.028155 -0.49802787
16.03821 -0.49717807
16.048265 -0.49631764
16.058321 -0.49544664
16.068376 -0.49456512
16.078431 -0.49367317
16.088487 -0.49277084
16.098542 -0.4918582
16.108597 -0.49093531
16.118653 -0.49000224
16.128708 -0.48905906
16.138763 -0.48810582
16.148819 -0.4871426
16.158874 -0.48616946
16.168929 -0.48518646
16.178984 -0.48419368
16.18904 -0.48319117
16.199095 -0.482179
16.20915 -0.48115723
16.219206 -0.48012594
16.229261 -0.47908519
16.239316 -0.47803503
16.249372 -0.47697554
16.259427 -0.47590679
16.269482 -0.47482883
16.279537 -0.47374173
16.289593 -0.47264556
16.299648 -0.47154039
16.309703 -0.47042627
16.319759 -0.46930328
16.329814 -0.46817147
16.339869 -0.46703092
16.349925 -0.46588169
16.35998 -0.46472384
16.370035 -0.46355744
16.38009 -0.46238255
16.390146 -0.46119925
16.400201 -0.46000759
16.410256 -0.45880764
16.420312 -0.45759947
16.430367 -0.45638313
16.440422 -0.45515871
16.450478 -0.45392625
16.460533 -0.45268583
16.470588 -0.45143751
16.480644 -0.45018136
16.490699 -0.44891744
16.500754 -0.44764582
16.510809 -0.44636656
16.520865 -0.44507973
16.53092 -0.44378539
16.540975 -0.44248361
16.551031 -0.44117445
16.561086 -0.43985798
16.571141 -0.43853427
16.581197 -0.43720337
16.591252 -0.43586536
16.601307 -0.4345203
16.611362 -0.43316825
16.621418 -0.43180928
16.631473 -0.43044346
16.641528 -0.42907085
16.651584 -0.42769151
16.661639 -0.42630552
16.671694 -0.42491293
16.68175 -0.42351381
16.691805 -0.42210823
16.70186 -0.42069625
16.711916 -0.41927793
16.721971 -0.41785335
16.732026 -0.41642257
16.742081 -0.41498565
16.752137 -0.41354265
16.762192 -0.41209365
16.772247 -0.41063871
16.782303 -0.40917789
16.792358 -0.40771126
16.802413 -0.40623888
16.812469 -0.40476082
16.822524 -0.40327715
16.832579 -0.40178793
16.842634 -0.40029322
16.85269 -0.39879309
16.862745 -0.3972876
16.8728 -0.39577683
16.882856 -0.39426083
16.892911 -0.39273967
16.902966 -0.39121342
16.913022 -0.38968214
16.923077 -0.3881459
16.933132 -0.38660476
16.943188 -0.38505878
16.953243 -0.38350804
16.963298 -0.38195259
16.973353 -0.38039251
16.983409 -0.37882786
16.993464 -0.37725869
17.003519 -0.37568509
17.013575 -0.37410711
17.02363 -0.37252482
17.033685 -0.37093828
17.043741 -0.36934756
17.053796 -0.36775273
17.063851 -0.36615384
17.073906 -0.36455097
17.083962 -0.36294418
17.094017 -0.36133354
17.104072 -0.3597191
17.114128 -0.35810094
17.124183 -0.35647912
17.134238 -0.35485371
17.144294 -0.35322477
17.154349 -0.35159237
17.164404 -0.34995657
17.17446 -0.34831743
17.184515 -0.34667503
17.19457 -0.34502942
17.204625 -0.34338068
17.214681 -0.34172886
17.224736 -0.34007404
17.234791 -0.33841628
17.244847 -0.33675563
17.254902 -0.33509218
17.264957 -0.33342598
17.275013 -0.33175711
17.285068 -0.33008561
17.295123 -0.32841157
17.305178 -0.32673504
17.315234 -0.32505609
17.325289 -0.32337478
17.335344 -0.32169119
17.3454 -0.32000537
17.355455 -0.31831739
17.36551 -0.31662732
17.375566 -0.31493522
17.385621 -0.31324115
17.395676 -0.31154519
17.405732 -0.3098474
17.415787 -0.30814783
17.425842 -0.30644657
17.435897 -0.30474366
17.445953 -0.30303919
17.456008 -0.30133321
17.466063 -0.29962578
17.476119 -0.29791698
17.486174 -0.29620687
17.496229 -0.29449552
17.506285 -0.29278298
17.51634 -0.29106932
17.526395 -0.28935462
17.53645 -0.28763893
17.546506 -0.28592232
17.556561 -0.28420486
17.566616 -0.2824866
17.576672 -0.28076763
17.586727 -0.27904799
17.596782 -0.27732776
17.606838 -0.275607
17.616893 -0.27388578
17.626948 -0.27216416
17.637004 -0.2704422
17.647059 -0.26871998
17.657114 -0.26699756
17.667169 -0.265275
17.677225 -0.26355236
17.68728 -0.26182972
17.697335 -0.26010714
17.707391 -0.25838468
17.717446 -0.25666241
17.727501 -0.2549404
17.737557 -0.2532187
17.747612 -0.25149739
17.757667 -0.24977653
17.767722 -0.24805618
17.777778 -0.24633641
17.787833 -0.24461729
17.797888 -0.24289888
17.807944 -0.24118124
17.817999 -0.23946445
17.828054 -0.23774856
17.83811 -0.23603364
17.848165 -0.23431976
17.85822 -0.23260698
17.868276 -0.23089537
17.878331 -0.22918499
17.888386 -0.22747591
17.898441 -0.22576819
17.908497 -0.2240619
17.918552 -0.2223571
17.928607 -0.22065386
17.938663 -0.21895225
17.948718 -0.21725232
17.958773 -0.21555415
17.968829 -0.21385779
17.978884 -0.21216333
17.988939 -0.21047081
17.998994 -0.2087803
18.00905 -0.20709188
18.019105 -0.2054056
18.02916 -0.20372153
18.039216 -0.20203974
18.049271 -0.20036029
18.059326 -0.19868324
18.069382 -0.19700867
18.079437 -0.19533663
18.089492 -0.19366719
18.099548 -0.19200043
18.109603 -0.19033639
18.119658 -0.18867515
18.129713 -0.18701678
18.139769 -0.18536133
18.149824 -0.18370887
18.159879 -0.18205948
18.169935 -0.18041321
18.17999 -0.17877012
18.190045 -0.17713029
18.200101 -0.17549378
18.210156 -0.17386066
18.220211 -0.17223098
18.230266 -0.17060482
18.240322 -0.16898224
18.250377 -0.1673633
18.260432 -0.16574808
18.270488 -0.16413663
18.280543 -0.16252902
18.290598 -0.16092532
18.300654 -0.15932559
18.310709 -0.1577299
18.320764 -0.15613831
18.33082 -0.15455088
18.340875 -0.15296769
18.35093 -0.1513888
18.360985 -0.14981427
18.371041 -0.14824416
18.381096 -0.14667855
18.391151 -0.1451175
18.401207 -0.14356107
18.411262 -0.14200933
18.421317 -0.14046235
18.431373 -0.13892018
18.441428 -0.1373829
18.451483 -0.13585057
18.461538 -0.13432326
18.471594 -0.13280102
18.481649 -0.13128393
18.491704 -0.12977205
18.50176 -0.12826545
18.511815 -0.12676418
18.52187 -0.12526833
18.531926 -0.12377794
18.541981 -0.12229309
18.552036 -0.12081385
18.562092 -0.11934027
18.572147 -0.11787242
18.582202 -0.11641037
18.592257 -0.11495419
18.602313 -0.11350393
18.612368 -0.11205966
18.622423 -0.11062146
18.632479 -0.10918938
18.642534 -0.10776348
18.652589 -0.10634384
18.662645 -0.10493052
18.6727 -0.10352359
18.682755 -0.1021231
18.69281 -0.10072913
18.702866 -0.099341741
18.712921 -0.097960996
18.722976 -0.096586962
18.733032 -0.095219704
18.743087 -0.093859287
18.753142 -0.092505776
18.763198 -0.091159237
18.773253 -0.089819735
18.783308 -0.088487335
18.793363 -0.087162102
18.803419 -0.085844101
18.813474 -0.084533398
18.823529 -0.083230058
18.833585 -0.081934146
18.84364 -0.080645728
18.853695 -0.079364868
18.863751 -0.078091632
18.873806 -0.076826085
18.883861 -0.075568292
18.893917 -0.074318318
18.903972 -0.073076229
18.914027 -0.07184209
18.924082 -0.070615966
18.934138 -0.069397923
18.944193 -0.068188024
18.954248 -0.066986337
18.964304 -0.065792926
18.974359 -0.064607855
18.984414 -0.063431192
18.99447 -0.062262999
19.004525 -0.061103344
19.01458 -0.059952291
19.024635 -0.058809905
19.034691 -0.057676251
19.044746 -0.056551395
19.054801 -0.055435402
19.064857 -0.054328338
19.074912 -0.053230266
19.084967 -0.052141254
19.095023 -0.051061365
19.105078 -0.049990665
19.115133 -0.048929219
19.125189 -0.047877093
19.135244 -0.046834351
19.145299 -0.04580106
19.155354 -0.044777283
19.16541 -0.043763087
19.175465 -0.042758537
19.18552 -0.041763697
19.195576 -0.040778633
19.205631 -0.03980341
19.215686 -0.038838094
19.225742 -0.03788275
19.235797 -0.036937442
19.245852 -0.036002237
19.255907 -0.035077199
19.265963 -0.034162393
19.276018 -0.033257885
19.286073 -0.03236374
19.296129 -0.031480024
19.306184 -0.0306068
19.316239 -0.029744136
19.326295 -0.028892095
19.33635 -0.028050743
19.346405 -0.027220146
19.356461 -0.026400368
19.366516 -0.025591475
19.376571 -0.024793532
19.386626 -0.024006604
19.396682 -0.023230756
19.406737 -0.022466054
19.416792 -0.021712563
19.426848 -0.020970347
19.436903 -0.020239474
19.446958 -0.019520006
19.457014 -0.01881201
19.467069 -0.018115552
19.477124 -0.017430695
19.487179 -0.016757506
19.497235 -0.016096049
19.50729 -0.01544639
19.517345 -0.014808594
19.527401 -0.014182726
19.537456 -0.013568852
19.547511 -0.012967036
19.557567 -0.012377345
19.567622 -0.011799842
19.577677 -0.011234594
19.587733 -0.010681665
19.597788 -0.010141121
19.607843 -0.0096130275
19.617898 -0.0090974488
19.627954 -0.0085944505
19.638009 -0.0081040979
19.648064 -0.0076264561
19.65812 -0.0071615905
19.668175 -0.0067095661
19.67823 -0.0062704483
19.688286 -0.0058443021
19.698341 -0.005431193
19.708396 -0.005031186
19.718451 -0.0046443465
19.728507 -0.0042707395
19.738562 -0.0039104304
19.748617 -0.0035634844
19.758673 -0.0032299666
19.768728 -0.0029099424
19.778783 -0.0026034768
19.788839 -0.0023106352
19.798894 -0.0020314827
19.808949 -0.0017660846
19.819005 -0.0015145061
19.82906 -0.0012768124
19.839115 -0.0010530688
19.84917 -0.00084334035
19.859226 -0.0006476924
19.869281 -0.00046619014
19.879336 -0.00029889879
19.889392 -0.00014588357
19.899447 -7.209689e-06
19.909502 0.00015168202
19.919558 0.00035478172
19.929613 0.0005724231
19.939668 0.00077480761
19.949723 0.00093213666
19.959779 0.0010146117
19.969834 0.0009924341
19.979889 0.00083580534
19.989945 0.00051492683
20 0.0
