 mes ck                                                          
   0.333559108032000D-001
   0.100000000000000        0.613592315154257D-001        1024          10
ATTENTION: les ck en notation khi sont des nombres complexes!
avec ck(m,n,-mu,-nu;khi)=(-1)**(m+n+mu+nu)*conjugue(ck(m,n,mu,nu;khi)) en general,
avec ck(n,m,nu,mu;khi)=(-1)**(m+n)*ck(m,n,mu,nu;khi) en general
et, pour la symetrie C2v de H2O, ck(m,n,-mu,-nu;khi)=ck(m,n,mu,nu;-khi)
donc information redondante entre khi et -khi!
pour chaque m,n,mu,nu,khi, on donne la partie reelle et la partie imaginaire a la suite
           1           1           1
 alp                              1                                 2                                 3                                 4
   m                              0                                 0                                 1                                 1
   n                              0                                 1                                 1                                 1
  mu                              0                                 0                                 0                                 0
  nu                              0                                 0                                 0                                 0
 khi                              0                                 0                                 0                                 1
     q(A-1)           Re(ck)           Im(ck)
 0.000000000E+00  -.136653135E+02  0.000000000E+00  0.000000000E+00  0.000000000E+00  -.180220205E+02  0.000000000E+00  -.731319060E+00  0.000000000E+00
 0.613592315E-01  -.137506829E+02  0.000000000E+00  0.000000000E+00  -.622193639E+00  -.179897002E+02  0.000000000E+00  -.726835632E+00  0.000000000E+00
 0.122718463E+00  -.139736314E+02  0.000000000E+00  0.000000000E+00  -.121114489E+01  -.178958378E+02  0.000000000E+00  -.713410469E+00  0.000000000E+00
 0.184077695E+00  -.142756632E+02  0.000000000E+00  0.000000000E+00  -.173911589E+01  -.177489213E+02  0.000000000E+00  -.691145984E+00  0.000000000E+00
 0.245436926E+00  -.145927105E+02  0.000000000E+00  0.000000000E+00  -.218802901E+01  -.175606196E+02  0.000000000E+00  -.660282706E+00  0.000000000E+00
 0.306796158E+00  -.148627147E+02  0.000000000E+00  0.000000000E+00  -.255130893E+01  -.173428100E+02  0.000000000E+00  -.621271238E+00  0.000000000E+00
 0.368155389E+00  -.150332293E+02  0.000000000E+00  0.000000000E+00  -.283309458E+01  -.171046643E+02  0.000000000E+00  -.574819608E+00  0.000000000E+00
 0.429514621E+00  -.150672043E+02  0.000000000E+00  0.000000000E+00  -.304521537E+01  -.168505649E+02  0.000000000E+00  -.521890564E+00  0.000000000E+00
 0.490873852E+00  -.149459784E+02  0.000000000E+00  0.000000000E+00  -.320288924E+01  -.165793526E+02  0.000000000E+00  -.463641947E+00  0.000000000E+00
 0.552233084E+00  -.146692952E+02  0.000000000E+00  0.000000000E+00  -.332035675E+01  -.162849998E+02  0.000000000E+00  -.401325186E+00  0.000000000E+00
 0.613592315E+00  -.142527424E+02  0.000000000E+00  0.000000000E+00  -.340756402E+01  -.159584120E+02  0.000000000E+00  -.336172739E+00  0.000000000E+00
 0.674951547E+00  -.137233166E+02  0.000000000E+00  0.000000000E+00  -.346860524E+01  -.155897836E+02  0.000000000E+00  -.269308606E+00  0.000000000E+00
 0.736310778E+00  -.131139655E+02  0.000000000E+00  0.000000000E+00  -.350207842E+01  -.151708585E+02  0.000000000E+00  -.201705612E+00  0.000000000E+00
 0.797670010E+00  -.124580323E+02  0.000000000E+00  0.000000000E+00  -.350297270E+01  -.146965614E+02  0.000000000E+00  -.134193828E+00  0.000000000E+00
 0.859029241E+00  -.117845281E+02  0.000000000E+00  0.000000000E+00  -.346534415E+01  -.141657213E+02  0.000000000E+00  -.675047569E-01  0.000000000E+00
 0.920388473E+00  -.111149996E+02  0.000000000E+00  0.000000000E+00  -.338493236E+01  -.135808985E+02  0.000000000E+00  -.232401781E-02  0.000000000E+00
 0.981747704E+00  -.104623993E+02  0.000000000E+00  0.000000000E+00  -.326101722E+01  -.129475633E+02  0.000000000E+00  0.606742335E-01  0.000000000E+00
 0.104310694E+01  -.983186369E+01  0.000000000E+00  0.000000000E+00  -.309713543E+01  -.122729948E+02  0.000000000E+00  0.120826221E+00  0.000000000E+00
 0.110446617E+01  -.922284626E+01  0.000000000E+00  0.000000000E+00  -.290064940E+01  -.115652474E+02  0.000000000E+00  0.177508881E+00  0.000000000E+00
 0.116582540E+01  -.863179827E+01  0.000000000E+00  0.000000000E+00  -.268146954E+01  -.108324168E+02  0.000000000E+00  0.230185152E+00  0.000000000E+00
 0.122718463E+01  -.805462356E+01  0.000000000E+00  0.000000000E+00  -.245039810E+01  -.100822753E+02  0.000000000E+00  0.278441645E+00  0.000000000E+00
 0.128854386E+01  -.748838691E+01  0.000000000E+00  0.000000000E+00  -.221756468E+01  -.932220592E+01  0.000000000E+00  0.322000386E+00  0.000000000E+00
 0.134990309E+01  -.693209174E+01  0.000000000E+00  0.000000000E+00  -.199129600E+01  -.855928973E+01  0.000000000E+00  0.360698272E+00  0.000000000E+00
 0.141126232E+01  -.638662925E+01  0.000000000E+00  0.000000000E+00  -.177756913E+01  -.780039870E+01  0.000000000E+00  0.394442010E+00  0.000000000E+00
 0.147262156E+01  -.585417543E+01  0.000000000E+00  0.000000000E+00  -.158001146E+01  -.705220340E+01  0.000000000E+00  0.423156478E+00  0.000000000E+00
 0.153398079E+01  -.533737181E+01  0.000000000E+00  0.000000000E+00  -.140028402E+01  -.632108025E+01  0.000000000E+00  0.446746785E+00  0.000000000E+00
 0.159534002E+01  -.483859837E+01  0.000000000E+00  0.000000000E+00  -.123864001E+01  -.561296447E+01  0.000000000E+00  0.465088274E+00  0.000000000E+00
 0.165669925E+01  -.435955283E+01  0.000000000E+00  0.000000000E+00  -.109447605E+01  -.493321662E+01  0.000000000E+00  0.478047282E+00  0.000000000E+00
 0.171805848E+01  -.390121277E+01  0.000000000E+00  0.000000000E+00  -.966762012E+00  -.428655320E+01  0.000000000E+00  0.485523633E+00  0.000000000E+00
 0.177941771E+01  -.346410934E+01  0.000000000E+00  0.000000000E+00  -.854310528E+00  -.367705017E+01  0.000000000E+00  0.487498397E+00  0.000000000E+00
 0.184077695E+01  -.304873410E+01  0.000000000E+00  0.000000000E+00  -.755904835E+00  -.310818826E+01  0.000000000E+00  0.484069760E+00  0.000000000E+00
 0.190213618E+01  -.265587613E+01  0.000000000E+00  0.000000000E+00  -.670331399E+00  -.258289139E+01  0.000000000E+00  0.475465666E+00  0.000000000E+00
 0.196349541E+01  -.228675059E+01  0.000000000E+00  0.000000000E+00  -.596366030E+00  -.210352055E+01  0.000000000E+00  0.462031247E+00  0.000000000E+00
 0.202485464E+01  -.194289278E+01  0.000000000E+00  0.000000000E+00  -.532749176E+00  -.167181500E+01  0.000000000E+00  0.444198636E+00  0.000000000E+00
 0.208621387E+01  -.162589337E+01  0.000000000E+00  0.000000000E+00  -.478170284E+00  -.128880318E+01  0.000000000E+00  0.422453026E+00  0.000000000E+00
 0.214757310E+01  -.133709624E+01  0.000000000E+00  0.000000000E+00  -.431269620E+00  -.954721164E+00  0.000000000E+00  0.397308917E+00  0.000000000E+00
 0.220893233E+01  -.107736420E+01  0.000000000E+00  0.000000000E+00  -.390660111E+00  -.668974087E+00  0.000000000E+00  0.369303821E+00  0.000000000E+00
 0.227029157E+01  -.846967232E+00  0.000000000E+00  0.000000000E+00  -.354968868E+00  -.430158113E+00  0.000000000E+00  0.339006453E+00  0.000000000E+00
 0.233165080E+01  -.645595337E+00  0.000000000E+00  0.000000000E+00  -.322894776E+00  -.236139217E+00  0.000000000E+00  0.307028085E+00  0.000000000E+00
 0.239301003E+01  -.472464034E+00  0.000000000E+00  0.000000000E+00  -.293273870E+00  -.841679955E-01  0.000000000E+00  0.274023974E+00  0.000000000E+00
 0.245436926E+01  -.326464646E+00  0.000000000E+00  0.000000000E+00  -.265139946E+00  0.289949640E-01  0.000000000E+00  0.240676855E+00  0.000000000E+00
 0.251572849E+01  -.206309521E+00  0.000000000E+00  0.000000000E+00  -.237766894E+00  0.106961641E+00  0.000000000E+00  0.207663449E+00  0.000000000E+00
 0.257708772E+01  -.110631316E+00  0.000000000E+00  0.000000000E+00  -.210683329E+00  0.153612576E+00  0.000000000E+00  0.175612831E+00  0.000000000E+00
 0.263844696E+01  -.380163917E-01  0.000000000E+00  0.000000000E+00  -.183658222E+00  0.173000963E+00  0.000000000E+00  0.145068989E+00  0.000000000E+00
 0.269980619E+01  0.130192256E-01  0.000000000E+00  0.000000000E+00  -.156664993E+00  0.169256198E+00  0.000000000E+00  0.116467794E+00  0.000000000E+00
 0.276116542E+01  0.440794722E-01  0.000000000E+00  0.000000000E+00  -.129836775E+00  0.146482659E+00  0.000000000E+00  0.901327632E-01  0.000000000E+00
 0.282252465E+01  0.569263648E-01  0.000000000E+00  0.000000000E+00  -.103425083E+00  0.108657521E+00  0.000000000E+00  0.662872242E-01  0.000000000E+00
 0.288388388E+01  0.534852105E-01  0.000000000E+00  0.000000000E+00  -.777684416E-01  0.595375357E-01  0.000000000E+00  0.450756215E-01  0.000000000E+00
 0.294524311E+01  0.358203652E-01  0.000000000E+00  0.000000000E+00  -.532698691E-01  0.258544504E-02  0.000000000E+00  0.265850851E-01  0.000000000E+00
 0.300660234E+01  0.610133155E-02  0.000000000E+00  0.000000000E+00  -.303765079E-01  -.590778101E-01  0.000000000E+00  0.108599746E-01  0.000000000E+00
 0.306796158E+01  -.334230461E-01  0.000000000E+00  0.000000000E+00  -.955388390E-02  -.122695614E+00  0.000000000E+00  -.209402150E-02  0.000000000E+00
 0.312932081E+01  -.804398691E-01  0.000000000E+00  0.000000000E+00  0.874875129E-02  -.185878640E+00  0.000000000E+00  -.123149974E-01  0.000000000E+00
 0.319068004E+01  -.132588813E+00  0.000000000E+00  0.000000000E+00  0.241392074E-01  -.246595697E+00  0.000000000E+00  -.198941021E-01  0.000000000E+00
 0.325203927E+01  -.187494167E+00  0.000000000E+00  0.000000000E+00  0.363214348E-01  -.303158963E+00  0.000000000E+00  -.249824694E-01  0.000000000E+00
 0.331339850E+01  -.242817094E+00  0.000000000E+00  0.000000000E+00  0.451240094E-01  -.354208037E+00  0.000000000E+00  -.277907813E-01  0.000000000E+00
 0.337475773E+01  -.296321709E+00  0.000000000E+00  0.000000000E+00  0.505125445E-01  -.398695086E+00  0.000000000E+00  -.285799496E-01  0.000000000E+00
 0.343611696E+01  -.345944115E+00  0.000000000E+00  0.000000000E+00  0.525864199E-01  -.435870787E+00  0.000000000E+00  -.276450344E-01  0.000000000E+00
 0.349747620E+01  -.389856582E+00  0.000000000E+00  0.000000000E+00  0.515653183E-01  -.465268118E+00  0.000000000E+00  -.252965852E-01  0.000000000E+00
 0.355883543E+01  -.426523792E+00  0.000000000E+00  0.000000000E+00  0.477727120E-01  -.486679464E+00  0.000000000E+00  -.218435481E-01  0.000000000E+00
 0.362019466E+01  -.454749052E+00  0.000000000E+00  0.000000000E+00  0.416210434E-01  -.500123354E+00  0.000000000E+00  -.175803184E-01  0.000000000E+00
 0.368155389E+01  -.473706159E+00  0.000000000E+00  0.000000000E+00  0.335985851E-01  -.505800509E+00  0.000000000E+00  -.127785209E-01  0.000000000E+00
 0.374291312E+01  -.482951774E+00  0.000000000E+00  0.000000000E+00  0.242538533E-01  -.504043412E+00  0.000000000E+00  -.768261166E-02  0.000000000E+00
 0.380427235E+01  -.482416753E+00  0.000000000E+00  0.000000000E+00  0.141725105E-01  -.495266990E+00  0.000000000E+00  -.250783920E-02  0.000000000E+00
 0.386563159E+01  -.472380766E+00  0.000000000E+00  0.000000000E+00  0.394457802E-02  -.479928683E+00  0.000000000E+00  0.256063975E-02  0.000000000E+00
 0.392699082E+01  -.453437426E+00  0.000000000E+00  0.000000000E+00  -.587509385E-02  -.458503906E+00  0.000000000E+00  0.736805914E-02  0.000000000E+00
 0.398835005E+01  -.426454569E+00  0.000000000E+00  0.000000000E+00  -.148056541E-01  -.431478955E+00  0.000000000E+00  0.117897871E-01  0.000000000E+00
 0.404970928E+01  -.392528973E+00  0.000000000E+00  0.000000000E+00  -.224696173E-01  -.399359349E+00  0.000000000E+00  0.157303537E-01  0.000000000E+00
 0.411106851E+01  -.352932418E+00  0.000000000E+00  0.000000000E+00  -.286067214E-01  -.362688840E+00  0.000000000E+00  0.191217298E-01  0.000000000E+00
 0.417242774E+01  -.309049201E+00  0.000000000E+00  0.000000000E+00  -.330716929E-01  -.322073211E+00  0.000000000E+00  0.219210406E-01  0.000000000E+00
 0.423378697E+01  -.262311242E+00  0.000000000E+00  0.000000000E+00  -.358208607E-01  -.278203167E+00  0.000000000E+00  0.241079759E-01  0.000000000E+00
 0.429514621E+01  -.214139870E+00  0.000000000E+00  0.000000000E+00  -.368954699E-01  -.231871475E+00  0.000000000E+00  0.256820284E-01  0.000000000E+00
 0.435650544E+01  -.165900430E+00  0.000000000E+00  0.000000000E+00  -.364085100E-01  -.183980569E+00  0.000000000E+00  0.266594806E-01  0.000000000E+00
 0.441786467E+01  -.118869109E+00  0.000000000E+00  0.000000000E+00  -.345375487E-01  -.135537955E+00  0.000000000E+00  0.270699724E-01  0.000000000E+00
 0.447922390E+01  -.742066835E-01  0.000000000E+00  0.000000000E+00  -.315207665E-01  -.876380861E-01  0.000000000E+00  0.269526482E-01  0.000000000E+00
 0.454058313E+01  -.329343961E-01  0.000000000E+00  0.000000000E+00  -.276498842E-01  -.414309244E-01  0.000000000E+00  0.263522287E-01  0.000000000E+00
 0.460194236E+01  0.408844904E-02  0.000000000E+00  0.000000000E+00  -.232538685E-01  0.192085376E-02  0.000000000E+00  0.253156627E-01  0.000000000E+00
 0.466330160E+01  0.361819300E-01  0.000000000E+00  0.000000000E+00  -.186712387E-01  0.412924778E-01  0.000000000E+00  0.238900317E-01  0.000000000E+00
 0.472466083E+01  0.628548856E-01  0.000000000E+00  0.000000000E+00  -.142146088E-01  0.756509190E-01  0.000000000E+00  0.221220315E-01  0.000000000E+00
 0.478602006E+01  0.838060543E-01  0.000000000E+00  0.000000000E+00  -.101359085E-01  0.104107022E+00  0.000000000E+00  0.200587634E-01  0.000000000E+00
 0.484737929E+01  0.989190904E-01  0.000000000E+00  0.000000000E+00  -.660204837E-02  0.125961462E+00  0.000000000E+00  0.177490460E-01  0.000000000E+00
 0.490873852E+01  0.108253078E+00  0.000000000E+00  0.000000000E+00  -.368780034E-02  0.140741029E+00  0.000000000E+00  0.152443023E-01  0.000000000E+00
 0.497009775E+01  0.112028052E+00  0.000000000E+00  0.000000000E+00  -.138664589E-02  0.148222902E+00  0.000000000E+00  0.125983964E-01  0.000000000E+00
 0.503145698E+01  0.110604219E+00  0.000000000E+00  0.000000000E+00  0.365929814E-03  0.148445577E+00  0.000000000E+00  0.986644001E-02  0.000000000E+00
 0.509281622E+01  0.104455441E+00  0.000000000E+00  0.000000000E+00  0.166587228E-02  0.141705898E+00  0.000000000E+00  0.710320878E-02  0.000000000E+00
 0.515417545E+01  0.941403452E-01  0.000000000E+00  0.000000000E+00  0.261937469E-02  0.128542290E+00  0.000000000E+00  0.436203490E-02  0.000000000E+00
 0.521553468E+01  0.802753205E-01  0.000000000E+00  0.000000000E+00  0.333154676E-02  0.109705139E+00  0.000000000E+00  0.169473030E-02  0.000000000E+00
 0.527689391E+01  0.635115532E-01  0.000000000E+00  0.000000000E+00  0.390379717E-02  0.861163223E-01  0.000000000E+00  -.847615876E-03  0.000000000E+00
 0.533825314E+01  0.445151408E-01  0.000000000E+00  0.000000000E+00  0.443455901E-02  0.588211555E-01  0.000000000E+00  -.321382346E-02  0.000000000E+00
 0.539961237E+01  0.239482856E-01  0.000000000E+00  0.000000000E+00  0.501709059E-02  0.289370676E-01  0.000000000E+00  -.535291071E-02  0.000000000E+00
 0.546097160E+01  0.245151925E-02  0.000000000E+00  0.000000000E+00  0.573073183E-02  -.239642818E-02  0.000000000E+00  -.721621269E-02  0.000000000E+00
 0.552233084E+01  -.193702748E-01  0.000000000E+00  0.000000000E+00  0.662664447E-02  -.340625843E-01  0.000000000E+00  -.876114381E-02  0.000000000E+00
 0.558369007E+01  -.409547793E-01  0.000000000E+00  0.000000000E+00  0.771324504E-02  -.650048251E-01  0.000000000E+00  -.995544624E-02  0.000000000E+00
 0.564504930E+01  -.617817384E-01  0.000000000E+00  0.000000000E+00  0.894809774E-02  -.942563694E-01  0.000000000E+00  -.107802668E-01  0.000000000E+00
 0.570640853E+01  -.813687588E-01  0.000000000E+00  0.000000000E+00  0.102411562E-01  -.120963258E+00  0.000000000E+00  -.112307157E-01  0.000000000E+00
 0.576776776E+01  -.992690213E-01  0.000000000E+00  0.000000000E+00  0.114698138E-01  -.144402528E+00  0.000000000E+00  -.113136150E-01  0.000000000E+00
 0.582912699E+01  -.115074608E+00  0.000000000E+00  0.000000000E+00  0.125013782E-01  -.163996727E+00  0.000000000E+00  -.110434710E-01  0.000000000E+00
 0.589048623E+01  -.128425119E+00  0.000000000E+00  0.000000000E+00  0.132156580E-01  -.179324714E+00  0.000000000E+00  -.104386398E-01  0.000000000E+00
 0.595184546E+01  -.139018259E+00  0.000000000E+00  0.000000000E+00  0.135207412E-01  -.190127458E+00  0.000000000E+00  -.951967375E-02  0.000000000E+00
 0.601320469E+01  -.146618972E+00  0.000000000E+00  0.000000000E+00  0.133585262E-01  -.196307043E+00  0.000000000E+00  -.831083903E-02  0.000000000E+00
 0.607456392E+01  -.151065675E+00  0.000000000E+00  0.000000000E+00  0.127013941E-01  -.197917645E+00  0.000000000E+00  -.684418944E-02  0.000000000E+00
 0.613592315E+01  -.152273987E+00  0.000000000E+00  0.000000000E+00  0.115451975E-01  -.195148756E+00  0.000000000E+00  -.516412287E-02  0.000000000E+00
 0.619728238E+01  -.150238693E+00  0.000000000E+00  0.000000000E+00  0.990464513E-02  -.188302665E+00  0.000000000E+00  -.332977059E-02  0.000000000E+00
 0.625864161E+01  -.145034116E+00  0.000000000E+00  0.000000000E+00  0.781481276E-02  -.177769517E+00  0.000000000E+00  -.141323104E-02  0.000000000E+00
 0.632000085E+01  -.136812929E+00  0.000000000E+00  0.000000000E+00  0.533819280E-02  -.164003420E+00  0.000000000E+00  0.506667617E-03  0.000000000E+00
 0.638136008E+01  -.125804180E+00  0.000000000E+00  0.000000000E+00  0.257265891E-02  -.147502165E+00  0.000000000E+00  0.235343466E-02  0.000000000E+00
 0.644271931E+01  -.112311671E+00  0.000000000E+00  0.000000000E+00  -.345940237E-03  -.128791464E+00  0.000000000E+00  0.406183128E-02  0.000000000E+00
 0.650407854E+01  -.967127596E-01  0.000000000E+00  0.000000000E+00  -.325125232E-02  -.108413021E+00  0.000000000E+00  0.558357539E-02  0.000000000E+00
 0.656543777E+01  -.794553032E-01  0.000000000E+00  0.000000000E+00  -.596453315E-02  -.869148498E-01  0.000000000E+00  0.688805191E-02  0.000000000E+00
 0.662679700E+01  -.610488658E-01  0.000000000E+00  0.000000000E+00  -.831927331E-02  -.648422817E-01  0.000000000E+00  0.795832084E-02  0.000000000E+00
 0.668815624E+01  -.420473956E-01  0.000000000E+00  0.000000000E+00  -.101851257E-01  -.427288802E-01  0.000000000E+00  0.878466568E-02  0.000000000E+00
 0.674951547E+01  -.230241278E-01  0.000000000E+00  0.000000000E+00  -.114838552E-01  -.210874255E-01  0.000000000E+00  0.935886192E-02  0.000000000E+00
 0.681087470E+01  -.454323107E-02  0.000000000E+00  0.000000000E+00  -.121929861E-01  -.401668070E-03  0.000000000E+00  0.967183837E-02  0.000000000E+00
 0.687223393E+01  0.128660145E-01  0.000000000E+00  0.000000000E+00  -.123374427E-01  0.188805411E-01  0.000000000E+00  0.971568891E-02  0.000000000E+00
 0.693359316E+01  0.287286761E-01  0.000000000E+00  0.000000000E+00  -.119737113E-01  0.363527793E-01  0.000000000E+00  0.948886442E-02  0.000000000E+00
 0.699495239E+01  0.426369370E-01  0.000000000E+00  0.000000000E+00  -.111731102E-01  0.516550034E-01  0.000000000E+00  0.900182231E-02  0.000000000E+00
 0.705631162E+01  0.542583501E-01  0.000000000E+00  0.000000000E+00  -.100099107E-01  0.644790173E-01  0.000000000E+00  0.828014918E-02  0.000000000E+00
 0.711767086E+01  0.633419293E-01  0.000000000E+00  0.000000000E+00  -.855689374E-02  0.745752226E-01  0.000000000E+00  0.736331407E-02  0.000000000E+00
 0.717903009E+01  0.697230179E-01  0.000000000E+00  0.000000000E+00  -.688706827E-02  0.817605289E-01  0.000000000E+00  0.629921142E-02  0.000000000E+00
 0.724038932E+01  0.733265047E-01  0.000000000E+00  0.000000000E+00  -.507751711E-02  0.859262847E-01  0.000000000E+00  0.513657603E-02  0.000000000E+00
 0.730174855E+01  0.741675789E-01  0.000000000E+00  0.000000000E+00  -.321085364E-02  0.870444701E-01  0.000000000E+00  0.391830301E-02  0.000000000E+00
 0.736310778E+01  0.723494441E-01  0.000000000E+00  0.000000000E+00  -.137158612E-02  0.851705121E-01  0.000000000E+00  0.267825009E-02  0.000000000E+00
 0.742446701E+01  0.680574471E-01  0.000000000E+00  0.000000000E+00  0.362259337E-03  0.804419011E-01  0.000000000E+00  0.144246398E-02  0.000000000E+00
 0.748582624E+01  0.615488507E-01  0.000000000E+00  0.000000000E+00  0.192918231E-02  0.730729209E-01  0.000000000E+00  0.233726076E-03  0.000000000E+00
 0.754718548E+01  0.531377970E-01  0.000000000E+00  0.000000000E+00  0.329174045E-02  0.633466756E-01  0.000000000E+00  -.923193204E-03  0.000000000E+00
 0.760854471E+01  0.431764799E-01  0.000000000E+00  0.000000000E+00  0.443834136E-02  0.516057995E-01  0.000000000E+00  -.199845894E-02  0.000000000E+00
 0.766990394E+01  0.320355635E-01  0.000000000E+00  0.000000000E+00  0.537849495E-02  0.382427069E-01  0.000000000E+00  -.295809752E-02  0.000000000E+00
 0.773126317E+01  0.200878470E-01  0.000000000E+00  0.000000000E+00  0.613342574E-02  0.236893236E-01  0.000000000E+00  -.376884258E-02  0.000000000E+00
 0.779262240E+01  0.769790701E-02  0.000000000E+00  0.000000000E+00  0.672566938E-02  0.840550112E-02  0.000000000E+00  -.440495622E-02  0.000000000E+00
 0.785398163E+01  -.478253456E-02  0.000000000E+00  0.000000000E+00  0.717133034E-02  -.713476648E-02  0.000000000E+00  -.485409928E-02  0.000000000E+00
 0.791534087E+01  -.170165053E-01  0.000000000E+00  0.000000000E+00  0.747717470E-02  -.224595242E-01  0.000000000E+00  -.511965554E-02  0.000000000E+00
 0.797670010E+01  -.286845501E-01  0.000000000E+00  0.000000000E+00  0.764247750E-02  -.371164776E-01  0.000000000E+00  -.521838952E-02  0.000000000E+00
 0.803805933E+01  -.394902739E-01  0.000000000E+00  0.000000000E+00  0.766360981E-02  -.506900708E-01  0.000000000E+00  -.517426861E-02  0.000000000E+00
 0.809941856E+01  -.491680263E-01  0.000000000E+00  0.000000000E+00  0.753856765E-02  -.628156988E-01  0.000000000E+00  -.501084805E-02  0.000000000E+00
 0.816077779E+01  -.574905971E-01  0.000000000E+00  0.000000000E+00  0.726924692E-02  -.731893356E-01  0.000000000E+00  -.474514287E-02  0.000000000E+00
 0.822213702E+01  -.642750352E-01  0.000000000E+00  0.000000000E+00  0.686082705E-02  -.815721860E-01  0.000000000E+00  -.438521122E-02  0.000000000E+00
 0.828349625E+01  -.693859225E-01  0.000000000E+00  0.000000000E+00  0.631930246E-02  -.877914403E-01  0.000000000E+00  -.393209779E-02  0.000000000E+00
 0.834485549E+01  -.727363945E-01  0.000000000E+00  0.000000000E+00  0.564916841E-02  -.917391403E-01  0.000000000E+00  -.338503494E-02  0.000000000E+00
 0.840621472E+01  -.742873979E-01  0.000000000E+00  0.000000000E+00  0.485310826E-02  -.933711121E-01  0.000000000E+00  -.274759994E-02  0.000000000E+00
 0.846757395E+01  -.740455570E-01  0.000000000E+00  0.000000000E+00  0.393440406E-02  -.927069083E-01  0.000000000E+00  -.203232436E-02  0.000000000E+00
 0.852893318E+01  -.720602029E-01  0.000000000E+00  0.000000000E+00  0.290132050E-02  -.898302275E-01  0.000000000E+00  -.126204297E-02  0.000000000E+00
 0.859029241E+01  -.684205222E-01  0.000000000E+00  0.000000000E+00  0.177163160E-02  -.848880693E-01  0.000000000E+00  -.467647388E-03  0.000000000E+00
 0.865165164E+01  -.632537088E-01  0.000000000E+00  0.000000000E+00  0.575263240E-03  -.780865703E-01  0.000000000E+00  0.316727782E-03  0.000000000E+00
 0.871301088E+01  -.567240266E-01  0.000000000E+00  0.000000000E+00  -.646253911E-03  -.696822516E-01  0.000000000E+00  0.105923986E-02  0.000000000E+00
 0.877437011E+01  -.490313524E-01  0.000000000E+00  0.000000000E+00  -.184357511E-02  -.599689634E-01  0.000000000E+00  0.173471895E-02  0.000000000E+00
 0.883572934E+01  -.404072321E-01  0.000000000E+00  0.000000000E+00  -.296543176E-02  -.492624332E-01  0.000000000E+00  0.232668379E-02  0.000000000E+00
 0.889708857E+01  -.311074569E-01  0.000000000E+00  0.000000000E+00  -.396482343E-02  -.378852547E-01  0.000000000E+00  0.282678486E-02  0.000000000E+00
 0.895844780E+01  -.214020802E-01  0.000000000E+00  0.000000000E+00  -.480380309E-02  -.261549694E-01  0.000000000E+00  0.323238111E-02  0.000000000E+00
 0.901980703E+01  -.115651885E-01  0.000000000E+00  0.000000000E+00  -.545584812E-02  -.143766536E-01  0.000000000E+00  0.354345951E-02  0.000000000E+00
 0.908116626E+01  -.186651901E-02  0.000000000E+00  0.000000000E+00  -.590576602E-02  -.283969356E-02  0.000000000E+00  0.376009342E-02  0.000000000E+00
 0.914252550E+01  0.743459645E-02  0.000000000E+00  0.000000000E+00  -.614789680E-02  0.818304560E-02  0.000000000E+00  0.388121261E-02  0.000000000E+00
 0.920388473E+01  0.160941444E-01  0.000000000E+00  0.000000000E+00  -.618376209E-02  0.184360604E-01  0.000000000E+00  0.390485832E-02  0.000000000E+00
 0.926524396E+01  0.238888305E-01  0.000000000E+00  0.000000000E+00  -.602020257E-02  0.276839950E-01  0.000000000E+00  0.382956267E-02  0.000000000E+00
 0.932660319E+01  0.306226915E-01  0.000000000E+00  0.000000000E+00  -.566856813E-02  0.357170472E-01  0.000000000E+00  0.365618004E-02  0.000000000E+00
 0.938796242E+01  0.361342954E-01  0.000000000E+00  0.000000000E+00  -.514492516E-02  0.423582157E-01  0.000000000E+00  0.338945433E-02  0.000000000E+00
 0.944932165E+01  0.403031948E-01  0.000000000E+00  0.000000000E+00  -.447076771E-02  0.474706042E-01  0.000000000E+00  0.303877948E-02  0.000000000E+00
 0.951068088E+01  0.430544685E-01  0.000000000E+00  0.000000000E+00  -.367351594E-02  0.509628542E-01  0.000000000E+00  0.261790977E-02  0.000000000E+00
 0.957204012E+01  0.443607469E-01  0.000000000E+00  0.000000000E+00  -.278617505E-02  0.527914605E-01  0.000000000E+00  0.214370607E-02  0.000000000E+00
 0.963339935E+01  0.442414647E-01  0.000000000E+00  0.000000000E+00  -.184582956E-02  0.529598714E-01  0.000000000E+00  0.163428486E-02  0.000000000E+00
 0.969475858E+01  0.427592406E-01  0.000000000E+00  0.000000000E+00  -.891034549E-03  0.515153040E-01  0.000000000E+00  0.110710730E-02  0.000000000E+00
 0.975611781E+01  0.400136776E-01  0.000000000E+00  0.000000000E+00  0.414726554E-04  0.485446827E-01  0.000000000E+00  0.577559343E-03  0.000000000E+00
 0.981747704E+01  0.361336996E-01  0.000000000E+00  0.000000000E+00  0.920063283E-03  0.441708638E-01  0.000000000E+00  0.584121135E-04  0.000000000E+00
 0.987883627E+01  0.312702731E-01  0.000000000E+00  0.000000000E+00  0.172074528E-02  0.385495547E-01  0.000000000E+00  -.439756982E-03  0.000000000E+00
 0.994019551E+01  0.255912007E-01  0.000000000E+00  0.000000000E+00  0.242828431E-02  0.318664907E-01  0.000000000E+00  -.907467867E-03  0.000000000E+00
 0.100015547E+02  0.192783501E-01  0.000000000E+00  0.000000000E+00  0.303560778E-02  0.243339199E-01  0.000000000E+00  -.133513989E-02  0.000000000E+00
 0.100629140E+02  0.125259503E-01  0.000000000E+00  0.000000000E+00  0.354166766E-02  0.161854995E-01  0.000000000E+00  -.171244242E-02  0.000000000E+00
 0.101242732E+02  0.553769514E-02  0.000000000E+00  0.000000000E+00  0.394842889E-02  0.766924682E-02  0.000000000E+00  -.202864224E-02  0.000000000E+00
 0.101856324E+02  -.147895008E-02  0.000000000E+00  0.000000000E+00  0.425795494E-02  -.961070074E-03  0.000000000E+00  -.227396688E-02  0.000000000E+00
 0.102469917E+02  -.832108160E-02  0.000000000E+00  0.000000000E+00  0.447052877E-02  -.945514527E-02  0.000000000E+00  -.244151244E-02  0.000000000E+00
 0.103083509E+02  -.147995647E-01  0.000000000E+00  0.000000000E+00  0.458435135E-02  -.175748239E-01  0.000000000E+00  -.252889562E-02  0.000000000E+00
 0.103697101E+02  -.207468972E-01  0.000000000E+00  0.000000000E+00  0.459673819E-02  -.251014116E-01  0.000000000E+00  -.253885894E-02  0.000000000E+00
 0.104310694E+02  -.260222552E-01  0.000000000E+00  0.000000000E+00  0.450614041E-02  -.318412756E-01  0.000000000E+00  -.247842176E-02  0.000000000E+00
 0.104924286E+02  -.305134191E-01  0.000000000E+00  0.000000000E+00  0.431401059E-02  -.376299163E-01  0.000000000E+00  -.235678918E-02  0.000000000E+00
 0.105537878E+02  -.341360999E-01  0.000000000E+00  0.000000000E+00  0.402565702E-02  -.423349540E-01  0.000000000E+00  -.218281467E-02  0.000000000E+00
 0.106151471E+02  -.368315073E-01  0.000000000E+00  0.000000000E+00  0.364973655E-02  -.458584086E-01  0.000000000E+00  -.196308039E-02  0.000000000E+00
 0.106765063E+02  -.385631476E-01  0.000000000E+00  0.000000000E+00  0.319670215E-02  -.481383629E-01  0.000000000E+00  -.170145331E-02  0.000000000E+00
 0.107378655E+02  -.393140550E-01  0.000000000E+00  0.000000000E+00  0.267704219E-02  -.491497853E-01  0.000000000E+00  -.140035389E-02  0.000000000E+00
 0.107992247E+02  -.390856812E-01  0.000000000E+00  0.000000000E+00  0.210027228E-02  -.489041487E-01  0.000000000E+00  -.106319652E-02  0.000000000E+00
 0.108605840E+02  -.378990789E-01  0.000000000E+00  0.000000000E+00  0.147529251E-02  -.474476066E-01  0.000000000E+00  -.696882605E-03  0.000000000E+00
 0.109219432E+02  -.357977902E-01  0.000000000E+00  0.000000000E+00  0.812047986E-03  -.448578058E-01  0.000000000E+00  -.313131163E-03  0.000000000E+00
 0.109833024E+02  -.328506723E-01  0.000000000E+00  0.000000000E+00  0.123740460E-03  -.412397570E-01  0.000000000E+00  0.721100586E-04  0.000000000E+00
 0.110446617E+02  -.291526146E-01  0.000000000E+00  0.000000000E+00  -.571528873E-03  -.367213516E-01  0.000000000E+00  0.441104772E-03  0.000000000E+00
 0.111060209E+02  -.248220246E-01  0.000000000E+00  0.000000000E+00  -.125065376E-02  -.314490283E-01  0.000000000E+00  0.777724715E-03  0.000000000E+00
 0.111673801E+02  -.199954796E-01  0.000000000E+00  0.000000000E+00  -.188730203E-02  -.255837853E-01  0.000000000E+00  0.107046105E-02  0.000000000E+00
 0.112287394E+02  -.148210208E-01  0.000000000E+00  0.000000000E+00  -.245511938E-02  -.192973743E-01  0.000000000E+00  0.131385603E-02  0.000000000E+00
 0.112900986E+02  -.945162489E-02  0.000000000E+00  0.000000000E+00  -.293128459E-02  -.127682862E-01  0.000000000E+00  0.150784344E-02  0.000000000E+00
 0.113514578E+02  -.403965064E-02  0.000000000E+00  0.000000000E+00  -.329921334E-02  -.617715898E-02  0.000000000E+00  0.165539722E-02  0.000000000E+00
 0.114128171E+02  0.126767895E-02  0.000000000E+00  0.000000000E+00  -.354961386E-02  0.298498287E-03  0.000000000E+00  0.175960956E-02  0.000000000E+00
 0.114741763E+02  0.633193197E-02  0.000000000E+00  0.000000000E+00  -.367982984E-02  0.648998740E-02  0.000000000E+00  0.182152199E-02  0.000000000E+00
 0.115355355E+02  0.110262697E-01  0.000000000E+00  0.000000000E+00  -.369210726E-02  0.122429058E-01  0.000000000E+00  0.183962871E-02  0.000000000E+00
 0.115968948E+02  0.152373582E-01  0.000000000E+00  0.000000000E+00  -.359176472E-02  0.174217093E-01  0.000000000E+00  0.181115705E-02  0.000000000E+00
 0.116582540E+02  0.188666666E-01  0.000000000E+00  0.000000000E+00  -.338609682E-02  0.219127747E-01  0.000000000E+00  0.173439359E-02  0.000000000E+00
 0.117196132E+02  0.218318204E-01  0.000000000E+00  0.000000000E+00  -.308430816E-02  0.256257472E-01  0.000000000E+00  0.161085709E-02  0.000000000E+00
 0.117809725E+02  0.240686236E-01  0.000000000E+00  0.000000000E+00  -.269815157E-02  0.284934050E-01  0.000000000E+00  0.144623260E-02  0.000000000E+00
 0.118423317E+02  0.255337290E-01  0.000000000E+00  0.000000000E+00  -.224254673E-02  0.304706404E-01  0.000000000E+00  0.124960545E-02  0.000000000E+00
 0.119036909E+02  0.262071677E-01  0.000000000E+00  0.000000000E+00  -.173547326E-02  0.315333108E-01  0.000000000E+00  0.103135790E-02  0.000000000E+00
 0.119650501E+02  0.260936821E-01  0.000000000E+00  0.000000000E+00  -.119683876E-02  0.316776053E-01  0.000000000E+00  0.800717587E-03  0.000000000E+00
 0.120264094E+02  0.252222776E-01  0.000000000E+00  0.000000000E+00  -.646590585E-03  0.309202297E-01  0.000000000E+00  0.564081283E-03  0.000000000E+00
 0.120877686E+02  0.236441884E-01  0.000000000E+00  0.000000000E+00  -.102767129E-03  0.292992680E-01  0.000000000E+00  0.324831014E-03  0.000000000E+00
 0.121491278E+02  0.214299058E-01  0.000000000E+00  0.000000000E+00  0.419757705E-03  0.268751582E-01  0.000000000E+00  0.846256463E-04  0.000000000E+00
 0.122104871E+02  0.186657635E-01  0.000000000E+00  0.000000000E+00  0.909423829E-03  0.237309834E-01  0.000000000E+00  -.154547558E-03  0.000000000E+00
 (0.186657635274495D-001,0.00000000000000)
 (0.00000000000000,0.909423828608398D-003)
 0.186657635E-01  0.000000000E+00  0.000000000E+00  0.909423829E-03
