benzene chipot et al. JCAS 118, 11219 (1996)
12                                        
#    charge   sigma    epsilon    x         y       z      Z
1   -0.138    1.9080    0.35980   1.386    0.000   0.000    6
2   -0.138    1.9080    0.35980   0.693   -1.200   0.000    6
3   -0.138    1.9080    0.35980  -0.693   -1.200   0.000    6
4   -0.138    1.9080    0.35980  -1.386    0.000   0.000    6
5   -0.138    1.9080    0.35980  -0.693    1.200   0.000    6
6   -0.138    1.9080    0.35980   0.693    1.200   0.000    6
7    0.138    1.4590    0.06276   2.462    0.000   0.000    1
8    0.138    1.4590    0.06276   1.231   -2.132   0.000    1
9    0.138    1.4590    0.06276  -1.231   -2.132   0.000    1
10   0.138    1.4590    0.06276  -2.462    0.000   0.000    1
11   0.138    1.4590    0.06276  -1.231    2.132   0.000    1
12   0.138    1.4590    0.06276   1.231    2.132   0.000    1
