Coumarin 153 from Kumar and Maroncelli. Same parameters as those used in Chris's DL_POLY production simulations.
36  36                                        
#    charge      sigma     epsilon        x                  y               z           Z    Atom name    Surname
1    0.230000   3.50000    0.33500     0.0000000000    0.0000000000    0.0000000000      6        C        C153_C
2   -0.034000   3.50000    0.33500     1.4900000000    0.0000000000    0.0000000000      6        C        C153_C
3   -0.285000   3.50000    0.33500     2.1300000000    1.2160000000    0.0000000000      6        C        C153_C
4   -0.207000   3.50000    0.33500     1.4830000000    2.4790000000   -0.0040000000      6        C        C153_C
5    0.437000   3.50000    0.33500     0.0480000000    2.4500000000   -0.0370000000      6        C        C153_C
6   -0.298000   3.50000    0.33500    -0.7090000000    1.2390000000   -0.0560000000      6        C        C153_C
7   -0.073000   3.50000    0.35500     2.1550000000    3.7870000000    0.0190000000      6        C        C153_C
8   -0.478000   3.50000    0.35500     1.3930000000    4.9180000000   -0.0010000000      6        C        C153_C
9    1.067000   3.50000    0.35500    -0.0880000000    4.8490000000   -0.0400000000      6        C        C153_C
10  -0.548000   2.96000    0.87900    -0.6730000000    3.6040000000   -0.0480000000      8        O        C153_O
11  -0.280000   3.25000    0.71100    -0.6960000000   -1.2170000000    0.0130000000      7        N        C153_N
12  -0.010000   3.50000    0.33500     2.2350000000   -1.2850000000    0.0110000000      6        C        C153_C
13   0.233000   2.50000    0.21000     3.2210000000    1.1660000000    0.0050000000      1        H        C153_H
14   1.357000   3.50000    0.33500     3.7250000000    3.9110000000    0.0670000000      6        C        C153_C
15   0.237000   2.50000    0.21000     1.7990000000    5.9320000000    0.0100000000      1        H        C153_H
16  -0.620000   2.96000    0.87900    -0.8790000000    5.7830000000   -0.0640000000      8        O        C153_O
17   0.089000   3.50000    0.35500    -2.2200000000    1.2790000000   -0.1250000000      6        C        C153_C
18  -0.424000   2.80000    0.43900     4.2610000000    3.3180000000    1.1640000000      9        F        C153_F
19  -0.431000   2.80000    0.43900     4.1770000000    5.1920000000    0.1020000000      9        F        C153_F
20  -0.426000   2.80000    0.43900     4.3250000000    3.3530000000   -1.0160000000      9        F        C153_F
21  -0.063000   3.50000    0.33500     0.0010000000   -2.4960000000    0.2290000000      6        C        C153_C
22   0.019000   3.50000    0.33500    -2.1530000000   -1.2510000000    0.2280000000      6        C        C153_C
23  -0.121000   3.50000    0.33500     1.4110000000   -2.5150000000   -0.3820000000      6        C        C153_C
24   0.006000   3.50000    0.35500    -2.8640000000   -0.0730000000   -0.4540000000      6        C        C153_C
25   0.052917   2.50000    0.21000     2.6700000000   -1.4340000000    1.0280000000      1        H        C153_H
26   0.040917   2.50000    0.21000     3.1030000000   -1.2060000000   -0.6850000000      1        H        C153_H
27   0.020917   2.50000    0.21000    -2.5580000000    2.0070000000   -0.8980000000      1        H        C153_H
28   0.027917   2.50000    0.21000    -2.6190000000    1.6480000000    0.8500000000      1        H        C153_H
29   0.094917   2.50000    0.21000    -0.5980000000   -3.3200000000   -0.2320000000      1        H        C153_H
30   0.088917   2.50000    0.21000     0.0560000000   -2.7220000000    1.3260000000      1        H        C153_H
31   0.063917   2.50000    0.21000    -2.3790000000   -1.2570000000    1.3260000000      1        H        C153_H
32   0.055917   2.50000    0.21000    -2.5640000000   -2.2060000000   -0.1820000000      1        H        C153_H
33   0.069917   2.50000    0.21000     1.9320000000   -3.4390000000   -0.0430000000      1        H        C153_H
34   0.069917   2.50000    0.21000     1.3440000000   -2.5910000000   -1.4910000000      1        H        C153_H
45   0.010917   2.50000    0.21000    -3.9300000000   -0.0670000000   -0.1310000000      1        H        C153_H
36   0.025917   2.50000    0.21000    -2.8810000000   -0.2280000000   -1.5570000000      1        H        C153_H
