Ethanol from Roux Data, using Charmm parameters
9 5
#    charge     sigma            epsilon     lambda1_mol   lambda2_mol     x            y        z      Zatomic   Atom Name  Surname
1 -0.097030    3.39967         0.45773          0.0            0.0         1.0300    0.8850    0.9760     6           c3        C1        
1  0.131110    3.39967         0.45773          0.0            0.0         1.8850    1.9890    1.5720     6           c3        C2        
2 -0.602350    3.06647         0.880314        30.0           30.0         3.1880    1.4810    1.7420     7           oh        O1        
3  0.037980    2.64953         0.0656888        0.0            0.0         0.0000    1.2330    0.8320     1           hc        H1        
3  0.048300    2.64953         0.0656888        0.0            0.0         0.9950    0.0000    1.6250     1           hc        H2        
3  0.047950    2.64953         0.0656888        0.0            0.0         1.4100    0.5560    0.0000     1           hc        H3        
4  0.018300    2.47135         0.0656888        0.0            0.0         1.9050    2.8740    0.9060     1           h1        H4        
4  0.018170    2.47135         0.0656888        0.0            0.0         1.4750    2.3220    2.5460     1           h1        H5        
5  0.397560    0.400014        3.39967          0.0            0.0         3.7060    2.1820    2.1140     1           ho        H6        
