#graphene generated by max le 21 juillet 2016 à 00:27. Donc certainement faux. param LJ de l'eau. On s'en fout c'est pour une démo.
          60
# id q sig eps x y z Z     for dft.in: lx=12.78, ly=12.30
           1   0.00000000       3.16599989      0.649999976       0.00000000       0.00000000       0.00000000              12
           2   0.00000000       3.16599989      0.649999976       1.41999996       0.00000000       0.00000000              12
           3   0.00000000       3.16599989      0.649999976       4.25999975       0.00000000       0.00000000              12
           4   0.00000000       3.16599989      0.649999976       5.67999983       0.00000000       0.00000000              12
           5   0.00000000       3.16599989      0.649999976       8.51999950       0.00000000       0.00000000              12
           6   0.00000000       3.16599989      0.649999976       9.93999958       0.00000000       0.00000000              12
           7   0.00000000       3.16599989      0.649999976       2.12999988       1.23000002       0.00000000              12
           8   0.00000000       3.16599989      0.649999976       3.54999995       1.23000002       0.00000000              12
           9   0.00000000       3.16599989      0.649999976       6.38999987       1.23000002       0.00000000              12
          10   0.00000000       3.16599989      0.649999976       7.80999994       1.23000002       0.00000000              12
          11   0.00000000       3.16599989      0.649999976       10.6499996       1.23000002       0.00000000              12
          12   0.00000000       3.16599989      0.649999976       12.0699997       1.23000002       0.00000000              12
          13   0.00000000       3.16599989      0.649999976       0.00000000       2.46000004       0.00000000              12
          14   0.00000000       3.16599989      0.649999976       1.41999996       2.46000004       0.00000000              12
          15   0.00000000       3.16599989      0.649999976       4.25999975       2.46000004       0.00000000              12
          16   0.00000000       3.16599989      0.649999976       5.67999983       2.46000004       0.00000000              12
          17   0.00000000       3.16599989      0.649999976       8.51999950       2.46000004       0.00000000              12
          18   0.00000000       3.16599989      0.649999976       9.93999958       2.46000004       0.00000000              12
          19   0.00000000       3.16599989      0.649999976       2.12999988       3.69000006       0.00000000              12
          20   0.00000000       3.16599989      0.649999976       3.54999995       3.69000006       0.00000000              12
          21   0.00000000       3.16599989      0.649999976       6.38999987       3.69000006       0.00000000              12
          22   0.00000000       3.16599989      0.649999976       7.80999994       3.69000006       0.00000000              12
          23   0.00000000       3.16599989      0.649999976       10.6499996       3.69000006       0.00000000              12
          24   0.00000000       3.16599989      0.649999976       12.0699997       3.69000006       0.00000000              12
          25   0.00000000       3.16599989      0.649999976       0.00000000       4.92000008       0.00000000              12
          26   0.00000000       3.16599989      0.649999976       1.41999996       4.92000008       0.00000000              12
          27   0.00000000       3.16599989      0.649999976       4.25999975       4.92000008       0.00000000              12
          28   0.00000000       3.16599989      0.649999976       5.67999983       4.92000008       0.00000000              12
          29   0.00000000       3.16599989      0.649999976       8.51999950       4.92000008       0.00000000              12
          30   0.00000000       3.16599989      0.649999976       9.93999958       4.92000008       0.00000000              12
          31   0.00000000       3.16599989      0.649999976       2.12999988       6.15000010       0.00000000              12
          32   0.00000000       3.16599989      0.649999976       3.54999995       6.15000010       0.00000000              12
          33   0.00000000       3.16599989      0.649999976       6.38999987       6.15000010       0.00000000              12
          34   0.00000000       3.16599989      0.649999976       7.80999994       6.15000010       0.00000000              12
          35   0.00000000       3.16599989      0.649999976       10.6499996       6.15000010       0.00000000              12
          36   0.00000000       3.16599989      0.649999976       12.0699997       6.15000010       0.00000000              12
          37   0.00000000       3.16599989      0.649999976       0.00000000       7.38000011       0.00000000              12
          38   0.00000000       3.16599989      0.649999976       1.41999996       7.38000011       0.00000000              12
          39   0.00000000       3.16599989      0.649999976       4.25999975       7.38000011       0.00000000              12
          40   0.00000000       3.16599989      0.649999976       5.67999983       7.38000011       0.00000000              12
          41   0.00000000       3.16599989      0.649999976       8.51999950       7.38000011       0.00000000              12
          42   0.00000000       3.16599989      0.649999976       9.93999958       7.38000011       0.00000000              12
          43   0.00000000       3.16599989      0.649999976       2.12999988       8.61000061       0.00000000              12
          44   0.00000000       3.16599989      0.649999976       3.54999995       8.61000061       0.00000000              12
          45   0.00000000       3.16599989      0.649999976       6.38999987       8.61000061       0.00000000              12
          46   0.00000000       3.16599989      0.649999976       7.80999994       8.61000061       0.00000000              12
          47   0.00000000       3.16599989      0.649999976       10.6499996       8.61000061       0.00000000              12
          48   0.00000000       3.16599989      0.649999976       12.0699997       8.61000061       0.00000000              12
          49   0.00000000       3.16599989      0.649999976       0.00000000       9.84000015       0.00000000              12
          50   0.00000000       3.16599989      0.649999976       1.41999996       9.84000015       0.00000000              12
          51   0.00000000       3.16599989      0.649999976       4.25999975       9.84000015       0.00000000              12
          52   0.00000000       3.16599989      0.649999976       5.67999983       9.84000015       0.00000000              12
          53   0.00000000       3.16599989      0.649999976       8.51999950       9.84000015       0.00000000              12
          54   0.00000000       3.16599989      0.649999976       9.93999958       9.84000015       0.00000000              12
          55   0.00000000       3.16599989      0.649999976       2.12999988       11.0699997       0.00000000              12
          56   0.00000000       3.16599989      0.649999976       3.54999995       11.0699997       0.00000000              12
          57   0.00000000       3.16599989      0.649999976       6.38999987       11.0699997       0.00000000              12
          58   0.00000000       3.16599989      0.649999976       7.80999994       11.0699997       0.00000000              12
          59   0.00000000       3.16599989      0.649999976       10.6499996       11.0699997       0.00000000              12
          60   0.00000000       3.16599989      0.649999976       12.0699997       11.0699997       0.00000000              12

