Moimoi
17
# index charge(e) sigma(Å) epsilon(kJ/mol) x y z Z
1 -0.127000 3.399670 0.359824 0.130000 2.098000 -0.453000 1
2 -0.123900 3.399670 0.359824 -0.547000 0.898000 -0.274000 1
3 -0.164200 3.399670 0.359824 -1.932000 0.844000 -0.446000 1
4 0.392900 3.399670 0.359824 -2.668000 1.972000 -0.797000 1
5 -0.147900 3.399670 0.359824 -1.975000 3.188000 -0.977000 1
6 -0.111700 3.399670 0.359824 -0.581000 3.242000 -0.804000 1
7 -0.080100 3.399670 0.359824 -2.715000 4.324000 -1.330000 1
8 -0.249900 3.399670 0.359824 -4.090000 4.238000 -1.494000 1
9 0.411100 3.399670 0.359824 -4.680000 3.006000 -1.296000 1
10 -0.657100 3.249999 0.711280 -4.003000 1.886000 -0.955000 1
11 0.134400 2.599642 0.062760 1.207000 2.143000 -0.322000 1
12 0.135400 2.599642 0.062760 0.000000 0.000000 -0.001000 1
13 0.150700 2.599642 0.062760 -2.439000 -0.108000 -0.300000 1
14 0.133700 2.599642 0.062760 -0.042000 4.176000 -0.941000 1
15 0.138200 2.599642 0.062760 -2.224000 5.282000 -1.481000 1
16 0.143600 2.599642 0.062760 -4.678000 5.106000 -1.768000 1
17 0.021900 2.510553 0.062760 -5.752000 2.878000 -1.411000 1
