Setny flat wall 35*33 angstrom composed of 1 layers of Setny C witj modified LJ with parameter 1.25 (  J. Chem. Phys. 125, 144717 (2006); doi: 10.1063/1.2355487 ) 
     224 1
 #  charge  sigma  epsilon    lambda1_mol   lambda2_mol  x            y           z     Zatomic   Atom
           1           0   4.0999999      3.93295996E-02   0.0000000       0.0000000        0.0000000000000000        0.0000000000000000        0.0000000000000000                                     12 C Cwall
           1           0   4.0999999      3.93295996E-02   0.0000000       0.0000000        1.2500000000000000        2.1650635094610964        0.0000000000000000                                     12 C Cwall
           1           0   4.0999999      3.93295996E-02   0.0000000       0.0000000        0.0000000000000000        4.3301270189221928        0.0000000000000000                                     12 C Cwall
           1           0   4.0999999      3.93295996E-02   0.0000000       0.0000000        1.2500000000000000        6.4951905283832891        0.0000000000000000                                     12 C Cwall
           1           0   4.0999999      3.93295996E-02   0.0000000       0.0000000        0.0000000000000000        8.6602540378443855        0.0000000000000000                                     12 C Cwall
           1           0   4.0999999      3.93295996E-02   0.0000000       0.0000000        1.2500000000000000        10.825317547305481        0.0000000000000000                                     12 C Cwall
           1           0   4.0999999      3.93295996E-02   0.0000000       0.0000000        0.0000000000000000        12.990381056766577        0.0000000000000000                                     12 C Cwall
           1           0   4.0999999      3.93295996E-02   0.0000000       0.0000000        1.2500000000000000        15.155444566227672        0.0000000000000000                                     12 C Cwall
           1           0   4.0999999      3.93295996E-02   0.0000000       0.0000000        0.0000000000000000        17.320508075688767        0.0000000000000000                                     12 C Cwall
           1           0   4.0999999      3.93295996E-02   0.0000000       0.0000000        1.2500000000000000        19.485571585149863        0.0000000000000000                                     12 C Cwall
           1           0   4.0999999      3.93295996E-02   0.0000000       0.0000000        0.0000000000000000        21.650635094610958        0.0000000000000000                                     12 C Cwall
           1           0   4.0999999      3.93295996E-02   0.0000000       0.0000000        1.2500000000000000        23.815698604072054        0.0000000000000000                                     12 C Cwall
           1           0   4.0999999      3.93295996E-02   0.0000000       0.0000000        0.0000000000000000        25.980762113533149        0.0000000000000000                                     12 C Cwall
           1           0   4.0999999      3.93295996E-02   0.0000000       0.0000000        1.2500000000000000        28.145825622994245        0.0000000000000000                                     12 C Cwall
           1           0   4.0999999      3.93295996E-02   0.0000000       0.0000000        0.0000000000000000        30.310889132455340        0.0000000000000000                                     12 C Cwall
           1           0   4.0999999      3.93295996E-02   0.0000000       0.0000000        1.2500000000000000        32.475952641916436        0.0000000000000000                                     12 C Cwall
           1           0   4.0999999      3.93295996E-02   0.0000000       0.0000000        2.5000000000000000        0.0000000000000000        0.0000000000000000                                     12 C Cwall
           1           0   4.0999999      3.93295996E-02   0.0000000       0.0000000        3.7500000000000000        2.1650635094610964        0.0000000000000000                                     12 C Cwall
           1           0   4.0999999      3.93295996E-02   0.0000000       0.0000000        2.5000000000000000        4.3301270189221928        0.0000000000000000                                     12 C Cwall
           1           0   4.0999999      3.93295996E-02   0.0000000       0.0000000        3.7500000000000000        6.4951905283832891        0.0000000000000000                                     12 C Cwall
           1           0   4.0999999      3.93295996E-02   0.0000000       0.0000000        2.5000000000000000        8.6602540378443855        0.0000000000000000                                     12 C Cwall
           1           0   4.0999999      3.93295996E-02   0.0000000       0.0000000        3.7500000000000000        10.825317547305481        0.0000000000000000                                     12 C Cwall
           1           0   4.0999999      3.93295996E-02   0.0000000       0.0000000        2.5000000000000000        12.990381056766577        0.0000000000000000                                     12 C Cwall
           1           0   4.0999999      3.93295996E-02   0.0000000       0.0000000        3.7500000000000000        15.155444566227672        0.0000000000000000                                     12 C Cwall
           1           0   4.0999999      3.93295996E-02   0.0000000       0.0000000        2.5000000000000000        17.320508075688767        0.0000000000000000                                     12 C Cwall
           1           0   4.0999999      3.93295996E-02   0.0000000       0.0000000        3.7500000000000000        19.485571585149863        0.0000000000000000                                     12 C Cwall
           1           0   4.0999999      3.93295996E-02   0.0000000       0.0000000        2.5000000000000000        21.650635094610958        0.0000000000000000                                     12 C Cwall
           1           0   4.0999999      3.93295996E-02   0.0000000       0.0000000        3.7500000000000000        23.815698604072054        0.0000000000000000                                     12 C Cwall
           1           0   4.0999999      3.93295996E-02   0.0000000       0.0000000        2.5000000000000000        25.980762113533149        0.0000000000000000                                     12 C Cwall
           1           0   4.0999999      3.93295996E-02   0.0000000       0.0000000        3.7500000000000000        28.145825622994245        0.0000000000000000                                     12 C Cwall
           1           0   4.0999999      3.93295996E-02   0.0000000       0.0000000        2.5000000000000000        30.310889132455340        0.0000000000000000                                     12 C Cwall
           1           0   4.0999999      3.93295996E-02   0.0000000       0.0000000        3.7500000000000000        32.475952641916436        0.0000000000000000                                     12 C Cwall
           1           0   4.0999999      3.93295996E-02   0.0000000       0.0000000        5.0000000000000000        0.0000000000000000        0.0000000000000000                                     12 C Cwall
           1           0   4.0999999      3.93295996E-02   0.0000000       0.0000000        6.2500000000000000        2.1650635094610964        0.0000000000000000                                     12 C Cwall
           1           0   4.0999999      3.93295996E-02   0.0000000       0.0000000        5.0000000000000000        4.3301270189221928        0.0000000000000000                                     12 C Cwall
           1           0   4.0999999      3.93295996E-02   0.0000000       0.0000000        6.2500000000000000        6.4951905283832891        0.0000000000000000                                     12 C Cwall
           1           0   4.0999999      3.93295996E-02   0.0000000       0.0000000        5.0000000000000000        8.6602540378443855        0.0000000000000000                                     12 C Cwall
           1           0   4.0999999      3.93295996E-02   0.0000000       0.0000000        6.2500000000000000        10.825317547305481        0.0000000000000000                                     12 C Cwall
           1           0   4.0999999      3.93295996E-02   0.0000000       0.0000000        5.0000000000000000        12.990381056766577        0.0000000000000000                                     12 C Cwall
           1           0   4.0999999      3.93295996E-02   0.0000000       0.0000000        6.2500000000000000        15.155444566227672        0.0000000000000000                                     12 C Cwall
           1           0   4.0999999      3.93295996E-02   0.0000000       0.0000000        5.0000000000000000        17.320508075688767        0.0000000000000000                                     12 C Cwall
           1           0   4.0999999      3.93295996E-02   0.0000000       0.0000000        6.2500000000000000        19.485571585149863        0.0000000000000000                                     12 C Cwall
           1           0   4.0999999      3.93295996E-02   0.0000000       0.0000000        5.0000000000000000        21.650635094610958        0.0000000000000000                                     12 C Cwall
           1           0   4.0999999      3.93295996E-02   0.0000000       0.0000000        6.2500000000000000        23.815698604072054        0.0000000000000000                                     12 C Cwall
           1           0   4.0999999      3.93295996E-02   0.0000000       0.0000000        5.0000000000000000        25.980762113533149        0.0000000000000000                                     12 C Cwall
           1           0   4.0999999      3.93295996E-02   0.0000000       0.0000000        6.2500000000000000        28.145825622994245        0.0000000000000000                                     12 C Cwall
           1           0   4.0999999      3.93295996E-02   0.0000000       0.0000000        5.0000000000000000        30.310889132455340        0.0000000000000000                                     12 C Cwall
           1           0   4.0999999      3.93295996E-02   0.0000000       0.0000000        6.2500000000000000        32.475952641916436        0.0000000000000000                                     12 C Cwall
           1           0   4.0999999      3.93295996E-02   0.0000000       0.0000000        7.5000000000000000        0.0000000000000000        0.0000000000000000                                     12 C Cwall
           1           0   4.0999999      3.93295996E-02   0.0000000       0.0000000        8.7500000000000000        2.1650635094610964        0.0000000000000000                                     12 C Cwall
           1           0   4.0999999      3.93295996E-02   0.0000000       0.0000000        7.5000000000000000        4.3301270189221928        0.0000000000000000                                     12 C Cwall
           1           0   4.0999999      3.93295996E-02   0.0000000       0.0000000        8.7500000000000000        6.4951905283832891        0.0000000000000000                                     12 C Cwall
           1           0   4.0999999      3.93295996E-02   0.0000000       0.0000000        7.5000000000000000        8.6602540378443855        0.0000000000000000                                     12 C Cwall
           1           0   4.0999999      3.93295996E-02   0.0000000       0.0000000        8.7500000000000000        10.825317547305481        0.0000000000000000                                     12 C Cwall
           1           0   4.0999999      3.93295996E-02   0.0000000       0.0000000        7.5000000000000000        12.990381056766577        0.0000000000000000                                     12 C Cwall
           1           0   4.0999999      3.93295996E-02   0.0000000       0.0000000        8.7500000000000000        15.155444566227672        0.0000000000000000                                     12 C Cwall
           1           0   4.0999999      3.93295996E-02   0.0000000       0.0000000        7.5000000000000000        17.320508075688767        0.0000000000000000                                     12 C Cwall
           1           0   4.0999999      3.93295996E-02   0.0000000       0.0000000        8.7500000000000000        19.485571585149863        0.0000000000000000                                     12 C Cwall
           1           0   4.0999999      3.93295996E-02   0.0000000       0.0000000        7.5000000000000000        21.650635094610958        0.0000000000000000                                     12 C Cwall
           1           0   4.0999999      3.93295996E-02   0.0000000       0.0000000        8.7500000000000000        23.815698604072054        0.0000000000000000                                     12 C Cwall
           1           0   4.0999999      3.93295996E-02   0.0000000       0.0000000        7.5000000000000000        25.980762113533149        0.0000000000000000                                     12 C Cwall
           1           0   4.0999999      3.93295996E-02   0.0000000       0.0000000        8.7500000000000000        28.145825622994245        0.0000000000000000                                     12 C Cwall
           1           0   4.0999999      3.93295996E-02   0.0000000       0.0000000        7.5000000000000000        30.310889132455340        0.0000000000000000                                     12 C Cwall
           1           0   4.0999999      3.93295996E-02   0.0000000       0.0000000        8.7500000000000000        32.475952641916436        0.0000000000000000                                     12 C Cwall
           1           0   4.0999999      3.93295996E-02   0.0000000       0.0000000        10.000000000000000        0.0000000000000000        0.0000000000000000                                     12 C Cwall
           1           0   4.0999999      3.93295996E-02   0.0000000       0.0000000        11.250000000000000        2.1650635094610964        0.0000000000000000                                     12 C Cwall
           1           0   4.0999999      3.93295996E-02   0.0000000       0.0000000        10.000000000000000        4.3301270189221928        0.0000000000000000                                     12 C Cwall
           1           0   4.0999999      3.93295996E-02   0.0000000       0.0000000        11.250000000000000        6.4951905283832891        0.0000000000000000                                     12 C Cwall
           1           0   4.0999999      3.93295996E-02   0.0000000       0.0000000        10.000000000000000        8.6602540378443855        0.0000000000000000                                     12 C Cwall
           1           0   4.0999999      3.93295996E-02   0.0000000       0.0000000        11.250000000000000        10.825317547305481        0.0000000000000000                                     12 C Cwall
           1           0   4.0999999      3.93295996E-02   0.0000000       0.0000000        10.000000000000000        12.990381056766577        0.0000000000000000                                     12 C Cwall
           1           0   4.0999999      3.93295996E-02   0.0000000       0.0000000        11.250000000000000        15.155444566227672        0.0000000000000000                                     12 C Cwall
           1           0   4.0999999      3.93295996E-02   0.0000000       0.0000000        10.000000000000000        17.320508075688767        0.0000000000000000                                     12 C Cwall
           1           0   4.0999999      3.93295996E-02   0.0000000       0.0000000        11.250000000000000        19.485571585149863        0.0000000000000000                                     12 C Cwall
           1           0   4.0999999      3.93295996E-02   0.0000000       0.0000000        10.000000000000000        21.650635094610958        0.0000000000000000                                     12 C Cwall
           1           0   4.0999999      3.93295996E-02   0.0000000       0.0000000        11.250000000000000        23.815698604072054        0.0000000000000000                                     12 C Cwall
           1           0   4.0999999      3.93295996E-02   0.0000000       0.0000000        10.000000000000000        25.980762113533149        0.0000000000000000                                     12 C Cwall
           1           0   4.0999999      3.93295996E-02   0.0000000       0.0000000        11.250000000000000        28.145825622994245        0.0000000000000000                                     12 C Cwall
           1           0   4.0999999      3.93295996E-02   0.0000000       0.0000000        10.000000000000000        30.310889132455340        0.0000000000000000                                     12 C Cwall
           1           0   4.0999999      3.93295996E-02   0.0000000       0.0000000        11.250000000000000        32.475952641916436        0.0000000000000000                                     12 C Cwall
           1           0   4.0999999      3.93295996E-02   0.0000000       0.0000000        12.500000000000000        0.0000000000000000        0.0000000000000000                                     12 C Cwall
           1           0   4.0999999      3.93295996E-02   0.0000000       0.0000000        13.750000000000000        2.1650635094610964        0.0000000000000000                                     12 C Cwall
           1           0   4.0999999      3.93295996E-02   0.0000000       0.0000000        12.500000000000000        4.3301270189221928        0.0000000000000000                                     12 C Cwall
           1           0   4.0999999      3.93295996E-02   0.0000000       0.0000000        13.750000000000000        6.4951905283832891        0.0000000000000000                                     12 C Cwall
           1           0   4.0999999      3.93295996E-02   0.0000000       0.0000000        12.500000000000000        8.6602540378443855        0.0000000000000000                                     12 C Cwall
           1           0   4.0999999      3.93295996E-02   0.0000000       0.0000000        13.750000000000000        10.825317547305481        0.0000000000000000                                     12 C Cwall
           1           0   4.0999999      3.93295996E-02   0.0000000       0.0000000        12.500000000000000        12.990381056766577        0.0000000000000000                                     12 C Cwall
           1           0   4.0999999      3.93295996E-02   0.0000000       0.0000000        13.750000000000000        15.155444566227672        0.0000000000000000                                     12 C Cwall
           1           0   4.0999999      3.93295996E-02   0.0000000       0.0000000        12.500000000000000        17.320508075688767        0.0000000000000000                                     12 C Cwall
           1           0   4.0999999      3.93295996E-02   0.0000000       0.0000000        13.750000000000000        19.485571585149863        0.0000000000000000                                     12 C Cwall
           1           0   4.0999999      3.93295996E-02   0.0000000       0.0000000        12.500000000000000        21.650635094610958        0.0000000000000000                                     12 C Cwall
           1           0   4.0999999      3.93295996E-02   0.0000000       0.0000000        13.750000000000000        23.815698604072054        0.0000000000000000                                     12 C Cwall
           1           0   4.0999999      3.93295996E-02   0.0000000       0.0000000        12.500000000000000        25.980762113533149        0.0000000000000000                                     12 C Cwall
           1           0   4.0999999      3.93295996E-02   0.0000000       0.0000000        13.750000000000000        28.145825622994245        0.0000000000000000                                     12 C Cwall
           1           0   4.0999999      3.93295996E-02   0.0000000       0.0000000        12.500000000000000        30.310889132455340        0.0000000000000000                                     12 C Cwall
           1           0   4.0999999      3.93295996E-02   0.0000000       0.0000000        13.750000000000000        32.475952641916436        0.0000000000000000                                     12 C Cwall
           1           0   4.0999999      3.93295996E-02   0.0000000       0.0000000        15.000000000000000        0.0000000000000000        0.0000000000000000                                     12 C Cwall
           1           0   4.0999999      3.93295996E-02   0.0000000       0.0000000        16.250000000000000        2.1650635094610964        0.0000000000000000                                     12 C Cwall
           1           0   4.0999999      3.93295996E-02   0.0000000       0.0000000        15.000000000000000        4.3301270189221928        0.0000000000000000                                     12 C Cwall
           1           0   4.0999999      3.93295996E-02   0.0000000       0.0000000        16.250000000000000        6.4951905283832891        0.0000000000000000                                     12 C Cwall
           1           0   4.0999999      3.93295996E-02   0.0000000       0.0000000        15.000000000000000        8.6602540378443855        0.0000000000000000                                     12 C Cwall
           1           0   4.0999999      3.93295996E-02   0.0000000       0.0000000        16.250000000000000        10.825317547305481        0.0000000000000000                                     12 C Cwall
           1           0   4.0999999      3.93295996E-02   0.0000000       0.0000000        15.000000000000000        12.990381056766577        0.0000000000000000                                     12 C Cwall
           1           0   4.0999999      3.93295996E-02   0.0000000       0.0000000        16.250000000000000        15.155444566227672        0.0000000000000000                                     12 C Cwall
           1           0   4.0999999      3.93295996E-02   0.0000000       0.0000000        15.000000000000000        17.320508075688767        0.0000000000000000                                     12 C Cwall
           1           0   4.0999999      3.93295996E-02   0.0000000       0.0000000        16.250000000000000        19.485571585149863        0.0000000000000000                                     12 C Cwall
           1           0   4.0999999      3.93295996E-02   0.0000000       0.0000000        15.000000000000000        21.650635094610958        0.0000000000000000                                     12 C Cwall
           1           0   4.0999999      3.93295996E-02   0.0000000       0.0000000        16.250000000000000        23.815698604072054        0.0000000000000000                                     12 C Cwall
           1           0   4.0999999      3.93295996E-02   0.0000000       0.0000000        15.000000000000000        25.980762113533149        0.0000000000000000                                     12 C Cwall
           1           0   4.0999999      3.93295996E-02   0.0000000       0.0000000        16.250000000000000        28.145825622994245        0.0000000000000000                                     12 C Cwall
           1           0   4.0999999      3.93295996E-02   0.0000000       0.0000000        15.000000000000000        30.310889132455340        0.0000000000000000                                     12 C Cwall
           1           0   4.0999999      3.93295996E-02   0.0000000       0.0000000        16.250000000000000        32.475952641916436        0.0000000000000000                                     12 C Cwall
           1           0   4.0999999      3.93295996E-02   0.0000000       0.0000000        17.500000000000000        0.0000000000000000        0.0000000000000000                                     12 C Cwall
           1           0   4.0999999      3.93295996E-02   0.0000000       0.0000000        18.750000000000000        2.1650635094610964        0.0000000000000000                                     12 C Cwall
           1           0   4.0999999      3.93295996E-02   0.0000000       0.0000000        17.500000000000000        4.3301270189221928        0.0000000000000000                                     12 C Cwall
           1           0   4.0999999      3.93295996E-02   0.0000000       0.0000000        18.750000000000000        6.4951905283832891        0.0000000000000000                                     12 C Cwall
           1           0   4.0999999      3.93295996E-02   0.0000000       0.0000000        17.500000000000000        8.6602540378443855        0.0000000000000000                                     12 C Cwall
           1           0   4.0999999      3.93295996E-02   0.0000000       0.0000000        18.750000000000000        10.825317547305481        0.0000000000000000                                     12 C Cwall
           1           0   4.0999999      3.93295996E-02   0.0000000       0.0000000        17.500000000000000        12.990381056766577        0.0000000000000000                                     12 C Cwall
           1           0   4.0999999      3.93295996E-02   0.0000000       0.0000000        18.750000000000000        15.155444566227672        0.0000000000000000                                     12 C Cwall
           1           0   4.0999999      3.93295996E-02   0.0000000       0.0000000        17.500000000000000        17.320508075688767        0.0000000000000000                                     12 C Cwall
           1           0   4.0999999      3.93295996E-02   0.0000000       0.0000000        18.750000000000000        19.485571585149863        0.0000000000000000                                     12 C Cwall
           1           0   4.0999999      3.93295996E-02   0.0000000       0.0000000        17.500000000000000        21.650635094610958        0.0000000000000000                                     12 C Cwall
           1           0   4.0999999      3.93295996E-02   0.0000000       0.0000000        18.750000000000000        23.815698604072054        0.0000000000000000                                     12 C Cwall
           1           0   4.0999999      3.93295996E-02   0.0000000       0.0000000        17.500000000000000        25.980762113533149        0.0000000000000000                                     12 C Cwall
           1           0   4.0999999      3.93295996E-02   0.0000000       0.0000000        18.750000000000000        28.145825622994245        0.0000000000000000                                     12 C Cwall
           1           0   4.0999999      3.93295996E-02   0.0000000       0.0000000        17.500000000000000        30.310889132455340        0.0000000000000000                                     12 C Cwall
           1           0   4.0999999      3.93295996E-02   0.0000000       0.0000000        18.750000000000000        32.475952641916436        0.0000000000000000                                     12 C Cwall
           1           0   4.0999999      3.93295996E-02   0.0000000       0.0000000        20.000000000000000        0.0000000000000000        0.0000000000000000                                     12 C Cwall
           1           0   4.0999999      3.93295996E-02   0.0000000       0.0000000        21.250000000000000        2.1650635094610964        0.0000000000000000                                     12 C Cwall
           1           0   4.0999999      3.93295996E-02   0.0000000       0.0000000        20.000000000000000        4.3301270189221928        0.0000000000000000                                     12 C Cwall
           1           0   4.0999999      3.93295996E-02   0.0000000       0.0000000        21.250000000000000        6.4951905283832891        0.0000000000000000                                     12 C Cwall
           1           0   4.0999999      3.93295996E-02   0.0000000       0.0000000        20.000000000000000        8.6602540378443855        0.0000000000000000                                     12 C Cwall
           1           0   4.0999999      3.93295996E-02   0.0000000       0.0000000        21.250000000000000        10.825317547305481        0.0000000000000000                                     12 C Cwall
           1           0   4.0999999      3.93295996E-02   0.0000000       0.0000000        20.000000000000000        12.990381056766577        0.0000000000000000                                     12 C Cwall
           1           0   4.0999999      3.93295996E-02   0.0000000       0.0000000        21.250000000000000        15.155444566227672        0.0000000000000000                                     12 C Cwall
           1           0   4.0999999      3.93295996E-02   0.0000000       0.0000000        20.000000000000000        17.320508075688767        0.0000000000000000                                     12 C Cwall
           1           0   4.0999999      3.93295996E-02   0.0000000       0.0000000        21.250000000000000        19.485571585149863        0.0000000000000000                                     12 C Cwall
           1           0   4.0999999      3.93295996E-02   0.0000000       0.0000000        20.000000000000000        21.650635094610958        0.0000000000000000                                     12 C Cwall
           1           0   4.0999999      3.93295996E-02   0.0000000       0.0000000        21.250000000000000        23.815698604072054        0.0000000000000000                                     12 C Cwall
           1           0   4.0999999      3.93295996E-02   0.0000000       0.0000000        20.000000000000000        25.980762113533149        0.0000000000000000                                     12 C Cwall
           1           0   4.0999999      3.93295996E-02   0.0000000       0.0000000        21.250000000000000        28.145825622994245        0.0000000000000000                                     12 C Cwall
           1           0   4.0999999      3.93295996E-02   0.0000000       0.0000000        20.000000000000000        30.310889132455340        0.0000000000000000                                     12 C Cwall
           1           0   4.0999999      3.93295996E-02   0.0000000       0.0000000        21.250000000000000        32.475952641916436        0.0000000000000000                                     12 C Cwall
           1           0   4.0999999      3.93295996E-02   0.0000000       0.0000000        22.500000000000000        0.0000000000000000        0.0000000000000000                                     12 C Cwall
           1           0   4.0999999      3.93295996E-02   0.0000000       0.0000000        23.750000000000000        2.1650635094610964        0.0000000000000000                                     12 C Cwall
           1           0   4.0999999      3.93295996E-02   0.0000000       0.0000000        22.500000000000000        4.3301270189221928        0.0000000000000000                                     12 C Cwall
           1           0   4.0999999      3.93295996E-02   0.0000000       0.0000000        23.750000000000000        6.4951905283832891        0.0000000000000000                                     12 C Cwall
           1           0   4.0999999      3.93295996E-02   0.0000000       0.0000000        22.500000000000000        8.6602540378443855        0.0000000000000000                                     12 C Cwall
           1           0   4.0999999      3.93295996E-02   0.0000000       0.0000000        23.750000000000000        10.825317547305481        0.0000000000000000                                     12 C Cwall
           1           0   4.0999999      3.93295996E-02   0.0000000       0.0000000        22.500000000000000        12.990381056766577        0.0000000000000000                                     12 C Cwall
           1           0   4.0999999      3.93295996E-02   0.0000000       0.0000000        23.750000000000000        15.155444566227672        0.0000000000000000                                     12 C Cwall
           1           0   4.0999999      3.93295996E-02   0.0000000       0.0000000        22.500000000000000        17.320508075688767        0.0000000000000000                                     12 C Cwall
           1           0   4.0999999      3.93295996E-02   0.0000000       0.0000000        23.750000000000000        19.485571585149863        0.0000000000000000                                     12 C Cwall
           1           0   4.0999999      3.93295996E-02   0.0000000       0.0000000        22.500000000000000        21.650635094610958        0.0000000000000000                                     12 C Cwall
           1           0   4.0999999      3.93295996E-02   0.0000000       0.0000000        23.750000000000000        23.815698604072054        0.0000000000000000                                     12 C Cwall
           1           0   4.0999999      3.93295996E-02   0.0000000       0.0000000        22.500000000000000        25.980762113533149        0.0000000000000000                                     12 C Cwall
           1           0   4.0999999      3.93295996E-02   0.0000000       0.0000000        23.750000000000000        28.145825622994245        0.0000000000000000                                     12 C Cwall
           1           0   4.0999999      3.93295996E-02   0.0000000       0.0000000        22.500000000000000        30.310889132455340        0.0000000000000000                                     12 C Cwall
           1           0   4.0999999      3.93295996E-02   0.0000000       0.0000000        23.750000000000000        32.475952641916436        0.0000000000000000                                     12 C Cwall
           1           0   4.0999999      3.93295996E-02   0.0000000       0.0000000        25.000000000000000        0.0000000000000000        0.0000000000000000                                     12 C Cwall
           1           0   4.0999999      3.93295996E-02   0.0000000       0.0000000        26.250000000000000        2.1650635094610964        0.0000000000000000                                     12 C Cwall
           1           0   4.0999999      3.93295996E-02   0.0000000       0.0000000        25.000000000000000        4.3301270189221928        0.0000000000000000                                     12 C Cwall
           1           0   4.0999999      3.93295996E-02   0.0000000       0.0000000        26.250000000000000        6.4951905283832891        0.0000000000000000                                     12 C Cwall
           1           0   4.0999999      3.93295996E-02   0.0000000       0.0000000        25.000000000000000        8.6602540378443855        0.0000000000000000                                     12 C Cwall
           1           0   4.0999999      3.93295996E-02   0.0000000       0.0000000        26.250000000000000        10.825317547305481        0.0000000000000000                                     12 C Cwall
           1           0   4.0999999      3.93295996E-02   0.0000000       0.0000000        25.000000000000000        12.990381056766577        0.0000000000000000                                     12 C Cwall
           1           0   4.0999999      3.93295996E-02   0.0000000       0.0000000        26.250000000000000        15.155444566227672        0.0000000000000000                                     12 C Cwall
           1           0   4.0999999      3.93295996E-02   0.0000000       0.0000000        25.000000000000000        17.320508075688767        0.0000000000000000                                     12 C Cwall
           1           0   4.0999999      3.93295996E-02   0.0000000       0.0000000        26.250000000000000        19.485571585149863        0.0000000000000000                                     12 C Cwall
           1           0   4.0999999      3.93295996E-02   0.0000000       0.0000000        25.000000000000000        21.650635094610958        0.0000000000000000                                     12 C Cwall
           1           0   4.0999999      3.93295996E-02   0.0000000       0.0000000        26.250000000000000        23.815698604072054        0.0000000000000000                                     12 C Cwall
           1           0   4.0999999      3.93295996E-02   0.0000000       0.0000000        25.000000000000000        25.980762113533149        0.0000000000000000                                     12 C Cwall
           1           0   4.0999999      3.93295996E-02   0.0000000       0.0000000        26.250000000000000        28.145825622994245        0.0000000000000000                                     12 C Cwall
           1           0   4.0999999      3.93295996E-02   0.0000000       0.0000000        25.000000000000000        30.310889132455340        0.0000000000000000                                     12 C Cwall
           1           0   4.0999999      3.93295996E-02   0.0000000       0.0000000        26.250000000000000        32.475952641916436        0.0000000000000000                                     12 C Cwall
           1           0   4.0999999      3.93295996E-02   0.0000000       0.0000000        27.500000000000000        0.0000000000000000        0.0000000000000000                                     12 C Cwall
           1           0   4.0999999      3.93295996E-02   0.0000000       0.0000000        28.750000000000000        2.1650635094610964        0.0000000000000000                                     12 C Cwall
           1           0   4.0999999      3.93295996E-02   0.0000000       0.0000000        27.500000000000000        4.3301270189221928        0.0000000000000000                                     12 C Cwall
           1           0   4.0999999      3.93295996E-02   0.0000000       0.0000000        28.750000000000000        6.4951905283832891        0.0000000000000000                                     12 C Cwall
           1           0   4.0999999      3.93295996E-02   0.0000000       0.0000000        27.500000000000000        8.6602540378443855        0.0000000000000000                                     12 C Cwall
           1           0   4.0999999      3.93295996E-02   0.0000000       0.0000000        28.750000000000000        10.825317547305481        0.0000000000000000                                     12 C Cwall
           1           0   4.0999999      3.93295996E-02   0.0000000       0.0000000        27.500000000000000        12.990381056766577        0.0000000000000000                                     12 C Cwall
           1           0   4.0999999      3.93295996E-02   0.0000000       0.0000000        28.750000000000000        15.155444566227672        0.0000000000000000                                     12 C Cwall
           1           0   4.0999999      3.93295996E-02   0.0000000       0.0000000        27.500000000000000        17.320508075688767        0.0000000000000000                                     12 C Cwall
           1           0   4.0999999      3.93295996E-02   0.0000000       0.0000000        28.750000000000000        19.485571585149863        0.0000000000000000                                     12 C Cwall
           1           0   4.0999999      3.93295996E-02   0.0000000       0.0000000        27.500000000000000        21.650635094610958        0.0000000000000000                                     12 C Cwall
           1           0   4.0999999      3.93295996E-02   0.0000000       0.0000000        28.750000000000000        23.815698604072054        0.0000000000000000                                     12 C Cwall
           1           0   4.0999999      3.93295996E-02   0.0000000       0.0000000        27.500000000000000        25.980762113533149        0.0000000000000000                                     12 C Cwall
           1           0   4.0999999      3.93295996E-02   0.0000000       0.0000000        28.750000000000000        28.145825622994245        0.0000000000000000                                     12 C Cwall
           1           0   4.0999999      3.93295996E-02   0.0000000       0.0000000        27.500000000000000        30.310889132455340        0.0000000000000000                                     12 C Cwall
           1           0   4.0999999      3.93295996E-02   0.0000000       0.0000000        28.750000000000000        32.475952641916436        0.0000000000000000                                     12 C Cwall
           1           0   4.0999999      3.93295996E-02   0.0000000       0.0000000        30.000000000000000        0.0000000000000000        0.0000000000000000                                     12 C Cwall
           1           0   4.0999999      3.93295996E-02   0.0000000       0.0000000        31.250000000000000        2.1650635094610964        0.0000000000000000                                     12 C Cwall
           1           0   4.0999999      3.93295996E-02   0.0000000       0.0000000        30.000000000000000        4.3301270189221928        0.0000000000000000                                     12 C Cwall
           1           0   4.0999999      3.93295996E-02   0.0000000       0.0000000        31.250000000000000        6.4951905283832891        0.0000000000000000                                     12 C Cwall
           1           0   4.0999999      3.93295996E-02   0.0000000       0.0000000        30.000000000000000        8.6602540378443855        0.0000000000000000                                     12 C Cwall
           1           0   4.0999999      3.93295996E-02   0.0000000       0.0000000        31.250000000000000        10.825317547305481        0.0000000000000000                                     12 C Cwall
           1           0   4.0999999      3.93295996E-02   0.0000000       0.0000000        30.000000000000000        12.990381056766577        0.0000000000000000                                     12 C Cwall
           1           0   4.0999999      3.93295996E-02   0.0000000       0.0000000        31.250000000000000        15.155444566227672        0.0000000000000000                                     12 C Cwall
           1           0   4.0999999      3.93295996E-02   0.0000000       0.0000000        30.000000000000000        17.320508075688767        0.0000000000000000                                     12 C Cwall
           1           0   4.0999999      3.93295996E-02   0.0000000       0.0000000        31.250000000000000        19.485571585149863        0.0000000000000000                                     12 C Cwall
           1           0   4.0999999      3.93295996E-02   0.0000000       0.0000000        30.000000000000000        21.650635094610958        0.0000000000000000                                     12 C Cwall
           1           0   4.0999999      3.93295996E-02   0.0000000       0.0000000        31.250000000000000        23.815698604072054        0.0000000000000000                                     12 C Cwall
           1           0   4.0999999      3.93295996E-02   0.0000000       0.0000000        30.000000000000000        25.980762113533149        0.0000000000000000                                     12 C Cwall
           1           0   4.0999999      3.93295996E-02   0.0000000       0.0000000        31.250000000000000        28.145825622994245        0.0000000000000000                                     12 C Cwall
           1           0   4.0999999      3.93295996E-02   0.0000000       0.0000000        30.000000000000000        30.310889132455340        0.0000000000000000                                     12 C Cwall
           1           0   4.0999999      3.93295996E-02   0.0000000       0.0000000        31.250000000000000        32.475952641916436        0.0000000000000000                                     12 C Cwall
           1           0   4.0999999      3.93295996E-02   0.0000000       0.0000000        32.500000000000000        0.0000000000000000        0.0000000000000000                                     12 C Cwall
           1           0   4.0999999      3.93295996E-02   0.0000000       0.0000000        33.750000000000000        2.1650635094610964        0.0000000000000000                                     12 C Cwall
           1           0   4.0999999      3.93295996E-02   0.0000000       0.0000000        32.500000000000000        4.3301270189221928        0.0000000000000000                                     12 C Cwall
           1           0   4.0999999      3.93295996E-02   0.0000000       0.0000000        33.750000000000000        6.4951905283832891        0.0000000000000000                                     12 C Cwall
           1           0   4.0999999      3.93295996E-02   0.0000000       0.0000000        32.500000000000000        8.6602540378443855        0.0000000000000000                                     12 C Cwall
           1           0   4.0999999      3.93295996E-02   0.0000000       0.0000000        33.750000000000000        10.825317547305481        0.0000000000000000                                     12 C Cwall
           1           0   4.0999999      3.93295996E-02   0.0000000       0.0000000        32.500000000000000        12.990381056766577        0.0000000000000000                                     12 C Cwall
           1           0   4.0999999      3.93295996E-02   0.0000000       0.0000000        33.750000000000000        15.155444566227672        0.0000000000000000                                     12 C Cwall
           1           0   4.0999999      3.93295996E-02   0.0000000       0.0000000        32.500000000000000        17.320508075688767        0.0000000000000000                                     12 C Cwall
           1           0   4.0999999      3.93295996E-02   0.0000000       0.0000000        33.750000000000000        19.485571585149863        0.0000000000000000                                     12 C Cwall
           1           0   4.0999999      3.93295996E-02   0.0000000       0.0000000        32.500000000000000        21.650635094610958        0.0000000000000000                                     12 C Cwall
           1           0   4.0999999      3.93295996E-02   0.0000000       0.0000000        33.750000000000000        23.815698604072054        0.0000000000000000                                     12 C Cwall
           1           0   4.0999999      3.93295996E-02   0.0000000       0.0000000        32.500000000000000        25.980762113533149        0.0000000000000000                                     12 C Cwall
           1           0   4.0999999      3.93295996E-02   0.0000000       0.0000000        33.750000000000000        28.145825622994245        0.0000000000000000                                     12 C Cwall
           1           0   4.0999999      3.93295996E-02   0.0000000       0.0000000        32.500000000000000        30.310889132455340        0.0000000000000000                                     12 C Cwall
           1           0   4.0999999      3.93295996E-02   0.0000000       0.0000000        33.750000000000000        32.475952641916436        0.0000000000000000                                     12 C Cwall
