#TOLUENE, Chipot et al., JACS 118, 11219 (1996)
15
#    charge    sigma    epsilon    x    y    z    Z    
1 -0.189    1.90800    0.35980    1.38500    0.000000    0.000000    6
2  0.15100    1.45900    0.06276    2.462000    0.000000    0.000000    1     H1
3  -0.128    1.90800    0.35980    0.69300    -1.200000    0.000000    6     C2
4 -0.128    1.90800    0.35980    0.69300    1.200000    0.000000    6     C2
5  0.14700    1.45900    0.06276    1.231000    -2.132000    0.000000    1     H2
6  0.14700    1.45900    0.06276    1.231000    2.132000    0.000000    1     H2
7 -0.279    1.90800    0.35980    -0.69300    -1.200000    0.000000    6     C3
8 -0.279    1.90800    0.35980    -0.69300    1.200000    0.000000    6     C3
9  0.15800    1.45900    0.06276    -1.231000    -2.132000    0.000000    1     H3
10 0.15800    1.45900    0.06276    -1.231000    2.132000    0.000000    1     H3
11 0.35300    1.90800    0.35980    -1.385000    0.000000    0.000000    6     C4
12 -0.574    1.90800    0.45773    -2.89600    0.000000    0.000000    6     CT
13  0.15400    1.48700    0.06569    -3.257000    1.022000    0.000000    1     HC1        
14  0.15400    1.48700    0.06569    -3.257000    -0.511500    -0.885900    1     HC2
15 0.15400    1.48700    0.06569    -3.257000    -0.511500    0.885900    1     HC3
