









alpha 1 
m 	0 
n 	0 
mu 	0 
nu 	0 
khi 	0 
 q(A-1)           Re(ck)           Im(ck) 	
0.0000000000 	( -17.1729498622 , 0.0000000000 ) 
0.0613592315 	( -17.1281481524 , 0.0000000000 ) 
0.1227184630 	( -16.9542826145 , 0.0000000000 ) 
0.1840776945 	( -16.6444173881 , 0.0000000000 ) 
0.2454369261 	( -16.2388963790 , 0.0000000000 ) 
0.3067961576 	( -15.7868274173 , 0.0000000000 ) 
0.3681553891 	( -15.3138716030 , 0.0000000000 ) 
0.4295146206 	( -14.8079716905 , 0.0000000000 ) 
0.4908738521 	( -14.2264689637 , 0.0000000000 ) 
0.5522330836 	( -13.5181617104 , 0.0000000000 ) 
0.6135923152 	( -12.6478833396 , 0.0000000000 ) 
0.6749515467 	( -11.6120214148 , 0.0000000000 ) 
0.7363107782 	( -10.4397245981 , 0.0000000000 ) 
0.7976700097 	( -9.1821375417 , 0.0000000000 ) 
0.8590292412 	( -7.8968115585 , 0.0000000000 ) 
0.9203884727 	( -6.6347607540 , 0.0000000000 ) 
0.9817477042 	( -5.4343681597 , 0.0000000000 ) 
1.0431069358 	( -4.3219187968 , 0.0000000000 ) 
1.1044661673 	( -3.3154530889 , 0.0000000000 ) 
1.1658253988 	( -2.4282181721 , 0.0000000000 ) 
1.2271846303 	( -1.6697866707 , 0.0000000000 ) 
1.2885438618 	( -1.0451974273 , 0.0000000000 ) 
1.3499030933 	( -0.5536692995 , 0.0000000000 ) 
1.4112623249 	( -0.1881950816 , 0.0000000000 ) 
1.4726215564 	( 0.0636117027 , 0.0000000000 ) 
1.5339807879 	( 0.2177989615 , 0.0000000000 ) 
1.5953400194 	( 0.2921393483 , 0.0000000000 ) 
1.6566992509 	( 0.3045394269 , 0.0000000000 ) 
1.7180584824 	( 0.2720627808 , 0.0000000000 ) 
1.7794177139 	( 0.2104438528 , 0.0000000000 ) 
1.8407769455 	( 0.1337132820 , 0.0000000000 ) 
1.9021361770 	( 0.0536634814 , 0.0000000000 ) 
1.9634954085 	( -0.0207322504 , 0.0000000000 ) 
2.0248546400 	( -0.0835732079 , 0.0000000000 ) 
2.0862138715 	( -0.1317294263 , 0.0000000000 ) 
2.1475731030 	( -0.1641467081 , 0.0000000000 ) 
2.2089323346 	( -0.1811510831 , 0.0000000000 ) 
2.2702915661 	( -0.1840274599 , 0.0000000000 ) 
2.3316507976 	( -0.1748546559 , 0.0000000000 ) 
2.3930100291 	( -0.1563874270 , 0.0000000000 ) 
2.4543692606 	( -0.1317947493 , 0.0000000000 ) 
2.5157284921 	( -0.1042266369 , 0.0000000000 ) 
2.5770877236 	( -0.0763653309 , 0.0000000000 ) 
2.6384469552 	( -0.0501929871 , 0.0000000000 ) 
2.6998061867 	( -0.0270885086 , 0.0000000000 ) 
2.7611654182 	( -0.0081097342 , 0.0000000000 ) 
2.8225246497 	( 0.0058463756 , 0.0000000000 ) 
2.8838838812 	( 0.0141907795 , 0.0000000000 ) 
2.9452431127 	( 0.0169659101 , 0.0000000000 ) 
3.0066023443 	( 0.0150231735 , 0.0000000000 ) 
3.0679615758 	( 0.0098569276 , 0.0000000000 ) 
3.1293208073 	( 0.0031898193 , 0.0000000000 ) 
3.1906800388 	( -0.0034367984 , 0.0000000000 ) 
3.2520392703 	( -0.0088950781 , 0.0000000000 ) 
3.3133985018 	( -0.0125206806 , 0.0000000000 ) 
3.3747577333 	( -0.0140547472 , 0.0000000000 ) 
3.4361169649 	( -0.0135384987 , 0.0000000000 ) 
3.4974761964 	( -0.0112042664 , 0.0000000000 ) 
3.5588354279 	( -0.0074064899 , 0.0000000000 ) 
3.6201946594 	( -0.0026050664 , 0.0000000000 ) 
3.6815538909 	( 0.0026444806 , 0.0000000000 ) 
3.7429131224 	( 0.0077517119 , 0.0000000000 ) 
3.8042723540 	( 0.0121988528 , 0.0000000000 ) 
3.8656315855 	( 0.0156275001 , 0.0000000000 ) 
3.9269908170 	( 0.0178488952 , 0.0000000000 ) 
3.9883500485 	( 0.0187914395 , 0.0000000000 ) 
4.0497092800 	( 0.0184436985 , 0.0000000000 ) 
4.1110685115 	( 0.0168346713 , 0.0000000000 ) 
4.1724277430 	( 0.0140518523 , 0.0000000000 ) 
4.2337869746 	( 0.0102731692 , 0.0000000000 ) 
4.2951462061 	( 0.0057834905 , 0.0000000000 ) 
4.3565054376 	( 0.0009513014 , 0.0000000000 ) 
4.4178646691 	( -0.0038368044 , 0.0000000000 ) 
4.4792239006 	( -0.0082505632 , 0.0000000000 ) 
4.5405831321 	( -0.0120516495 , 0.0000000000 ) 
4.6019423637 	( -0.0150750066 , 0.0000000000 ) 
4.6633015952 	( -0.0171906260 , 0.0000000000 ) 
4.7246608267 	( -0.0182928406 , 0.0000000000 ) 
4.7860200582 	( -0.0183274225 , 0.0000000000 ) 
4.8473792897 	( -0.0173267243 , 0.0000000000 ) 
4.9087385212 	( -0.0154205670 , 0.0000000000 ) 
4.9700977527 	( -0.0128151953 , 0.0000000000 ) 
5.0314569843 	( -0.0097514947 , 0.0000000000 ) 
5.0928162158 	( -0.0064587509 , 0.0000000000 ) 
5.1541754473 	( -0.0031232080 , 0.0000000000 ) 
5.2155346788 	( 0.0001113781 , 0.0000000000 ) 
5.2768939103 	( 0.0031148317 , 0.0000000000 ) 
5.3382531418 	( 0.0057453498 , 0.0000000000 ) 
5.3996123734 	( 0.0078607934 , 0.0000000000 ) 
5.4609716049 	( 0.0093620204 , 0.0000000000 ) 
5.5223308364 	( 0.0102273949 , 0.0000000000 ) 
5.5836900679 	( 0.0105049933 , 0.0000000000 ) 
5.6450492994 	( 0.0102714385 , 0.0000000000 ) 
5.7064085309 	( 0.0095949445 , 0.0000000000 ) 
5.7677677625 	( 0.0085280850 , 0.0000000000 ) 
5.8291269940 	( 0.0071249178 , 0.0000000000 ) 
5.8904862255 	( 0.0054615077 , 0.0000000000 ) 
5.9518454570 	( 0.0036439975 , 0.0000000000 ) 
6.0132046885 	( 0.0017983923 , 0.0000000000 ) 
6.0745639200 	( 0.0000442896 , 0.0000000000 ) 
6.1359231515 	( -0.0015346661 , 0.0000000000 ) 
6.1972823831 	( -0.0029026714 , 0.0000000000 ) 
6.2586416146 	( -0.0040539058 , 0.0000000000 ) 
6.3200008461 	( -0.0049781239 , 0.0000000000 ) 
6.3813600776 	( -0.0056402404 , 0.0000000000 ) 
6.4427193091 	( -0.0059928854 , 0.0000000000 ) 
6.5040785406 	( -0.0060105183 , 0.0000000000 ) 
6.5654377722 	( -0.0057150861 , 0.0000000000 ) 
6.6267970037 	( -0.0051727528 , 0.0000000000 ) 
6.6881562352 	( -0.0044662468 , 0.0000000000 ) 
6.7495154667 	( -0.0036644060 , 0.0000000000 ) 
6.8108746982 	( -0.0028088218 , 0.0000000000 ) 
6.8722339297 	( -0.0019227992 , 0.0000000000 ) 
6.9335931612 	( -0.0010319687 , 0.0000000000 ) 
6.9949523928 	( -0.0001784898 , 0.0000000000 ) 
7.0563116243 	( 0.0005836055 , 0.0000000000 ) 
7.1176708558 	( 0.0012092281 , 0.0000000000 ) 
7.1790300873 	( 0.0016830361 , 0.0000000000 ) 
7.2403893188 	( 0.0020232450 , 0.0000000000 ) 
7.3017485503 	( 0.0022642127 , 0.0000000000 ) 
7.3631077819 	( 0.0024297975 , 0.0000000000 ) 
7.4244670134 	( 0.0025169537 , 0.0000000000 ) 
7.4858262449 	( 0.0025022581 , 0.0000000000 ) 
7.5471854764 	( 0.0023673158 , 0.0000000000 ) 
7.6085447079 	( 0.0021239046 , 0.0000000000 ) 
7.6699039394 	( 0.0018184770 , 0.0000000000 ) 
7.7312631709 	( 0.0015110762 , 0.0000000000 ) 
7.7926224025 	( 0.0012440466 , 0.0000000000 ) 
7.8539816340 	( 0.0010234731 , 0.0000000000 ) 
7.9153408655 	( 0.0008247741 , 0.0000000000 ) 
7.9767000970 	( 0.0006149218 , 0.0000000000 ) 
8.0380593285 	( 0.0003741495 , 0.0000000000 ) 
8.0994185600 	( 0.0001046847 , 0.0000000000 ) 
8.1607777916 	( -0.0001750932 , 0.0000000000 ) 
8.2221370231 	( -0.0004445755 , 0.0000000000 ) 
8.2834962546 	( -0.0006933715 , 0.0000000000 ) 
8.3448554861 	( -0.0009241518 , 0.0000000000 ) 
8.4062147176 	( -0.0011441520 , 0.0000000000 ) 
8.4675739491 	( -0.0013525465 , 0.0000000000 ) 
8.5289331806 	( -0.0015347776 , 0.0000000000 ) 
8.5902924122 	( -0.0016685755 , 0.0000000000 ) 
8.6516516437 	( -0.0017354868 , 0.0000000000 ) 
8.7130108752 	( -0.0017276695 , 0.0000000000 ) 
8.7743701067 	( -0.0016460670 , 0.0000000000 ) 
8.8357293382 	( -0.0014946687 , 0.0000000000 ) 
8.8970885697 	( -0.0012774352 , 0.0000000000 ) 
8.9584478013 	( -0.0009998501 , 0.0000000000 ) 
9.0198070328 	( -0.0006723945 , 0.0000000000 ) 
9.0811662643 	( -0.0003121764 , 0.0000000000 ) 
9.1425254958 	( 0.0000594240 , 0.0000000000 ) 
9.2038847273 	( 0.0004222601 , 0.0000000000 ) 
9.2652439588 	( 0.0007619689 , 0.0000000000 ) 
9.3266031903 	( 0.0010689321 , 0.0000000000 ) 
9.3879624219 	( 0.0013318054 , 0.0000000000 ) 
9.4493216534 	( 0.0015322781 , 0.0000000000 ) 
9.5106808849 	( 0.0016480430 , 0.0000000000 ) 
9.5720401164 	( 0.0016631392 , 0.0000000000 ) 
9.6333993479 	( 0.0015771332 , 0.0000000000 ) 
9.6947585794 	( 0.0014057036 , 0.0000000000 ) 
9.7561178110 	( 0.0011731775 , 0.0000000000 ) 
9.8174770425 	( 0.0009032000 , 0.0000000000 ) 
9.8788362740 	( 0.0006127941 , 0.0000000000 ) 
9.9401955055 	( 0.0003117023 , 0.0000000000 ) 
10.0015547370 	( 0.0000068986 , 0.0000000000 ) 
10.0629139685 	( -0.0002901410 , 0.0000000000 ) 
10.1242732000 	( -0.0005593257 , 0.0000000000 ) 
10.1856324316 	( -0.0007767172 , 0.0000000000 ) 
10.2469916631 	( -0.0009263416 , 0.0000000000 ) 
10.3083508946 	( -0.0010087711 , 0.0000000000 ) 
10.3697101261 	( -0.0010376467 , 0.0000000000 ) 
10.4310693576 	( -0.0010269173 , 0.0000000000 ) 
10.4924285891 	( -0.0009807497 , 0.0000000000 ) 
10.5537878207 	( -0.0008947125 , 0.0000000000 ) 
10.6151470522 	( -0.0007655821 , 0.0000000000 ) 
10.6765062837 	( -0.0006003635 , 0.0000000000 ) 
10.7378655152 	( -0.0004176956 , 0.0000000000 ) 
10.7992247467 	( -0.0002412180 , 0.0000000000 ) 
10.8605839782 	( -0.0000889319 , 0.0000000000 ) 
10.9219432097 	( 0.0000352607 , 0.0000000000 ) 
10.9833024413 	( 0.0001415603 , 0.0000000000 ) 
11.0446616728 	( 0.0002439849 , 0.0000000000 ) 
11.1060209043 	( 0.0003464614 , 0.0000000000 ) 
11.1673801358 	( 0.0004368652 , 0.0000000000 ) 
11.2287393673 	( 0.0004949119 , 0.0000000000 ) 
11.2900985988 	( 0.0005076663 , 0.0000000000 ) 
11.3514578304 	( 0.0004799427 , 0.0000000000 ) 
11.4128170619 	( 0.0004320271 , 0.0000000000 ) 
11.4741762934 	( 0.0003875501 , 0.0000000000 ) 
11.5355355249 	( 0.0003601976 , 0.0000000000 ) 
11.5968947564 	( 0.0003468784 , 0.0000000000 ) 
11.6582539879 	( 0.0003307302 , 0.0000000000 ) 
11.7196132194 	( 0.0002924729 , 0.0000000000 ) 
11.7809724510 	( 0.0002235284 , 0.0000000000 ) 
11.8423316825 	( 0.0001319098 , 0.0000000000 ) 
11.9036909140 	( 0.0000363512 , 0.0000000000 ) 
11.9650501455 	( -0.0000463335 , 0.0000000000 ) 
12.0264093770 	( -0.0001100484 , 0.0000000000 ) 
12.0877686085 	( -0.0001582117 , 0.0000000000 ) 
12.1491278401 	( -0.0001961300 , 0.0000000000 ) 
12.2104870716 	( -0.0002252123 , 0.0000000000 ) 
12.2718463031 	( -0.0002432836 , 0.0000000000 ) 
12.3332055346 	( -0.0002486390 , 0.0000000000 ) 
12.3945647661 	( -0.0002431743 , 0.0000000000 ) 
12.4559239976 	( -0.0002322046 , 0.0000000000 ) 
12.5172832291 	( -0.0002214864 , 0.0000000000 ) 
12.5786424607 	( -0.0002134449 , 0.0000000000 ) 
12.6400016922 	( -0.0002051728 , 0.0000000000 ) 
12.7013609237 	( -0.0001902009 , 0.0000000000 ) 
12.7627201552 	( -0.0001634512 , 0.0000000000 ) 
12.8240793867 	( -0.0001256444 , 0.0000000000 ) 
12.8854386182 	( -0.0000832352 , 0.0000000000 ) 
12.9467978498 	( -0.0000437181 , 0.0000000000 ) 
13.0081570813 	( -0.0000103151 , 0.0000000000 ) 
13.0695163128 	( 0.0000195244 , 0.0000000000 ) 
13.1308755443 	( 0.0000508343 , 0.0000000000 ) 
13.1922347758 	( 0.0000859195 , 0.0000000000 ) 
13.2535940073 	( 0.0001213493 , 0.0000000000 ) 
13.3149532388 	( 0.0001495629 , 0.0000000000 ) 
13.3763124704 	( 0.0001641340 , 0.0000000000 ) 
13.4376717019 	( 0.0001647876 , 0.0000000000 ) 
13.4990309334 	( 0.0001580151 , 0.0000000000 ) 
13.5603901649 	( 0.0001524774 , 0.0000000000 ) 
13.6217493964 	( 0.0001528536 , 0.0000000000 ) 
13.6831086279 	( 0.0001571345 , 0.0000000000 ) 
13.7444678595 	( 0.0001590819 , 0.0000000000 ) 
13.8058270910 	( 0.0001530491 , 0.0000000000 ) 
13.8671863225 	( 0.0001370318 , 0.0000000000 ) 
13.9285455540 	( 0.0001123132 , 0.0000000000 ) 
13.9899047855 	( 0.0000811348 , 0.0000000000 ) 
14.0512640170 	( 0.0000447427 , 0.0000000000 ) 
14.1126232485 	( 0.0000031546 , 0.0000000000 ) 
14.1739824801 	( -0.0000433822 , 0.0000000000 ) 
14.2353417116 	( -0.0000923702 , 0.0000000000 ) 
14.2967009431 	( -0.0001382458 , 0.0000000000 ) 
14.3580601746 	( -0.0001740080 , 0.0000000000 ) 
14.4194194061 	( -0.0001945761 , 0.0000000000 ) 
14.4807786376 	( -0.0001993277 , 0.0000000000 ) 
14.5421378692 	( -0.0001916698 , 0.0000000000 ) 
14.6034971007 	( -0.0001760769 , 0.0000000000 ) 
14.6648563322 	( -0.0001552460 , 0.0000000000 ) 
14.7262155637 	( -0.0001296819 , 0.0000000000 ) 
14.7875747952 	( -0.0000996125 , 0.0000000000 ) 
14.8489340267 	( -0.0000670059 , 0.0000000000 ) 
14.9102932582 	( -0.0000354519 , 0.0000000000 ) 
14.9716524898 	( -0.0000076986 , 0.0000000000 ) 
15.0330117213 	( 0.0000169510 , 0.0000000000 ) 
15.0943709528 	( 0.0000425354 , 0.0000000000 ) 
15.1557301843 	( 0.0000728725 , 0.0000000000 ) 
15.2170894158 	( 0.0001071181 , 0.0000000000 ) 
15.2784486473 	( 0.0001383981 , 0.0000000000 ) 
15.3398078789 	( 0.0001571802 , 0.0000000000 ) 
15.4011671104 	( 0.0001570752 , 0.0000000000 ) 
15.4625263419 	( 0.0001388144 , 0.0000000000 ) 
15.5238855734 	( 0.0001097450 , 0.0000000000 ) 
15.5852448049 	( 0.0000794464 , 0.0000000000 ) 
15.6466040364 	( 0.0000543944 , 0.0000000000 ) 
15.7079632679 	( 0.0000350367 , 0.0000000000 ) 
15.7693224995 	( 0.0000173081 , 0.0000000000 ) 
15.8306817310 	( -0.0000022802 , 0.0000000000 ) 
15.8920409625 	( -0.0000220200 , 0.0000000000 ) 
15.9534001940 	( -0.0000353586 , 0.0000000000 ) 
16.0147594255 	( -0.0000367228 , 0.0000000000 ) 
16.0761186570 	( -0.0000278186 , 0.0000000000 ) 
16.1374778886 	( -0.0000181823 , 0.0000000000 ) 
16.1988371201 	( -0.0000187351 , 0.0000000000 ) 
16.2601963516 	( -0.0000334998 , 0.0000000000 ) 
16.3215555831 	( -0.0000561618 , 0.0000000000 ) 
16.3829148146 	( -0.0000739263 , 0.0000000000 ) 
16.4442740461 	( -0.0000757223 , 0.0000000000 ) 
16.5056332776 	( -0.0000594159 , 0.0000000000 ) 
16.5669925092 	( -0.0000336404 , 0.0000000000 ) 
16.6283517407 	( -0.0000127476 , 0.0000000000 ) 
16.6897109722 	( -0.0000074265 , 0.0000000000 ) 
16.7510702037 	( -0.0000171700 , 0.0000000000 ) 
16.8124294352 	( -0.0000306323 , 0.0000000000 ) 
16.8737886667 	( -0.0000343122 , 0.0000000000 ) 
16.9351478983 	( -0.0000228862 , 0.0000000000 ) 
16.9965071298 	( -0.0000027789 , 0.0000000000 ) 
17.0578663613 	( 0.0000136407 , 0.0000000000 ) 
17.1192255928 	( 0.0000179959 , 0.0000000000 ) 
17.1805848243 	( 0.0000120037 , 0.0000000000 ) 
17.2419440558 	( 0.0000056649 , 0.0000000000 ) 
17.3033032874 	( 0.0000095748 , 0.0000000000 ) 
17.3646625189 	( 0.0000269836 , 0.0000000000 ) 
17.4260217504 	( 0.0000509374 , 0.0000000000 ) 
17.4873809819 	( 0.0000685086 , 0.0000000000 ) 
17.5487402134 	( 0.0000694312 , 0.0000000000 ) 
17.6100994449 	( 0.0000530715 , 0.0000000000 ) 
17.6714586764 	( 0.0000285508 , 0.0000000000 ) 
17.7328179080 	( 0.0000080739 , 0.0000000000 ) 
17.7941771395 	( -0.0000011403 , 0.0000000000 ) 
17.8555363710 	( -0.0000003075 , 0.0000000000 ) 
17.9168956025 	( 0.0000037894 , 0.0000000000 ) 
17.9782548340 	( 0.0000047518 , 0.0000000000 ) 
18.0396140655 	( 0.0000008590 , 0.0000000000 ) 
18.1009732971 	( -0.0000049645 , 0.0000000000 ) 
18.1623325286 	( -0.0000088389 , 0.0000000000 ) 
18.2236917601 	( -0.0000100719 , 0.0000000000 ) 
18.2850509916 	( -0.0000121154 , 0.0000000000 ) 
18.3464102231 	( -0.0000190940 , 0.0000000000 ) 
18.4077694546 	( -0.0000307519 , 0.0000000000 ) 
18.4691286861 	( -0.0000408412 , 0.0000000000 ) 
18.5304879177 	( -0.0000413319 , 0.0000000000 ) 
18.5918471492 	( -0.0000292501 , 0.0000000000 ) 
18.6532063807 	( -0.0000100570 , 0.0000000000 ) 
18.7145656122 	( 0.0000055763 , 0.0000000000 ) 
18.7759248437 	( 0.0000089863 , 0.0000000000 ) 
18.8372840752 	( -0.0000008440 , 0.0000000000 ) 
18.8986433068 	( -0.0000169288 , 0.0000000000 ) 
18.9600025383 	( -0.0000288854 , 0.0000000000 ) 
19.0213617698 	( -0.0000293259 , 0.0000000000 ) 
19.0827210013 	( -0.0000181496 , 0.0000000000 ) 
19.1440802328 	( -0.0000020146 , 0.0000000000 ) 
19.2054394643 	( 0.0000108399 , 0.0000000000 ) 
19.2667986958 	( 0.0000167399 , 0.0000000000 ) 
19.3281579274 	( 0.0000187474 , 0.0000000000 ) 
19.3895171589 	( 0.0000229375 , 0.0000000000 ) 
19.4508763904 	( 0.0000320604 , 0.0000000000 ) 
19.5122356219 	( 0.0000422940 , 0.0000000000 ) 
19.5735948534 	( 0.0000459747 , 0.0000000000 ) 
19.6349540849 	( 0.0000379017 , 0.0000000000 ) 
19.6963133165 	( 0.0000199634 , 0.0000000000 ) 
19.7576725480 	( 0.0000004905 , 0.0000000000 ) 
19.8190317795 	( -0.0000111234 , 0.0000000000 ) 
19.8803910110 	( -0.0000106817 , 0.0000000000 ) 
19.9417502425 	( -0.0000019598 , 0.0000000000 ) 
20.0031094740 	( 0.0000060214 , 0.0000000000 ) 
20.0644687055 	( 0.0000054123 , 0.0000000000 ) 
20.1258279371 	( -0.0000049497 , 0.0000000000 ) 
20.1871871686 	( -0.0000189852 , 0.0000000000 ) 
20.2485464001 	( -0.0000280685 , 0.0000000000 ) 
20.3099056316 	( -0.0000272608 , 0.0000000000 ) 
20.3712648631 	( -0.0000184399 , 0.0000000000 ) 
20.4326240946 	( -0.0000083849 , 0.0000000000 ) 
20.4939833262 	( -0.0000036903 , 0.0000000000 ) 
20.5553425577 	( -0.0000063379 , 0.0000000000 ) 
20.6167017892 	( -0.0000128421 , 0.0000000000 ) 
20.6780610207 	( -0.0000171761 , 0.0000000000 ) 
20.7394202522 	( -0.0000151276 , 0.0000000000 ) 
20.8007794837 	( -0.0000069326 , 0.0000000000 ) 
20.8621387152 	( 0.0000034857 , 0.0000000000 ) 
20.9234979468 	( 0.0000116926 , 0.0000000000 ) 
20.9848571783 	( 0.0000156249 , 0.0000000000 ) 
21.0462164098 	( 0.0000160757 , 0.0000000000 ) 
21.1075756413 	( 0.0000149275 , 0.0000000000 ) 
21.1689348728 	( 0.0000130953 , 0.0000000000 ) 
21.2302941043 	( 0.0000100598 , 0.0000000000 ) 
21.2916533359 	( 0.0000052080 , 0.0000000000 ) 
21.3530125674 	( -0.0000004949 , 0.0000000000 ) 
21.4143717989 	( -0.0000043236 , 0.0000000000 ) 
21.4757310304 	( -0.0000036380 , 0.0000000000 ) 
21.5370902619 	( 0.0000016396 , 0.0000000000 ) 
21.5984494934 	( 0.0000081924 , 0.0000000000 ) 
21.6598087249 	( 0.0000112316 , 0.0000000000 ) 
21.7211679565 	( 0.0000078816 , 0.0000000000 ) 
21.7825271880 	( -0.0000006602 , 0.0000000000 ) 
21.8438864195 	( -0.0000098981 , 0.0000000000 ) 
21.9052456510 	( -0.0000150395 , 0.0000000000 ) 
21.9666048825 	( -0.0000139280 , 0.0000000000 ) 
22.0279641140 	( -0.0000079936 , 0.0000000000 ) 
22.0893233456 	( -0.0000008978 , 0.0000000000 ) 
22.1506825771 	( 0.0000040246 , 0.0000000000 ) 
22.2120418086 	( 0.0000058111 , 0.0000000000 ) 
22.2734010401 	( 0.0000060170 , 0.0000000000 ) 
22.3347602716 	( 0.0000068389 , 0.0000000000 ) 
22.3961195031 	( 0.0000087451 , 0.0000000000 ) 
22.4574787346 	( 0.0000097616 , 0.0000000000 ) 
22.5188379662 	( 0.0000071947 , 0.0000000000 ) 
22.5801971977 	( 0.0000002605 , 0.0000000000 ) 
22.6415564292 	( -0.0000088125 , 0.0000000000 ) 
22.7029156607 	( -0.0000161683 , 0.0000000000 ) 
22.7642748922 	( -0.0000188876 , 0.0000000000 ) 
22.8256341237 	( -0.0000166274 , 0.0000000000 ) 
22.8869933553 	( -0.0000113223 , 0.0000000000 ) 
22.9483525868 	( -0.0000055316 , 0.0000000000 ) 
23.0097118183 	( -0.0000007866 , 0.0000000000 ) 
23.0710710498 	( 0.0000029365 , 0.0000000000 ) 
23.1324302813 	( 0.0000063569 , 0.0000000000 ) 
23.1937895128 	( 0.0000094895 , 0.0000000000 ) 
23.2551487443 	( 0.0000111523 , 0.0000000000 ) 
23.3165079759 	( 0.0000100963 , 0.0000000000 ) 
23.3778672074 	( 0.0000067452 , 0.0000000000 ) 
23.4392264389 	( 0.0000035833 , 0.0000000000 ) 
23.5005856704 	( 0.0000033743 , 0.0000000000 ) 
23.5619449019 	( 0.0000066311 , 0.0000000000 ) 
23.6233041334 	( 0.0000106835 , 0.0000000000 ) 
23.6846633650 	( 0.0000113395 , 0.0000000000 ) 
23.7460225965 	( 0.0000059570 , 0.0000000000 ) 
23.8073818280 	( -0.0000042918 , 0.0000000000 ) 
23.8687410595 	( -0.0000145908 , 0.0000000000 ) 
23.9301002910 	( -0.0000192313 , 0.0000000000 ) 
23.9914595225 	( -0.0000154436 , 0.0000000000 ) 
24.0528187540 	( -0.0000057065 , 0.0000000000 ) 
24.1141779856 	( 0.0000035550 , 0.0000000000 ) 
24.1755372171 	( 0.0000064374 , 0.0000000000 ) 
24.2368964486 	( 0.0000019028 , 0.0000000000 ) 
24.2982556801 	( -0.0000055854 , 0.0000000000 ) 
24.3596149116 	( -0.0000097074 , 0.0000000000 ) 
24.4209741431 	( -0.0000071721 , 0.0000000000 ) 
24.4823333747 	( 0.0000000295 , 0.0000000000 ) 
24.5436926062 	( 0.0000064466 , 0.0000000000 ) 
24.6050518377 	( 0.0000073836 , 0.0000000000 ) 
24.6664110692 	( 0.0000024323 , 0.0000000000 ) 
24.7277703007 	( -0.0000040441 , 0.0000000000 ) 
24.7891295322 	( -0.0000059179 , 0.0000000000 ) 
24.8504887637 	( 0.0000000356 , 0.0000000000 ) 
24.9118479953 	( 0.0000111653 , 0.0000000000 ) 
24.9732072268 	( 0.0000202979 , 0.0000000000 ) 
25.0345664583 	( 0.0000208380 , 0.0000000000 ) 
25.0959256898 	( 0.0000117294 , 0.0000000000 ) 
25.1572849213 	( -0.0000017440 , 0.0000000000 ) 
25.2186441528 	( -0.0000118776 , 0.0000000000 ) 
25.2800033844 	( -0.0000139050 , 0.0000000000 ) 
25.3413626159 	( -0.0000087630 , 0.0000000000 ) 
25.4027218474 	( -0.0000017240 , 0.0000000000 ) 
25.4640810789 	( 0.0000015710 , 0.0000000000 ) 
25.5254403104 	( -0.0000011848 , 0.0000000000 ) 
25.5867995419 	( -0.0000077629 , 0.0000000000 ) 
25.6481587734 	( -0.0000132618 , 0.0000000000 ) 
25.7095180050 	( -0.0000136923 , 0.0000000000 ) 
25.7708772365 	( -0.0000087217 , 0.0000000000 ) 
25.8322364680 	( -0.0000015301 , 0.0000000000 ) 
25.8935956995 	( 0.0000039881 , 0.0000000000 ) 
25.9549549310 	( 0.0000062086 , 0.0000000000 ) 
26.0163141625 	( 0.0000064362 , 0.0000000000 ) 
26.0776733941 	( 0.0000069706 , 0.0000000000 ) 
26.1390326256 	( 0.0000086215 , 0.0000000000 ) 
26.2003918571 	( 0.0000099557 , 0.0000000000 ) 
26.2617510886 	( 0.0000087894 , 0.0000000000 ) 
26.3231103201 	( 0.0000044702 , 0.0000000000 ) 
26.3844695516 	( -0.0000010715 , 0.0000000000 ) 
26.4458287831 	( -0.0000044654 , 0.0000000000 ) 
26.5071880147 	( -0.0000034347 , 0.0000000000 ) 
26.5685472462 	( 0.0000012734 , 0.0000000000 ) 
26.6299064777 	( 0.0000061997 , 0.0000000000 ) 
26.6912657092 	( 0.0000076037 , 0.0000000000 ) 
26.7526249407 	( 0.0000041111 , 0.0000000000 ) 
26.8139841722 	( -0.0000024943 , 0.0000000000 ) 
26.8753434038 	( -0.0000087974 , 0.0000000000 ) 
26.9367026353 	( -0.0000121729 , 0.0000000000 ) 
26.9980618668 	( -0.0000121937 , 0.0000000000 ) 
27.0594210983 	( -0.0000102047 , 0.0000000000 ) 
27.1207803298 	( -0.0000077377 , 0.0000000000 ) 
27.1821395613 	( -0.0000051742 , 0.0000000000 ) 
27.2434987928 	( -0.0000017282 , 0.0000000000 ) 
27.3048580244 	( 0.0000032463 , 0.0000000000 ) 
27.3662172559 	( 0.0000087863 , 0.0000000000 ) 
27.4275764874 	( 0.0000122334 , 0.0000000000 ) 
27.4889357189 	( 0.0000110749 , 0.0000000000 ) 
27.5502949504 	( 0.0000054036 , 0.0000000000 ) 
27.6116541819 	( -0.0000013235 , 0.0000000000 ) 
27.6730134135 	( -0.0000044108 , 0.0000000000 ) 
27.7343726450 	( -0.0000015753 , 0.0000000000 ) 
27.7957318765 	( 0.0000048681 , 0.0000000000 ) 
27.8570911080 	( 0.0000093501 , 0.0000000000 ) 
27.9184503395 	( 0.0000071786 , 0.0000000000 ) 
27.9798095710 	( -0.0000016102 , 0.0000000000 ) 
28.0411688025 	( -0.0000117073 , 0.0000000000 ) 
28.1025280341 	( -0.0000159594 , 0.0000000000 ) 
28.1638872656 	( -0.0000105016 , 0.0000000000 ) 
28.2252464971 	( 0.0000020626 , 0.0000000000 ) 
28.2866057286 	( 0.0000138889 , 0.0000000000 ) 
28.3479649601 	( 0.0000169348 , 0.0000000000 ) 
28.4093241916 	( 0.0000084610 , 0.0000000000 ) 
28.4706834232 	( -0.0000068336 , 0.0000000000 ) 
28.5320426547 	( -0.0000196318 , 0.0000000000 ) 
28.5934018862 	( -0.0000219699 , 0.0000000000 ) 
28.6547611177 	( -0.0000123681 , 0.0000000000 ) 
28.7161203492 	( 0.0000033365 , 0.0000000000 ) 
28.7774795807 	( 0.0000159790 , 0.0000000000 ) 
28.8388388123 	( 0.0000190592 , 0.0000000000 ) 
28.9001980438 	( 0.0000125613 , 0.0000000000 ) 
28.9615572753 	( 0.0000021204 , 0.0000000000 ) 
29.0229165068 	( -0.0000054512 , 0.0000000000 ) 
29.0842757383 	( -0.0000067245 , 0.0000000000 ) 
29.1456349698 	( -0.0000031155 , 0.0000000000 ) 
29.2069942013 	( 0.0000012248 , 0.0000000000 ) 
29.2683534329 	( 0.0000029176 , 0.0000000000 ) 
29.3297126644 	( 0.0000015065 , 0.0000000000 ) 
29.3910718959 	( -0.0000010068 , 0.0000000000 ) 
29.4524311274 	( -0.0000024014 , 0.0000000000 ) 
29.5137903589 	( -0.0000022384 , 0.0000000000 ) 
29.5751495904 	( -0.0000019883 , 0.0000000000 ) 
29.6365088220 	( -0.0000032506 , 0.0000000000 ) 
29.6978680535 	( -0.0000057096 , 0.0000000000 ) 
29.7592272850 	( -0.0000068481 , 0.0000000000 ) 
29.8205865165 	( -0.0000039654 , 0.0000000000 ) 
29.8819457480 	( 0.0000031299 , 0.0000000000 ) 
29.9433049795 	( 0.0000112089 , 0.0000000000 ) 
30.0046642110 	( 0.0000155214 , 0.0000000000 ) 
30.0660234426 	( 0.0000131154 , 0.0000000000 ) 
30.1273826741 	( 0.0000049953 , 0.0000000000 ) 
30.1887419056 	( -0.0000044920 , 0.0000000000 ) 
30.2501011371 	( -0.0000105403 , 0.0000000000 ) 
30.3114603686 	( -0.0000109619 , 0.0000000000 ) 
30.3728196001 	( -0.0000073305 , 0.0000000000 ) 
30.4341788317 	( -0.0000034142 , 0.0000000000 ) 
30.4955380632 	( -0.0000020663 , 0.0000000000 ) 
30.5568972947 	( -0.0000029891 , 0.0000000000 ) 
30.6182565262 	( -0.0000032452 , 0.0000000000 ) 
30.6796157577 	( -0.0000001678 , 0.0000000000 ) 
30.7409749892 	( 0.0000058171 , 0.0000000000 ) 
30.8023342207 	( 0.0000110069 , 0.0000000000 ) 
30.8636934523 	( 0.0000111937 , 0.0000000000 ) 
30.9250526838 	( 0.0000051654 , 0.0000000000 ) 
30.9864119153 	( -0.0000039077 , 0.0000000000 ) 
31.0477711468 	( -0.0000103651 , 0.0000000000 ) 
31.1091303783 	( -0.0000099145 , 0.0000000000 ) 
31.1704896098 	( -0.0000027383 , 0.0000000000 ) 
31.2318488414 	( 0.0000063954 , 0.0000000000 ) 
31.2932080729 	( 0.0000112600 , 0.0000000000 ) 
31.3545673044 	( 0.0000084877 , 0.0000000000 ) 
