0 -497.27874
0.06135923 -496.57745
0.12271846 -494.56508
0.1840777 -491.49033
0.24543692 -487.68931
0.30679616 -483.49153
0.36815539 -479.12988
0.42951462 -474.6782
0.49087384 -470.0321
0.5522331 -464.93544
0.61359233 -459.04105
0.67495155 -451.987
0.73631078 -443.46688
0.79767001 -433.2785
0.85902923 -421.34267
0.92038846 -407.6952
0.98174769 -392.45979
1.0431069 -375.81523
1.1044662 -357.96592
1.1658254 -339.1227
1.2271847 -319.49423
1.2885438 -299.28547
1.3499031 -278.69929
1.4112623 -257.93642
1.4726216 -237.19268
1.5339809 -216.65387
1.59534 -196.49073
1.6566993 -176.85619
1.7180585 -157.88591
1.7794178 -139.70111
1.8407769 -122.41224
1.9021362 -106.1208
1.9634954 -90.918411
2.0248547 -76.883252
2.0862138 -64.075351
2.147573 -52.532703
2.2089324 -42.269721
2.2702916 -33.278408
2.3316507 -25.531393
2.3930101 -18.985464
2.4543693 -13.584347
2.5157285 -9.260218
2.5770876 -5.9343276
2.638447 -3.5176282
2.6998062 -1.9122946
2.7611654 -1.0145007
2.8225246 -0.71822625
2.8838839 -0.91933054
2.9452431 -1.5190608
3.0066023 -2.4263592
3.0679617 -3.5587862
3.1293209 -4.8423012
3.19068 -6.2104351
3.2520392 -7.6034243
3.3133986 -8.9677616
3.3747578 -10.256312
3.4361169 -11.428851
3.4974761 -12.452701
3.5588355 -13.303074
3.6201947 -13.962845
3.6815538 -14.421725
3.742913 -14.67502
3.8042724 -14.722262
3.8656316 -14.566065
3.9269907 -14.211412
3.9883502 -13.665421
4.0497093 -12.937539
4.1110687 -12.040009
4.1724277 -10.988447
4.2337871 -9.8023757
4.295146 -8.5055715
4.3565054 -7.126112
4.4178648 -5.696033
4.4792237 -4.2505523
4.5405831 -2.8268883
4.6019425 -1.4627769
4.6633015 -0.19482243
4.7246609 0.94314874
4.7860203 1.9216064
4.8473792 2.7166179
4.9087386 3.3108841
4.9700975 3.6944781
5.0314569 3.8652462
5.0928164 3.8288132
5.1541753 3.5981447
5.2155347 3.1926631
5.2768941 2.6369836
5.338253 1.9594235
5.3996124 1.1904771
5.4609718 0.36144135
5.5223308 -0.49670556
5.5836902 -1.3541722
5.6450491 -2.1830582
5.7064085 -2.9580129
5.7677679 -3.6569159
5.8291268 -4.2615553
5.8904862 -4.7581814
5.9518457 -5.1377811
6.0132046 -5.3959571
6.074564 -5.5324102
6.1359234 -5.5501652
6.1972823 -5.4547486
6.2586417 -5.253545
6.3200006 -4.9554583
6.3813601 -4.570842
6.4427195 -4.1115655
6.5040784 -3.5909961
6.5654378 -3.0237526
6.6267972 -2.425193
6.6881561 -1.8107571
6.7495155 -1.1953498
6.8108745 -0.59295327
6.8722339 -0.01654167
6.9335933 0.52177327
6.9949522 1.0105513
7.0563116 1.4390006
7.117671 1.7972551
7.1790299 2.07694
7.2403894 2.2718659
7.3017487 2.3786145
7.3631077 2.3968173
7.4244671 2.3290382
7.485826 2.1803443
7.5471854 1.9577496
7.6085448 1.6697512
7.6699038 1.3260931
7.7312632 0.93774802
7.7926226 0.51697937
7.8539815 0.077280255
7.9153409 -0.36697336
7.9767003 -0.80119219
8.0380592 -1.2114574
8.0994186 -1.5854054
8.160778 -1.9128843
8.2221374 -2.1862391
8.2834959 -2.4002176
8.3448553 -2.5516237
8.4062147 -2.6389164
8.4675741 -2.6619298
8.5289335 -2.621806
8.590292 -2.5211044
8.6516514 -2.3639647
8.7130108 -2.156178
8.7743702 -1.9050571
8.8357296 -1.6190932
8.897089 -1.3074723
8.9584475 -0.9795715
9.0198069 -0.64455171
9.0811663 -0.31110751
9.1425257 0.012631234
9.2038851 0.31910943
9.2652435 0.60134748
9.3266029 0.85299363
9.3879623 1.0684477
9.4493218 1.2430344
9.5106811 1.3731842
9.5720406 1.456578
9.633399 1.4922312
9.6947584 1.4805132
9.7561178 1.42311
9.8174772 1.3229441
9.8788366 1.1840561
9.9401951 1.0114543
10.001554 0.81093694
10.062914 0.58890045
10.124273 0.35214808
10.185633 0.10771362
10.246992 -0.13730092
10.308351 -0.37588688
10.36971 -0.60131213
10.431069 -0.80734027
10.492429 -0.98847865
10.553788 -1.14022
10.615147 -1.2592267
10.676506 -1.343407
10.737865 -1.3918642
10.799225 -1.4047374
10.860584 -1.3829983
10.921944 -1.3282746
10.983302 -1.2427621
11.044662 -1.1292361
11.106021 -0.99112541
11.16738 -0.83257378
11.22874 -0.65841099
11.290098 -0.47399318
11.351458 -0.28492353
11.412817 -0.096718345
11.474176 0.085493799
11.535536 0.25716662
11.596895 0.41439625
11.658254 0.55387348
11.719613 0.67279378
11.780972 0.76879697
11.842332 0.83998288
11.903691 0.88500288
11.96505 0.90318826
12.026409 0.89465667
12.087769 0.86034853
12.149128 0.80197922
12.210487 0.72192429
