  0. -216.102667
  0.0100000005 -216.093699
  0.0200000009 -216.067529
  0.0300000014 -216.023557
  0.0400000019 -215.961853
  0.0500000024 -215.883311
  0.0600000028 -215.788101
  0.0700000033 -215.675822
  0.0800000038 -215.546679
  0.0900000043 -215.401631
  0.100000005 -215.240312
  0.110000005 -215.063651
  0.120000006 -214.871316
  0.130000006 -214.664282
  0.140000007 -214.442304
  0.150000007 -214.205676
  0.160000008 -213.955431
  0.170000008 -213.691222
  0.180000009 -213.414118
  0.190000009 -213.124265
  0.200000009 -212.820725
  0.21000001 -212.504979
  0.22000001 -212.177296
  0.230000011 -211.837125
  0.240000011 -211.485259
  0.250000012 -211.121085
  0.260000012 -210.744666
  0.270000013 -210.356571
  0.280000013 -209.956133
  0.290000014 -209.543871
  0.300000014 -209.118978
  0.310000015 -208.681945
  0.320000015 -208.231943
  0.330000016 -207.768669
  0.340000016 -207.292726
  0.350000017 -206.803661
  0.360000017 -206.30079
  0.370000018 -205.783737
  0.380000018 -205.253041
  0.390000019 -204.707808
  0.400000019 -204.148575
  0.410000019 -203.574412
  0.42000002 -202.986045
  0.43000002 -202.382583
  0.440000021 -201.7641
  0.450000021 -201.13106
  0.460000022 -200.483012
  0.470000022 -199.820475
  0.480000023 -199.142993
  0.490000023 -198.451152
  0.500000024 -197.744579
  0.510000024 -197.023891
  0.520000025 -196.288716
  0.530000025 -195.539598
  0.540000026 -194.775676
  0.550000026 -193.998696
  0.560000027 -193.207744
  0.570000027 -192.402748
  0.580000028 -191.584536
  0.590000028 -190.752409
  0.600000028 -189.907186
  0.610000029 -189.048094
  0.620000029 -188.175205
  0.63000003 -187.289097
  0.64000003 -186.389706
  0.650000031 -185.475597
  0.660000031 -184.548747
  0.670000032 -183.6076
  0.680000032 -182.652136
  0.690000033 -181.682151
  0.700000033 -180.698939
  0.710000034 -179.700227
  0.720000034 -178.687515
  0.730000035 -177.66034
  0.740000035 -176.618395
  0.750000036 -175.561282
  0.760000036 -174.48994
  0.770000037 -173.40352
  0.780000037 -172.302923
  0.790000038 -171.187334
  0.800000038 -170.057175
  0.810000038 -168.912919
  0.820000039 -167.755055
  0.830000039 -166.582872
  0.84000004 -165.396817
  0.85000004 -164.197468
  0.860000041 -162.984689
  0.870000041 -161.759104
  0.880000042 -160.520585
  0.890000042 -159.269628
  0.900000043 -158.006054
  0.910000043 -156.72984
  0.920000044 -155.441945
  0.930000044 -154.142157
  0.940000045 -152.830356
  0.950000045 -151.506141
  0.960000046 -150.170475
  0.970000046 -148.822457
  0.980000047 -147.462827
  0.990000047 -146.090768
  1.00000005 -144.706349
  1.01000005 -143.309979
  1.02000005 -141.901573
  1.03000005 -140.480322
  1.04000005 -139.046217
  1.05000005 -137.599762
  1.06000005 -136.140357
  1.07000005 -134.668436
  1.08000005 -133.183461
  1.09000005 -131.685475
  1.10000005 -130.173604
  1.11000005 -128.651051
  1.12000005 -127.115767
  1.13000005 -125.567944
  1.14000005 -124.008395
  1.15000005 -122.436663
  1.16000006 -120.853719
  1.17000006 -119.259232
  1.18000006 -117.653881
  1.19000006 -116.037566
  1.20000006 -114.410309
  1.21000006 -112.773213
  1.22000006 -111.126232
  1.23000006 -109.46849
  1.24000006 -107.801988
  1.25000006 -106.124946
  1.26000006 -104.439237
  1.27000006 -102.743193
  1.28000006 -101.037986
  1.29000006 -99.323507
  1.30000006 -97.597528
  1.31000006 -95.863224
  1.32000006 -94.118815
  1.33000006 -92.388509
  1.34000006 -90.671068
  1.35000006 -88.961827
  1.36000006 -87.261361
  1.37000007 -85.569572
  1.38000007 -83.886451
  1.39000007 -82.213094
  1.40000007 -80.549584
  1.41000007 -78.897286
  1.42000007 -77.255627
  1.43000007 -75.625284
  1.44000007 -74.006252
  1.45000007 -72.39959
  1.46000007 -70.803881
  1.47000007 -69.219492
  1.48000007 -67.647258
  1.49000007 -66.087167
  1.50000007 -64.536417
  1.51000007 -63.000928
  1.52000007 -61.477918
  1.53000007 -59.967582
  1.54000007 -58.469946
  1.55000007 -56.985161
  1.56000007 -55.513304
  1.57000007 -54.054341
  1.58000008 -52.608244
  1.59000008 -51.175028
  1.60000008 -49.754611
  1.61000008 -48.346966
  1.62000008 -46.951847
  1.63000008 -45.569491
  1.64000008 -44.200048
  1.65000008 -42.843885
  1.66000008 -41.501276
  1.67000008 -40.172575
  1.68000008 -38.858105
  1.69000008 -37.558195
  1.70000008 -36.270709
  1.71000008 -35.001071
  1.72000008 -33.747144
  1.73000008 -32.509402
  1.74000008 -31.288312
  1.75000008 -30.084312
  1.76000008 -28.897923
  1.77000008 -27.729722
  1.78000008 -26.580069
  1.79000009 -25.449695
  1.80000009 -24.338999
  1.81000009 -23.248506
  1.82000009 -22.178717
  1.83000009 -21.129902
  1.84000009 -20.102077
  1.85000009 -19.095124
  1.86000009 -18.108754
  1.87000009 -17.142952
  1.88000009 -16.197351
  1.89000009 -15.271846
  1.90000009 -14.364216
  1.91000009 -13.477748
  1.92000009 -12.61041
  1.93000009 -11.761741
  1.94000009 -10.931324
  1.95000009 -10.118894
  1.96000009 -9.324068
  1.97000009 -8.546371
  1.98000009 -7.78555
  1.99000009 -7.041217
  2.00000009 -6.313134
  2.0100001 -5.600962
  2.0200001 -4.904441
  2.0300001 -4.223396
  2.0400001 -3.557517
  2.0500001 -2.906819
  2.0600001 -2.2711
  2.0700001 -1.650293
  2.0800001 -1.044321
  2.0900001 -0.453097
  2.1000001  0.124518
  2.1100001  0.686278
  2.1200001  1.233393
  2.1300001  1.765916
  2.1400001  2.283913
  2.1500001  2.787461
  2.1600001  3.276653
  2.1700001  3.751613
  2.1800001  4.212487
  2.1900001  4.659448
  2.2000001  5.092689
  2.2100001  5.512437
  2.22000011  5.918934
  2.23000011  6.312449
  2.24000011  6.69314
  2.25000011  7.061169
  2.26000011  7.41668
  2.27000011  7.75984
  2.28000011  8.090806
  2.29000011  8.409737
  2.30000011  8.717431
  2.31000011  9.012675
  2.32000011  9.296264
  2.33000011  9.568359
  2.34000011  9.828846
  2.35000011  10.078016
  2.36000011  10.315777
  2.37000011  10.542091
  2.38000011  10.756972
  2.39000011  10.960535
  2.40000011  11.152585
  2.41000011  11.333146
  2.42000011  11.502099
  2.43000012  11.659411
  2.44000012  11.805015
  2.45000012  11.938956
  2.46000012  12.061327
  2.47000012  12.172021
  2.48000012  12.271088
  2.49000012  12.358656
  2.50000012  12.434882
  2.51000012  12.499525
  2.52000012  12.55277
  2.53000012  12.59479
  2.54000012  12.625708
  2.55000012  12.645641
  2.56000012  12.654728
  2.57000012  12.653109
  2.58000012  12.640849
  2.59000012  12.618175
  2.60000012  12.585222
  2.61000012  12.542043
  2.62000012  12.488797
  2.63000012  12.425652
  2.64000013  12.352666
  2.65000013  12.270165
  2.66000013  12.17822
  2.67000013  12.076989
  2.68000013  11.966778
  2.69000013  11.847668
  2.70000013  11.719477
  2.71000013  11.582918
  2.72000013  11.437836
  2.73000013  11.284295
  2.74000013  11.122529
  2.75000013  10.95269
  2.76000013  10.774751
  2.77000013  10.588911
  2.78000013  10.395305
  2.79000013  10.194048
  2.80000013  9.985369
  2.81000013  9.769341
  2.82000013  9.546203
  2.83000013  9.31616
  2.84000013  9.079394
  2.85000014  8.836118
  2.86000014  8.58656
  2.87000014  8.331003
  2.88000014  8.069665
  2.89000014  7.802939
  2.90000014  7.530334
  2.91000014  7.253262
  2.92000014  6.971529
  2.93000014  6.685228
  2.94000014  6.394619
  2.95000014  6.09999
  2.96000014  5.801521
  2.97000014  5.49941
  2.98000014  5.19385
  2.99000014  4.885023
  3.00000014  4.573085
  3.01000014  4.258208
  3.02000014  3.940545
  3.03000014  3.62024
  3.04000014  3.29744
  3.05000014  2.972345
  3.06000015  2.645148
  3.07000015  2.316064
  3.08000015  1.985307
  3.09000015  1.653074
  3.10000015  1.318967
  3.11000015  0.984503
  3.12000015  0.649277
  3.13000015  0.313564
  3.14000015 -0.022371
  3.15000015 -0.358255
  3.16000015 -0.693792
  3.17000015 -1.028682
  3.18000015 -1.36262
  3.19000015 -1.695288
  3.20000015 -2.026377
  3.21000015 -2.355562
  3.22000015 -2.682529
  3.23000015 -3.006973
  3.24000015 -3.328569
  3.25000015 -3.647008
  3.26000015 -3.961987
  3.27000016 -4.273205
  3.28000016 -4.580375
  3.29000016 -4.883223
  3.30000016 -5.182072
  3.31000016 -5.475488
  3.32000016 -5.763823
  3.33000016 -6.04686
  3.34000016 -6.324366
  3.35000016 -6.596151
  3.36000016 -6.861995
  3.37000016 -7.121705
  3.38000016 -7.375076
  3.39000016 -7.621916
  3.40000016 -7.862015
  3.41000016 -8.095171
  3.42000016 -8.321226
  3.43000016 -8.539799
  3.44000016 -8.750842
  3.45000016 -8.954209
  3.46000016 -9.149739
  3.47000016 -9.337439
  3.48000017 -9.517155
  3.49000017 -9.688863
  3.50000017 -9.85274
  3.51000017 -10.008082
  3.52000017 -10.155074
  3.53000017 -10.293626
  3.54000017 -10.423551
  3.55000017 -10.544743
  3.56000017 -10.65723
  3.57000017 -10.760719
  3.58000017 -10.855263
  3.59000017 -10.94069
  3.60000017 -11.016878
  3.61000017 -11.083835
  3.62000017 -11.141436
  3.63000017 -11.189576
  3.64000017 -11.228354
  3.65000017 -11.257666
  3.66000017 -11.277694
  3.67000017 -11.288655
  3.68000017 -11.290747
  3.69000018 -11.284064
  3.70000018 -11.268815
  3.71000018 -11.24524
  3.72000018 -11.213439
  3.73000018 -11.173641
  3.74000018 -11.125993
  3.75000018 -11.070701
  3.76000018 -11.007849
  3.77000018 -10.937677
  3.78000018 -10.860285
  3.79000018 -10.775752
  3.80000018 -10.684319
  3.81000018 -10.586038
  3.82000018 -10.481034
  3.83000018 -10.36942
  3.84000018 -10.251298
  3.85000018 -10.126777
  3.86000018 -9.996098
  3.87000018 -9.859474
  3.88000018 -9.716974
  3.89000018 -9.568885
  3.90000019 -9.415091
  3.91000019 -9.256365
  3.92000019 -9.092677
  3.93000019 -8.924228
  3.94000019 -8.751239
  3.95000019 -8.573961
  3.96000019 -8.39272
  3.97000019 -8.207554
  3.98000019 -8.018848
  3.99000019 -7.826831
  4.00000019 -7.631803
  4.01000019 -7.433973
  4.02000019 -7.233611
  4.03000019 -7.031022
  4.04000019 -6.826449
  4.05000019 -6.620096
  4.06000019 -6.412075
  4.07000019 -6.20271
  4.08000019 -5.992102
  4.09000019 -5.780432
  4.10000019 -5.567437
  4.1100002 -5.354073
  4.1200002 -5.14007
  4.1300002 -4.925571
  4.1400002 -4.710685
  4.1500002 -4.495544
  4.1600002 -4.280249
  4.1700002 -4.064931
  4.1800002 -3.849689
  4.1900002 -3.63466
  4.2000002 -3.419942
  4.2100002 -3.205665
  4.2200002 -2.991962
  4.2300002 -2.778971
  4.2400002 -2.566818
  4.2500002 -2.355669
  4.2600002 -2.14562
  4.2700002 -1.93679
  4.2800002 -1.729299
  4.2900002 -1.523253
  4.3000002 -1.318391
  4.3100002 -1.115631
  4.32000021 -0.914713
  4.33000021 -0.715759
  4.34000021 -0.51891
  4.35000021 -0.324278
  4.36000021 -0.132007
  4.37000021  0.057792
  4.38000021  0.245005
  4.39000021  0.429527
  4.40000021  0.611257
  4.41000021  0.790107
  4.42000021  0.965992
  4.43000021  1.138839
  4.44000021  1.30858
  4.45000021  1.475158
  4.46000021  1.638554
  4.47000021  1.798745
  4.48000021  1.955747
  4.49000021  2.109574
  4.50000021  2.260517
  4.51000021  2.407977
  4.52000021  2.552252
  4.53000022  2.693345
  4.54000022  2.83123
  4.55000022  2.965918
  4.56000022  3.097363
  4.57000022  3.225548
  4.58000022  3.350427
  4.59000022  3.471963
  4.60000022  3.590101
  4.61000022  3.704786
  4.62000022  3.815959
  4.63000022  3.923552
  4.64000022  4.027515
  4.65000022  4.127755
  4.66000022  4.224233
  4.67000022  4.316893
  4.68000022  4.405682
  4.69000022  4.490576
  4.70000022  4.57169
  4.71000022  4.648658
  4.72000022  4.721629
  4.73000022  4.790596
  4.74000023  4.855541
  4.75000023  4.916471
  4.76000023  4.973379
  4.77000023  5.02628
  4.78000023  5.075186
  4.79000023  5.120118
  4.80000023  5.161098
  4.81000023  5.198142
  4.82000023  5.231267
  4.83000023  5.260499
  4.84000023  5.285847
  4.85000023  5.307326
  4.86000023  5.324948
  4.87000023  5.338759
  4.88000023  5.348798
  4.89000023  5.355095
  4.90000023  5.357687
  4.91000023  5.356562
  4.92000023  5.351741
  4.93000023  5.343242
  4.94000023  5.331057
  4.95000024  5.315189
  4.96000024  5.295627
  4.97000024  5.272361
  4.98000024  5.24539
  4.99000024  5.2147
  5.00000024  5.18029
  5.01000024  5.142158
  5.02000024  5.100307
  5.03000024  5.054743
  5.04000024  5.005478
  5.05000024  4.952534
  5.06000024  4.895934
  5.07000024  4.835736
  5.08000024  4.771995
  5.09000024  4.70479
  5.10000024  4.634044
  5.11000024  4.560094
  5.12000024  4.482891
  5.13000024  4.402515
  5.14000024  4.319052
  5.15000024  4.232561
  5.16000025  4.143134
  5.17000025  4.050822
  5.18000025  3.95572
  5.19000025  3.857869
  5.20000025  3.757346
  5.21000025  3.654195
  5.22000025  3.548463
  5.23000025  3.440197
  5.24000025  3.329442
  5.25000025  3.216219
  5.26000025  3.100569
  5.27000025  2.982559
  5.28000025  2.862265
  5.29000025  2.73977
  5.30000025  2.614906
  5.31000025  2.488242
  5.32000025  2.359617
  5.33000025  2.229114
  5.34000025  2.096814
  5.35000025  1.962819
  5.36000025  1.827225
  5.37000026  1.690135
  5.38000026  1.55165
  5.39000026  1.411882
  5.40000026  1.270947
  5.41000026  1.128962
  5.42000026  0.986052
  5.43000026  0.842345
  5.44000026  0.697964
  5.45000026  0.553031
  5.46000026  0.407686
  5.47000026  0.262069
  5.48000026  0.116338
  5.49000026 -0.02935
  5.50000026 -0.175127
  5.51000026 -0.320274
  5.52000026 -0.464931
  5.53000026 -0.608965
  5.54000026 -0.752243
  5.55000026 -0.894635
  5.56000026 -1.036014
  5.57000026 -1.176272
  5.58000027 -1.315291
  5.59000027 -1.452956
  5.60000027 -1.589159
  5.61000027 -1.723798
  5.62000027 -1.856762
  5.63000027 -1.987935
  5.64000027 -2.11722
  5.65000027 -2.244503
  5.66000027 -2.369662
  5.67000027 -2.492611
  5.68000027 -2.613269
  5.69000027 -2.731556
  5.70000027 -2.847634
  5.71000027 -2.960943
  5.72000027 -3.07163
  5.73000027 -3.179608
  5.74000027 -3.284764
  5.75000027 -3.387007
  5.76000027 -3.486228
  5.77000027 -3.582328
  5.78000027 -3.675196
  5.79000028 -3.764737
  5.80000028 -3.850829
  5.81000028 -3.933377
  5.82000028 -4.01229
  5.83000028 -4.087456
  5.84000028 -4.158795
  5.85000028 -4.22621
  5.86000028 -4.289621
  5.87000028 -4.348969
  5.88000028 -4.404258
  5.89000028 -4.45552
  5.90000028 -4.502858
  5.91000028 -4.546089
  5.92000028 -4.585362
  5.93000028 -4.620688
  5.94000028 -4.652114
  5.95000028 -4.679651
  5.96000028 -4.703345
  5.97000028 -4.723215
  5.98000028 -4.739286
  5.99000028 -4.751595
  6.00000028 -4.760152
  6.01000029 -4.764981
  6.02000029 -4.766097
  6.03000029 -4.763509
  6.04000029 -4.757229
  6.05000029 -4.747254
  6.06000029 -4.733598
  6.07000029 -4.716267
  6.08000029 -4.695308
  6.09000029 -4.670781
  6.10000029 -4.642701
  6.11000029 -4.611217
  6.12000029 -4.576346
  6.13000029 -4.53815
  6.14000029 -4.496689
  6.15000029 -4.452042
  6.16000029 -4.404255
  6.17000029 -4.353406
  6.18000029 -4.299569
  6.19000029 -4.242834
  6.20000029 -4.183264
  6.21000029 -4.120941
  6.2200003 -4.05597
  6.2300003 -3.98842
  6.2400003 -3.918391
  6.2500003 -3.845957
  6.2600003 -3.77124
  6.2700003 -3.694309
  6.2800003 -3.615262
  6.2900003 -3.53422
  6.3000003 -3.451107
  6.3100003 -3.366356
  6.3200003 -3.279881
  6.3300003 -3.191811
  6.3400003 -3.1022
  6.3500003 -3.011165
  6.3600003 -2.918774
  6.3700003 -2.825111
  6.3800003 -2.730262
  6.3900003 -2.634295
  6.4000003 -2.537291
  6.4100003 -2.439324
  6.4200003 -2.340455
  6.43000031 -2.240777
  6.44000031 -2.140352
  6.45000031 -2.03925
  6.46000031 -1.937546
  6.47000031 -1.83533
  6.48000031 -1.732668
  6.49000031 -1.629639
  6.50000031 -1.526121
  6.51000031 -1.422598
  6.52000031 -1.318957
  6.53000031 -1.215287
  6.54000031 -1.111678
  6.55000031 -1.008208
  6.56000031 -0.904993
  6.57000031 -0.802119
  6.58000031 -0.699684
  6.59000031 -0.59777
  6.60000031 -0.496492
  6.61000031 -0.395937
  6.62000031 -0.296197
  6.63000031 -0.197364
  6.64000032 -0.099527
  6.65000032 -0.002771
  6.66000032  0.092819
  6.67000032  0.187165
  6.68000032  0.280208
  6.69000032  0.371919
  6.70000032  0.462448
  6.71000032  0.551416
  6.72000032  0.638981
  6.73000032  0.725125
  6.74000032  0.809831
  6.75000032  0.893086
  6.76000032  0.97487
  6.77000032  1.055176
  6.78000032  1.133983
  6.79000032  1.211276
  6.80000032  1.287044
  6.81000032  1.361255
  6.82000032  1.433913
  6.83000032  1.504971
  6.84000032  1.574424
  6.85000033  1.642232
  6.86000033  1.708376
  6.87000033  1.772815
  6.88000033  1.835517
  6.89000033  1.896473
  6.90000033  1.955769
  6.91000033  2.013141
  6.92000033  2.06868
  6.93000033  2.122372
  6.94000033  2.174175
  6.95000033  2.224076
  6.96000033  2.27203
  6.97000033  2.318022
  6.98000033  2.362024
  6.99000033  2.404
  7.00000033  2.443937
  7.01000033  2.481811
  7.02000033  2.517592
  7.03000033  2.551266
  7.04000033  2.58282
  7.05000033  2.612227
  7.06000034  2.639478
  7.07000034  2.664557
  7.08000034  2.68746
  7.09000034  2.708194
  7.10000034  2.726821
  7.11000034  2.743247
  7.12000034  2.757557
  7.13000034  2.76975
  7.14000034  2.779851
  7.15000034  2.787869
  7.16000034  2.793832
  7.17000034  2.797753
  7.18000034  2.799656
  7.19000034  2.799549
  7.20000034  2.797453
  7.21000034  2.793394
  7.22000034  2.787381
  7.23000034  2.77943
  7.24000034  2.769564
  7.25000034  2.757796
  7.26000034  2.74414
  7.27000035  2.728619
  7.28000035  2.711228
  7.29000035  2.692014
  7.30000035  2.670969
  7.31000035  2.648197
  7.32000035  2.623705
  7.33000035  2.597518
  7.34000035  2.569672
  7.35000035  2.540192
  7.36000035  2.509113
  7.37000035  2.476454
  7.38000035  2.442262
  7.39000035  2.406538
  7.40000035  2.369324
  7.41000035  2.330636
  7.42000035  2.29051
  7.43000035  2.248957
  7.44000035  2.206004
  7.45000035  2.161683
  7.46000035  2.116011
  7.47000035  2.069008
  7.48000036  2.020717
  7.49000036  1.971141
  7.50000036  1.92023
  7.51000036  1.868207
  7.52000036  1.815002
  7.53000036  1.760647
  7.54000036  1.705187
  7.55000036  1.64864
  7.56000036  1.591052
  7.57000036  1.532462
  7.58000036  1.4729
  7.59000036  1.412408
  7.60000036  1.351017
  7.61000036  1.28877
  7.62000036  1.22571
  7.63000036  1.161859
  7.64000036  1.097278
  7.65000036  1.03198
  7.66000036  0.966023
  7.67000036  0.899424
  7.68000036  0.832242
  7.69000037  0.7645
  7.70000037  0.696144
  7.71000037  0.627494
  7.72000037  0.558465
  7.73000037  0.48913
  7.74000037  0.419546
  7.75000037  0.349771
  7.76000037  0.279863
  7.77000037  0.209879
  7.78000037  0.139881
  7.79000037  0.069924
  7.80000037  7.E-05
  7.81000037 -0.069622
  7.82000037 -0.139092
  7.83000037 -0.208279
  7.84000037 -0.277121
  7.85000037 -0.345556
  7.86000037 -0.413522
  7.87000037 -0.480956
  7.88000037 -0.547793
  7.89000037 -0.613975
  7.90000038 -0.679582
  7.91000038 -0.744303
  7.92000038 -0.80822
  7.93000038 -0.871286
  7.94000038 -0.933458
  7.95000038 -0.994685
  7.96000038 -1.054929
  7.97000038 -1.114133
  7.98000038 -1.17228
  7.99000038 -1.229303
  8.00000038 -1.285187
  8.01000038 -1.33989
  8.02000038 -1.393361
  8.03000038 -1.445591
  8.04000038 -1.496521
  8.05000038 -1.546148
  8.06000038 -1.594425
  8.07000038 -1.641315
  8.08000038 -1.686802
  8.09000038 -1.730856
  8.10000038 -1.773544
  8.11000039 -1.814695
  8.12000039 -1.854383
  8.13000039 -1.892606
  8.14000039 -1.929348
  8.15000039 -1.964586
  8.16000039 -1.998322
  8.17000039 -2.030533
  8.18000039 -2.061184
  8.19000039 -2.090268
  8.20000039 -2.117756
  8.21000039 -2.143612
  8.22000039 -2.167821
  8.23000039 -2.190333
  8.24000039 -2.211138
  8.25000039 -2.230199
  8.26000039 -2.247474
  8.27000039 -2.262944
  8.28000039 -2.276576
  8.29000039 -2.288339
  8.30000039 -2.298251
  8.31000039 -2.306257
  8.3200004 -2.312387
  8.3300004 -2.316647
  8.3400004 -2.319047
  8.3500004 -2.319596
  8.3600004 -2.318298
  8.3700004 -2.315174
  8.3800004 -2.310239
  8.3900004 -2.303514
  8.4000004 -2.295014
  8.4100004 -2.284767
  8.4200004 -2.272789
  8.4300004 -2.259119
  8.4400004 -2.24377
  8.4500004 -2.22677
  8.4600004 -2.208139
  8.4700004 -2.187902
  8.4800004 -2.166081
  8.4900004 -2.142699
  8.5000004 -2.117743
  8.5100004 -2.091357
  8.5200004 -2.063553
  8.53000041 -2.034362
  8.54000041 -2.003834
  8.55000041 -1.972015
  8.56000041 -1.938942
  8.57000041 -1.904656
  8.58000041 -1.869201
  8.59000041 -1.832601
  8.60000041 -1.794898
  8.61000041 -1.756127
  8.62000041 -1.716328
  8.63000041 -1.675527
  8.64000041 -1.633766
  8.65000041 -1.591082
  8.66000041 -1.547506
  8.67000041 -1.503077
  8.68000041 -1.457844
  8.69000041 -1.411829
  8.70000041 -1.365
  8.71000041 -1.317564
  8.72000041 -1.269474
  8.73000041 -1.220793
  8.74000042 -1.171544
  8.75000042 -1.121778
  8.76000042 -1.071545
  8.77000042 -1.020875
  8.78000042 -0.969825
  8.79000042 -0.918435
  8.80000042 -0.866742
  8.81000042 -0.814792
  8.82000042 -0.762632
  8.83000042 -0.710288
  8.84000042 -0.657822
  8.85000042 -0.605251
  8.86000042 -0.552633
  8.87000042 -0.499997
  8.88000042 -0.447384
  8.89000042 -0.394832
  8.90000042 -0.342277
  8.91000042 -0.28995
  8.92000042 -0.237777
  8.93000042 -0.185788
  8.94000042 -0.134012
  8.95000043 -0.082479
  8.96000043 -0.031224
  8.97000043  0.019722
  8.98000043  0.070321
  8.99000043  0.120538
  9.00000043  0.170334
  9.01000043  0.219672
  9.02000043  0.268511
  9.03000043  0.31681
  9.04000043  0.364531
  9.05000043  0.411632
  9.06000043  0.458074
  9.07000043  0.503817
  9.08000043  0.548825
  9.09000043  0.59306
  9.10000043  0.636573
  9.11000043  0.679165
  9.12000043  0.720899
  9.13000043  0.761753
  9.14000043  0.801707
  9.15000043  0.840742
  9.16000044  0.878848
  9.17000044  0.916011
  9.18000044  0.952216
  9.19000044  0.987446
  9.20000044  1.021707
  9.21000044  1.054982
  9.22000044  1.087259
  9.23000044  1.118546
  9.24000044  1.148823
  9.25000044  1.178085
  9.26000044  1.206324
  9.27000044  1.23352
  9.28000044  1.259664
  9.29000044  1.28475
  9.30000044  1.308813
  9.31000044  1.331733
  9.32000044  1.353573
  9.33000044  1.374326
  9.34000044  1.394
  9.35000044  1.412577
  9.36000044  1.430055
  9.37000045  1.446421
  9.38000045  1.461675
  9.39000045  1.475809
  9.40000045  1.488801
  9.41000045  1.500648
  9.42000045  1.511347
  9.43000045  1.520887
  9.44000045  1.529253
  9.45000045  1.536452
  9.46000045  1.54247
  9.47000045  1.547318
  9.48000045  1.550983
  9.49000045  1.553479
  9.50000045  1.5548
  9.51000045  1.554958
  9.52000045  1.553969
  9.53000045  1.551848
  9.54000045  1.548616
  9.55000045  1.544282
  9.56000045  1.538861
  9.57000045  1.532386
  9.58000046  1.524854
  9.59000046  1.516298
  9.60000046  1.506719
  9.61000046  1.496141
  9.62000046  1.484569
  9.63000046  1.472016
  9.64000046  1.45849
  9.65000046  1.443997
  9.66000046  1.428556
  9.67000046  1.412153
  9.68000046  1.394794
  9.69000046  1.376483
  9.70000046  1.357193
  9.71000046  1.336983
  9.72000046  1.315858
  9.73000046  1.29382
  9.74000046  1.270893
  9.75000046  1.247094
  9.76000046  1.222444
  9.77000046  1.196973
  9.78000046  1.170699
  9.79000047  1.143638
  9.80000047  1.115822
  9.81000047  1.087285
  9.82000047  1.058046
  9.83000047  1.028154
  9.84000047  0.99762
  9.85000047  0.966492
  9.86000047  0.934802
  9.87000047  0.902587
  9.88000047  0.869883
  9.89000047  0.836724
  9.90000047  0.803089
  9.91000047  0.769135
  9.92000047  0.734829
  9.93000047  0.700204
  9.94000047  0.665292
  9.95000047  0.630111
  9.96000047  0.594686
  9.97000047  0.559046
  9.98000047  0.523209
  9.99000047  0.487195
  10.0000005  0.451018
  10.0100005  0.414697
  10.0200005  0.378243
  10.0300005  0.341671
  10.0400005  0.304991
  10.0500005  0.268214
  10.0600005  0.231351
  10.0700005  0.194413
  10.0800005  0.157411
  10.0900005  0.120357
  10.1000005  0.083263
  10.1100005  0.046146
  10.1200005  0.009026
  10.1300005 -0.028068
  10.1400005 -0.065107
  10.1500005 -0.102065
  10.1600005 -0.138907
  10.1700005 -0.175603
  10.1800005 -0.212115
  10.1900005 -0.24841
  10.2000005 -0.28445
  10.2100005 -0.320197
  10.2200005 -0.355612
  10.2300005 -0.390657
  10.2400005 -0.425293
  10.2500005 -0.459482
  10.2600005 -0.493185
  10.2700005 -0.526365
  10.2800005 -0.558987
  10.2900005 -0.591016
  10.3000005 -0.622417
  10.3100005 -0.653162
  10.3200005 -0.683228
  10.3300005 -0.712603
  10.3400005 -0.741279
  10.3500005 -0.769235
  10.3600005 -0.796467
  10.3700005 -0.822964
  10.3800005 -0.848717
  10.3900005 -0.873723
  10.4000005 -0.897966
  10.4100005 -0.921446
  10.4200005 -0.944149
  10.4300005 -0.966071
  10.4400005 -0.987195
  10.4500005 -1.007523
  10.4600005 -1.027032
  10.4700005 -1.045711
  10.4800005 -1.063549
  10.4900005 -1.080535
  10.5000005 -1.096642
  10.5100005 -1.111856
  10.5200005 -1.126174
  10.5300005 -1.139585
  10.5400005 -1.152091
  10.5500005 -1.163677
  10.5600005 -1.174339
  10.5700005 -1.184084
  10.5800005 -1.19289
  10.5900005 -1.20076
  10.6000005 -1.207698
  10.6100005 -1.213688
  10.6200005 -1.21873
  10.6300005 -1.222835
  10.6400005 -1.22599
  10.6500005 -1.228203
  10.6600005 -1.229479
  10.6700005 -1.229813
  10.6800005 -1.229231
  10.6900005 -1.227716
  10.7000005 -1.225297
  10.7100005 -1.221967
  10.7200005 -1.217747
  10.7300005 -1.212653
  10.7400005 -1.206708
  10.7500005 -1.199929
  10.7600005 -1.192331
  10.7700005 -1.183936
  10.7800005 -1.174758
  10.7900005 -1.164816
  10.8000005 -1.154122
  10.8100005 -1.142691
  10.8200005 -1.130538
  10.8300005 -1.117668
  10.8400005 -1.104097
  10.8500005 -1.089824
  10.8600005 -1.074866
  10.8700005 -1.059231
  10.8800005 -1.042904
  10.8900005 -1.025911
  10.9000005 -1.008242
  10.9100005 -0.98991
  10.9200005 -0.970918
  10.9300005 -0.95128
  10.9400005 -0.931014
  10.9500005 -0.910135
  10.9600005 -0.888678
  10.9700005 -0.866643
  10.9800005 -0.844061
  10.9900005 -0.820948
  11.0000005 -0.79686
  11.0100005 -0.772757
  11.0200005 -0.748191
  11.0300005 -0.723195
  11.0400005 -0.697788
  11.0500005 -0.672004
  11.0600005 -0.645875
  11.0700005 -0.619423
  11.0800005 -0.592677
  11.0900005 -0.565669
  11.1000005 -0.538425
  11.1100005 -0.510975
  11.1200005 -0.483348
  11.1300005 -0.455566
  11.1400005 -0.427652
  11.1500005 -0.399628
  11.1600005 -0.371514
  11.1700005 -0.343333
  11.1800005 -0.315102
  11.1900005 -0.286841
  11.2000005 -0.258569
  11.2100005 -0.230302
  11.2200005 -0.202058
  11.2300005 -0.173853
  11.2400005 -0.145704
  11.2500005 -0.117628
  11.2600005 -0.089641
  11.2700005 -0.061759
  11.2800005 -0.033999
  11.2900005 -0.006377
  11.3000005  0.021088
  11.3100005  0.048378
  11.3200005  0.075476
  11.3300005  0.102363
  11.3400005  0.129025
  11.3500005  0.155445
  11.3600005  0.181605
  11.3700005  0.207488
  11.3800005  0.233074
  11.3900005  0.258346
  11.4000005  0.283285
  11.4100005  0.307873
  11.4200005  0.332091
  11.4300005  0.35592
  11.4400005  0.379344
  11.4500005  0.402343
  11.4600005  0.424904
  11.4700005  0.447008
  11.4800005  0.468641
  11.4900005  0.48979
  11.5000005  0.51044
  11.5100005  0.53058
  11.5200005  0.550199
  11.5300005  0.569289
  11.5400005  0.587846
  11.5500005  0.605866
  11.5600005  0.623347
  11.5700005  0.640286
  11.5800006  0.65668
  11.5900006  0.672527
  11.6000006  0.687823
  11.6100006  0.702565
  11.6200006  0.716751
  11.6300006  0.730376
  11.6400006  0.743431
  11.6500006  0.755904
  11.6600006  0.76781
  11.6700006  0.77912
  11.6800006  0.789835
  11.6900006  0.799937
  11.7000006  0.809418
  11.7100006  0.818269
  11.7200006  0.82648
  11.7300006  0.834033
  11.7400006  0.840921
  11.7500006  0.847164
  11.7600006  0.852748
  11.7700006  0.857671
  11.7800006  0.86193
  11.7900006  0.865525
  11.8000006  0.868455
  11.8100006  0.870717
  11.8200006  0.872317
  11.8300006  0.873259
  11.8400006  0.873548
  11.8500006  0.873174
  11.8600006  0.872154
  11.8700006  0.870493
  11.8800006  0.868192
  11.8900006  0.865265
  11.9000006  0.861717
  11.9100006  0.857558
  11.9200006  0.852793
  11.9300006  0.847443
  11.9400006  0.841507
  11.9500006  0.835018
  11.9600006  0.827968
  11.9700006  0.820388
  11.9800006  0.812281
  11.9900006  0.803663
  12.0000006  0.794542
  12.0100006  0.784934
  12.0200006  0.774836
  12.0300006  0.764268
  12.0400006  0.753235
  12.0500006  0.741745
  12.0600006  0.729803
  12.0700006  0.717409
  12.0800006  0.704569
  12.0900006  0.691292
  12.1000006  0.677583
  12.1100006  0.663441
  12.1200006  0.648874
  12.1300006  0.633887
  12.1400006  0.61849
  12.1500006  0.602692
  12.1600006  0.586506
  12.1700006  0.569942
  12.1800006  0.553014
  12.1900006  0.535736
  12.2000006  0.51812
  12.2100006  0.500185
  12.2200006  0.481945
  12.2300006  0.463415
  12.2400006  0.444614
  12.2500006  0.425558
  12.2600006  0.406265
  12.2700006  0.386753
  12.2800006  0.367039
  12.2900006  0.347139
  12.3000006  0.327072
  12.3100006  0.306852
  12.3200006  0.286495
  12.3300006  0.266017
  12.3400006  0.245433
  12.3500006  0.224763
  12.3600006  0.204019
  12.3700006  0.183221
  12.3800006  0.16238
  12.3900006  0.141514
  12.4000006  0.120633
  12.4100006  0.099752
  12.4200006  0.078884
  12.4300006  0.058042
  12.4400006  0.037238
  12.4500006  0.016485
  12.4600006 -0.004202
  12.4700006 -0.024811
  12.4800006 -0.045326
  12.4900006 -0.065732
  12.5000006 -0.086013
  12.5100006 -0.106153
  12.5200006 -0.126134
  12.5300006 -0.145937
  12.5400006 -0.165547
  12.5500006 -0.184949
  12.5600006 -0.204127
  12.5700006 -0.223065
  12.5800006 -0.241747
  12.5900006 -0.260158
  12.6000006 -0.278283
  12.6100006 -0.296104
  12.6200006 -0.313608
  12.6300006 -0.330781
  12.6400006 -0.347608
  12.6500006 -0.364078
  12.6600006 -0.380179
  12.6700006 -0.395901
  12.6800006 -0.411233
  12.6900006 -0.426167
  12.7000006 -0.440694
  12.7100006 -0.454808
  12.7200006 -0.4685
  12.7300006 -0.481767
  12.7400006 -0.494605
  12.7500006 -0.507018
  12.7600006 -0.519012
  12.7700006 -0.53059
  12.7800006 -0.541756
  12.7900006 -0.552512
  12.8000006 -0.56286
  12.8100006 -0.5728
  12.8200006 -0.582332
  12.8300006 -0.591453
  12.8400006 -0.60016
  12.8500006 -0.608448
  12.8600006 -0.616312
  12.8700006 -0.623745
  12.8800006 -0.630738
  12.8900006 -0.637283
  12.9000006 -0.643372
  12.9100006 -0.648993
  12.9200006 -0.654139
  12.9300006 -0.658799
  12.9400006 -0.662964
  12.9500006 -0.666626
  12.9600006 -0.669777
  12.9700006 -0.67241
  12.9800006 -0.67452
  12.9900006 -0.676103
  13.0000006 -0.677181
  13.0100006 -0.677696
  13.0200006 -0.677681
  13.0300006 -0.677141
  13.0400006 -0.67608
  13.0500006 -0.674501
  13.0600006 -0.672413
  13.0700006 -0.669823
  13.0800006 -0.666739
  13.0900006 -0.66317
  13.1000006 -0.659125
  13.1100006 -0.654613
  13.1200006 -0.649641
  13.1300006 -0.644217
  13.1400006 -0.63835
  13.1500006 -0.632057
  13.1600006 -0.625353
  13.1700006 -0.618255
  13.1800006 -0.610776
  13.1900006 -0.602928
  13.2000006 -0.594721
  13.2100006 -0.586164
  13.2200006 -0.577265
  13.2300006 -0.568029
  13.2400006 -0.558462
  13.2500006 -0.548565
  13.2600006 -0.538343
  13.2700006 -0.527798
  13.2800006 -0.516932
  13.2900006 -0.505746
  13.3000006 -0.494244
  13.3100006 -0.482429
  13.3200006 -0.470302
  13.3300006 -0.457869
  13.3400006 -0.445136
  13.3500006 -0.432109
  13.3600006 -0.418798
  13.3700006 -0.405212
  13.3800006 -0.391362
  13.3900006 -0.377262
  13.4000006 -0.362925
  13.4100006 -0.348366
  13.4200006 -0.3336
  13.4300006 -0.318644
  13.4400006 -0.303515
  13.4500006 -0.288229
  13.4600006 -0.272806
  13.4700006 -0.257262
  13.4800006 -0.241615
  13.4900006 -0.225881
  13.5000006 -0.210079
  13.5100006 -0.194224
  13.5200006 -0.17833
  13.5300006 -0.162414
  13.5400006 -0.14649
  13.5500006 -0.13057
  13.5600006 -0.114666
  13.5700006 -0.09879
  13.5800006 -0.082953
  13.5900006 -0.067165
  13.6000006 -0.051436
  13.6100006 -0.035775
  13.6200006 -0.020192
  13.6300006 -0.004698
  13.6400006  0.010701
  13.6500006  0.025992
  13.6600006  0.041167
  13.6700006  0.056215
  13.6800006  0.071126
  13.6900007  0.085889
  13.7000007  0.100493
  13.7100007  0.114927
  13.7200007  0.129179
  13.7300007  0.143237
  13.7400007  0.15709
  13.7500007  0.170727
  13.7600007  0.184144
  13.7700007  0.197334
  13.7800007  0.210291
  13.7900007  0.22301
  13.8000007  0.235487
  13.8100007  0.247717
  13.8200007  0.259695
  13.8300007  0.271418
  13.8400007  0.282883
  13.8500007  0.294085
  13.8600007  0.305023
  13.8700007  0.315695
  13.8800007  0.326099
  13.8900007  0.336231
  13.9000007  0.346091
  13.9100007  0.355676
  13.9200007  0.364984
  13.9300007  0.374012
  13.9400007  0.382758
  13.9500007  0.391218
  13.9600007  0.399389
  13.9700007  0.407268
  13.9800007  0.414849
  13.9900007  0.422128
  14.0000007  0.4291
  14.0100007  0.435756
  14.0200007  0.442095
  14.0300007  0.448105
  14.0400007  0.453781
  14.0500007  0.459116
  14.0600007  0.4641
  14.0700007  0.468728
  14.0800007  0.472992
  14.0900007  0.476884
  14.1000007  0.480398
  14.1100007  0.483528
  14.1200007  0.486267
  14.1300007  0.48861
  14.1400007  0.490552
  14.1500007  0.492091
  14.1600007  0.493231
  14.1700007  0.493977
  14.1800007  0.494335
  14.1900007  0.494315
  14.2000007  0.493921
  14.2100007  0.493162
  14.2200007  0.492046
  14.2300007  0.490581
  14.2400007  0.488774
  14.2500007  0.486633
  14.2600007  0.484167
  14.2700007  0.481381
  14.2800007  0.478284
  14.2900007  0.47488
  14.3000007  0.471176
  14.3100007  0.467177
  14.3200007  0.462889
  14.3300007  0.458318
  14.3400007  0.453464
  14.3500007  0.448334
  14.3600007  0.44293
  14.3700007  0.437254
  14.3800007  0.431311
  14.3900007  0.425102
  14.4000007  0.418631
  14.4100007  0.4119
  14.4200007  0.404912
  14.4300007  0.397671
  14.4400007  0.390181
  14.4500007  0.382445
  14.4600007  0.374469
  14.4700007  0.366259
  14.4800007  0.357817
  14.4900007  0.349151
  14.5000007  0.340265
  14.5100007  0.331167
  14.5200007  0.321861
  14.5300007  0.312355
  14.5400007  0.302653
  14.5500007  0.292762
  14.5600007  0.282691
  14.5700007  0.272451
  14.5800007  0.262052
  14.5900007  0.251506
  14.6000007  0.240821
  14.6100007  0.230007
  14.6200007  0.219073
  14.6300007  0.208027
  14.6400007  0.196878
  14.6500007  0.185632
  14.6600007  0.174296
  14.6700007  0.16288
  14.6800007  0.151389
  14.6900007  0.139832
  14.7000007  0.128215
  14.7100007  0.116548
  14.7200007  0.104837
  14.7300007  0.093094
  14.7400007  0.081327
  14.7500007  0.069546
  14.7600007  0.057762
  14.7700007  0.045983
  14.7800007  0.034215
  14.7900007  0.02247
  14.8000007  0.010758
  14.8100007 -0.000913
  14.8200007 -0.012529
  14.8300007 -0.024081
  14.8400007 -0.035556
  14.8500007 -0.046944
  14.8600007 -0.058232
  14.8700007 -0.069409
  14.8800007 -0.080464
  14.8900007 -0.091388
  14.9000007 -0.102172
  14.9100007 -0.112806
  14.9200007 -0.123283
  14.9300007 -0.133597
  14.9400007 -0.143742
  14.9500007 -0.153714
  14.9600007 -0.163509
  14.9700007 -0.173123
  14.9800007 -0.182553
  14.9900007 -0.191798
  15.0000007 -0.201036
  15.0100007 -0.209901
  15.0200007 -0.218575
  15.0300007 -0.227058
  15.0400007 -0.23535
  15.0500007 -0.24345
  15.0600007 -0.251355
  15.0700007 -0.259062
  15.0800007 -0.266572
  15.0900007 -0.273879
  15.1000007 -0.28098
  15.1100007 -0.287868
  15.1200007 -0.294538
  15.1300007 -0.300983
  15.1400007 -0.307193
  15.1500007 -0.313161
  15.1600007 -0.318878
  15.1700007 -0.324341
  15.1800007 -0.329547
  15.1900007 -0.334491
  15.2000007 -0.339173
  15.2100007 -0.343588
  15.2200007 -0.347732
  15.2300007 -0.351603
  15.2400007 -0.355198
  15.2500007 -0.358515
  15.2600007 -0.361549
  15.2700007 -0.364303
  15.2800007 -0.366775
  15.2900007 -0.368963
  15.3000007 -0.370869
  15.3100007 -0.372496
  15.3200007 -0.373843
  15.3300007 -0.374915
  15.3400007 -0.375714
  15.3500007 -0.376242
  15.3600007 -0.376505
  15.3700007 -0.376506
  15.3800007 -0.37625
  15.3900007 -0.37574
  15.4000007 -0.374982
  15.4100007 -0.373979
  15.4200007 -0.372736
  15.4300007 -0.371255
  15.4400007 -0.369541
  15.4500007 -0.367594
  15.4600007 -0.365418
  15.4700007 -0.363013
  15.4800007 -0.360383
  15.4900007 -0.357527
  15.5000007 -0.354446
  15.5100007 -0.35114
  15.5200007 -0.347609
  15.5300007 -0.343855
  15.5400007 -0.339876
  15.5500007 -0.335672
  15.5600007 -0.331244
  15.5700007 -0.326594
  15.5800007 -0.321725
  15.5900007 -0.316643
  15.6000007 -0.311349
  15.6100007 -0.30585
  15.6200007 -0.30015
  15.6300007 -0.294253
  15.6400007 -0.288164
  15.6500007 -0.281889
  15.6600007 -0.275432
  15.6700007 -0.268799
  15.6800007 -0.261995
  15.6900007 -0.255025
  15.7000007 -0.247894
  15.7100007 -0.240608
  15.7200007 -0.233171
  15.7300007 -0.225588
  15.7400007 -0.217863
  15.7500007 -0.210004
  15.7600007 -0.202011
  15.7700007 -0.193893
  15.7800007 -0.185658
  15.7900007 -0.177312
  15.8000008 -0.168864
  15.8100008 -0.160321
  15.8200008 -0.151693
  15.8300008 -0.142986
  15.8400008 -0.134212
  15.8500008 -0.125377
  15.8600008 -0.116492
  15.8700008 -0.107566
  15.8800008 -0.098609
  15.8900008 -0.089632
  15.9000008 -0.080645
  15.9100008 -0.071658
  15.9200008 -0.062684
  15.9300008 -0.053733
  15.9400008 -0.044815
  15.9500008 -0.035942
  15.9600008 -0.027125
  15.9700008 -0.018372
  15.9800008 -0.009689
  15.9900008 -0.001081
  16.0000008  0.00745
  16.0100008  0.015898
  16.0200008  0.024262
  16.0300008  0.032539
  16.0400008  0.040727
  16.0500008  0.048826
  16.0600008  0.056835
  16.0700008  0.064753
  16.0800008  0.07258
  16.0900008  0.080319
  16.1000008  0.087968
  16.1100008  0.095529
  16.1200008  0.103001
  16.1300008  0.110388
  16.1400008  0.117686
  16.1500008  0.124897
  16.1600008  0.13202
  16.1700008  0.139052
  16.1800008  0.145989
  16.1900008  0.152827
  16.2000008  0.15956
  16.2100008  0.166182
  16.2200008  0.172684
  16.2300008  0.179061
  16.2400008  0.185301
  16.2500008  0.191398
  16.2600008  0.197341
  16.2700008  0.203121
  16.2800008  0.208727
  16.2900008  0.214149
  16.3000008  0.21938
  16.3100008  0.224408
  16.3200008  0.229227
  16.3300008  0.233827
  16.3400008  0.238201
  16.3500008  0.242343
  16.3600008  0.246248
  16.3700008  0.249911
  16.3800008  0.253333
  16.3900008  0.256515
  16.4000008  0.259459
  16.4100008  0.262173
  16.4200008  0.264658
  16.4300008  0.26692
  16.4400008  0.268965
  16.4500008  0.2708
  16.4600008  0.272428
  16.4700008  0.273857
  16.4800008  0.275093
  16.4900008  0.276141
  16.5000008  0.277005
  16.5100008  0.27769
  16.5200008  0.2782
  16.5300008  0.278536
  16.5400008  0.2787
  16.5500008  0.278693
  16.5600008  0.278516
  16.5700008  0.278168
  16.5800008  0.277648
  16.5900008  0.276957
  16.6000008  0.276097
  16.6100008  0.275066
  16.6200008  0.273864
  16.6300008  0.27249
  16.6400008  0.270944
  16.6500008  0.269225
  16.6600008  0.26733
  16.6700008  0.265262
  16.6800008  0.263019
  16.6900008  0.260602
  16.7000008  0.258014
  16.7100008  0.255253
  16.7200008  0.252325
  16.7300008  0.249231
  16.7400008  0.245976
  16.7500008  0.242563
  16.7600008  0.238997
  16.7700008  0.235285
  16.7800008  0.231429
  16.7900008  0.227433
  16.8000008  0.223301
  16.8100008  0.219034
  16.8200008  0.214637
  16.8300008  0.210112
  16.8400008  0.205462
  16.8500008  0.200691
  16.8600008  0.195799
  16.8700008  0.190789
  16.8800008  0.185662
  16.8900008  0.18042
  16.9000008  0.175062
  16.9100008  0.169591
  16.9200008  0.164006
  16.9300008  0.158306
  16.9400008  0.152491
  16.9500008  0.146562
  16.9600008  0.140517
  16.9700008  0.134357
  16.9800008  0.128083
  16.9900008  0.121705
  17.0000008  0.115103
  17.0100008  0.108542
  17.0200008  0.101906
  17.0300008  0.095205
  17.0400008  0.088449
  17.0500008  0.081649
  17.0600008  0.074814
  17.0700008  0.067957
  17.0800008  0.061086
  17.0900008  0.054214
  17.1000008  0.04735
  17.1100008  0.040504
  17.1200008  0.033689
  17.1300008  0.026912
  17.1400008  0.020183
  17.1500008  0.013513
  17.1600008  0.006911
  17.1700008  0.000385
  17.1800008 -0.006057
  17.1900008 -0.012417
  17.2000008 -0.018696
  17.2100008 -0.024897
  17.2200008 -0.031023
  17.2300008 -0.037076
  17.2400008 -0.043057
  17.2500008 -0.048969
  17.2600008 -0.054813
  17.2700008 -0.060588
  17.2800008 -0.066296
  17.2900008 -0.071936
  17.3000008 -0.077507
  17.3100008 -0.083007
  17.3200008 -0.088435
  17.3300008 -0.093786
  17.3400008 -0.099058
  17.3500008 -0.104249
  17.3600008 -0.109353
  17.3700008 -0.114367
  17.3800008 -0.119288
  17.3900008 -0.124108
  17.4000008 -0.128819
  17.4100008 -0.133414
  17.4200008 -0.137885
  17.4300008 -0.142226
  17.4400008 -0.146432
  17.4500008 -0.150501
  17.4600008 -0.154429
  17.4700008 -0.158214
  17.4800008 -0.161856
  17.4900008 -0.165357
  17.5000008 -0.168717
  17.5100008 -0.17194
  17.5200008 -0.175029
  17.5300008 -0.177989
  17.5400008 -0.180823
  17.5500008 -0.183536
  17.5600008 -0.186133
  17.5700008 -0.188615
  17.5800008 -0.190989
  17.5900008 -0.193257
  17.6000008 -0.195425
  17.6100008 -0.197496
  17.6200008 -0.199474
  17.6300008 -0.201359
  17.6400008 -0.203149
  17.6500008 -0.204841
  17.6600008 -0.206433
  17.6700008 -0.207917
  17.6800008 -0.209286
  17.6900008 -0.210532
  17.7000008 -0.211646
  17.7100008 -0.212616
  17.7200008 -0.213431
  17.7300008 -0.214082
  17.7400008 -0.214555
  17.7500008 -0.214841
  17.7600008 -0.214931
  17.7700008 -0.214814
  17.7800008 -0.214485
  17.7900008 -0.213937
  17.8000008 -0.21317
  17.8100008 -0.212183
  17.8200008 -0.210979
  17.8300008 -0.209564
  17.8400008 -0.207941
  17.8500008 -0.20612
  17.8600008 -0.20411
  17.8700008 -0.201921
  17.8800008 -0.199567
  17.8900008 -0.197059
  17.9000009 -0.194411
  17.9100009 -0.191637
  17.9200009 -0.18875
  17.9300009 -0.185762
  17.9400009 -0.182687
  17.9500009 -0.179533
  17.9600009 -0.176313
  17.9700009 -0.173033
  17.9800009 -0.169699
  17.9900009 -0.166315
  18.0000009 -0.162886
  18.0100009 -0.159413
  18.0200009 -0.155898
  18.0300009 -0.152336
  18.0400009 -0.148725
  18.0500009 -0.145061
  18.0600009 -0.141339
  18.0700009 -0.137551
  18.0800009 -0.133692
  18.0900009 -0.129753
  18.1000009 -0.125729
  18.1100009 -0.121615
  18.1200009 -0.117405
  18.1300009 -0.113097
  18.1400009 -0.108689
  18.1500009 -0.10418
  18.1600009 -0.099574
  18.1700009 -0.094874
  18.1800009 -0.090085
  18.1900009 -0.085217
  18.2000009 -0.080275
  18.2100009 -0.07527
  18.2200009 -0.070212
  18.2300009 -0.065111
  18.2400009 -0.05998
  18.2500009 -0.054833
  18.2600009 -0.049683
  18.2700009 -0.044541
  18.2800009 -0.039421
  18.2900009 -0.034334
  18.3000009 -0.029291
  18.3100009 -0.024299
  18.3200009 -0.019367
  18.3300009 -0.014499
  18.3400009 -0.009698
  18.3500009 -0.004966
  18.3600009 -0.000303
  18.3700009  0.004295
  18.3800009  0.008832
  18.3900009  0.013313
  18.4000009  0.017743
  18.4100009  0.022128
  18.4200009  0.026474
  18.4300009  0.030788
  18.4400009  0.035074
  18.4500009  0.03934
  18.4600009  0.043591
  18.4700009  0.04783
  18.4800009  0.05206
  18.4900009  0.056283
  18.5000009  0.060499
  18.5100009  0.064704
  18.5200009  0.068897
  18.5300009  0.073069
  18.5400009  0.077215
  18.5500009  0.081323
  18.5600009  0.085385
  18.5700009  0.089388
  18.5800009  0.093319
  18.5900009  0.097165
  18.6000009  0.100914
  18.6100009  0.104556
  18.6200009  0.108081
  18.6300009  0.111479
  18.6400009  0.114743
  18.6500009  0.117864
  18.6600009  0.120838
  18.6700009  0.123663
  18.6800009  0.126332
  18.6900009  0.128847
  18.7000009  0.13121
  18.7100009  0.133422
  18.7200009  0.135489
  18.7300009  0.137415
  18.7400009  0.139209
  18.7500009  0.140879
  18.7600009  0.142431
  18.7700009  0.143877
  18.7800009  0.145224
  18.7900009  0.146481
  18.8000009  0.147654
  18.8100009  0.148755
  18.8200009  0.149787
  18.8300009  0.150757
  18.8400009  0.151669
  18.8500009  0.152523
  18.8600009  0.153322
  18.8700009  0.154063
  18.8800009  0.154743
  18.8900009  0.155359
  18.9000009  0.155903
  18.9100009  0.156367
  18.9200009  0.156745
  18.9300009  0.157028
  18.9400009  0.157206
  18.9500009  0.157271
  18.9600009  0.157213
  18.9700009  0.157025
  18.9800009  0.156698
  18.9900009  0.156227
  19.0000009  0.155591
  19.0100009  0.154816
  19.0200009  0.153889
  19.0300009  0.15281
  19.0400009  0.151582
  19.0500009  0.150208
  19.0600009  0.148695
  19.0700009  0.14705
  19.0800009  0.145279
  19.0900009  0.143392
  19.1000009  0.141398
  19.1100009  0.139307
  19.1200009  0.137127
  19.1300009  0.134869
  19.1400009  0.132542
  19.1500009  0.130153
  19.1600009  0.12771
  19.1700009  0.12522
  19.1800009  0.122686
  19.1900009  0.120113
  19.2000009  0.117503
  19.2100009  0.114857
  19.2200009  0.112177
  19.2300009  0.109463
  19.2400009  0.106713
  19.2500009  0.103925
  19.2600009  0.101097
  19.2700009  0.098223
  19.2800009  0.095302
  19.2900009  0.092329
  19.3000009  0.089302
  19.3100009  0.086218
  19.3200009  0.083075
  19.3300009  0.079872
  19.3400009  0.076611
  19.3500009  0.07329
  19.3600009  0.069916
  19.3700009  0.066491
  19.3800009  0.063019
  19.3900009  0.059509
  19.4000009  0.055966
  19.4100009  0.052399
  19.4200009  0.048811
  19.4300009  0.045211
  19.4400009  0.041605
  19.4500009  0.037999
  19.4600009  0.034401
  19.4700009  0.030817
  19.4800009  0.027251
  19.4900009  0.023709
  19.5000009  0.020193
  19.5100009  0.016707
  19.5200009  0.013251
  19.5300009  0.009824
  19.5400009  0.006426
  19.5500009  0.003053
  19.5600009 -0.000298
  19.5700009 -0.003634
  19.5800009 -0.00696
  19.5900009 -0.010283
  19.6000009 -0.01361
  19.6100009 -0.016946
  19.6200009 -0.02029
  19.6300009 -0.023645
  19.6400009 -0.02701
  19.6500009 -0.030386
  19.6600009 -0.033771
  19.6700009 -0.037163
  19.6800009 -0.040559
  19.6900009 -0.043954
  19.7000009 -0.047341
  19.7100009 -0.050714
  19.7200009 -0.054063
  19.7300009 -0.057379
  19.7400009 -0.06065
  19.7500009 -0.063865
  19.7600009 -0.06701
  19.7700009 -0.070073
  19.7800009 -0.073039
  19.7900009 -0.075896
  19.8000009 -0.07863
  19.8100009 -0.081232
  19.8200009 -0.083703
  19.8300009 -0.086042
  19.8400009 -0.088251
  19.8500009 -0.090333
  19.8600009 -0.09229
  19.8700009 -0.09413
  19.8800009 -0.095855
  19.8900009 -0.097475
