  0. -142.824667
  0.0100000005 -142.8246
  0.0200000009 -142.824933
  0.0300000014 -142.824866
  0.0400000019 -142.824267
  0.0500000024 -142.823333
  0.0600000028 -142.821732
  0.0700000033 -142.818262
  0.0800000038 -142.812531
  0.0900000043 -142.804595
  0.100000005 -142.793191
  0.110000005 -142.778452
  0.120000006 -142.759123
  0.130000006 -142.735114
  0.140000007 -142.705042
  0.150000007 -142.668239
  0.160000008 -142.624699
  0.170000008 -142.573015
  0.180000009 -142.513216
  0.190000009 -142.44479
  0.200000009 -142.36585
  0.21000001 -142.277229
  0.22000001 -142.178549
  0.230000011 -142.068802
  0.240000011 -141.948438
  0.250000012 -141.816686
  0.260000012 -141.673471
  0.270000013 -141.5195
  0.280000013 -141.354363
  0.290000014 -141.178728
  0.300000014 -140.992438
  0.310000015 -140.796334
  0.320000015 -140.590337
  0.330000016 -140.37469
  0.340000016 -140.150559
  0.350000017 -139.918429
  0.360000017 -139.678169
  0.370000018 -139.430056
  0.380000018 -139.175372
  0.390000019 -138.913683
  0.400000019 -138.646069
  0.410000019 -138.372152
  0.42000002 -138.092803
  0.43000002 -137.807491
  0.440000021 -137.516433
  0.450000021 -137.220246
  0.460000022 -136.918318
  0.470000022 -136.611137
  0.480000023 -136.297981
  0.490000023 -135.979397
  0.500000024 -135.654443
  0.510000024 -135.323514
  0.520000025 -134.985861
  0.530000025 -134.641702
  0.540000026 -134.289599
  0.550000026 -133.931176
  0.560000027 -133.564941
  0.570000027 -133.190705
  0.580000028 -132.809012
  0.590000028 -132.418942
  0.600000028 -132.021239
  0.610000029 -131.615208
  0.620000029 -131.200832
  0.63000003 -130.778796
  0.64000003 -130.349325
  0.650000031 -129.911281
  0.660000031 -129.466851
  0.670000032 -129.014775
  0.680000032 -128.555535
  0.690000033 -128.089228
  0.700000033 -127.617545
  0.710000034 -127.138512
  0.720000034 -126.653932
  0.730000035 -126.163738
  0.740000035 -125.667626
  0.750000036 -125.165403
  0.760000036 -124.6579
  0.770000037 -124.144467
  0.780000037 -123.625505
  0.790000038 -123.100212
  0.800000038 -122.568487
  0.810000038 -122.030518
  0.820000039 -121.486082
  0.830000039 -120.933993
  0.84000004 -120.374057
  0.85000004 -119.806292
  0.860000041 -119.229636
  0.870000041 -118.644327
  0.880000042 -118.049321
  0.890000042 -117.444746
  0.900000043 -116.829672
  0.910000043 -116.203735
  0.920000044 -115.567342
  0.930000044 -114.920226
  0.940000045 -114.261823
  0.950000045 -113.591687
  0.960000046 -112.910826
  0.970000046 -112.218472
  0.980000047 -111.515344
  0.990000047 -110.801065
  1.00000005 -110.075849
  1.01000005 -109.340389
  1.02000005 -108.595001
  1.03000005 -107.839257
  1.04000005 -107.073267
  1.05000005 -106.297927
  1.06000005 -105.512734
  1.07000005 -104.718328
  1.08000005 -103.914078
  1.09000005 -103.099998
  1.10000005 -102.275632
  1.11000005 -101.442497
  1.12000005 -100.598825
  1.13000005 -99.744408
  1.14000005 -98.879265
  1.15000005 -98.002433
  1.16000006 -97.114083
  1.17000006 -96.212993
  1.18000006 -95.299221
  1.19000006 -94.371788
  1.20000006 -93.430007
  1.21000006 -92.47419
  1.22000006 -91.503679
  1.23000006 -90.517101
  1.24000006 -89.515863
  1.25000006 -88.497885
  1.26000006 -87.464831
  1.27000006 -86.414854
  1.28000006 -85.349205
  1.29000006 -84.26769
  1.30000006 -83.169089
  1.31000006 -82.055353
  1.32000006 -80.925889
  1.33000006 -79.805062
  1.34000006 -78.692085
  1.35000006 -77.582706
  1.36000006 -76.477712
  1.37000007 -75.377495
  1.38000007 -74.282083
  1.39000007 -73.192872
  1.40000007 -72.109966
  1.41000007 -71.034703
  1.42000007 -69.966366
  1.43000007 -68.905397
  1.44000007 -67.851472
  1.45000007 -66.805206
  1.46000007 -65.764698
  1.47000007 -64.729757
  1.48000007 -63.700586
  1.49000007 -62.676564
  1.50000007 -61.654752
  1.51000007 -60.639384
  1.52000007 -59.627622
  1.53000007 -58.619117
  1.54000007 -57.613406
  1.55000007 -56.610229
  1.56000007 -55.609345
  1.57000007 -54.610495
  1.58000008 -53.613513
  1.59000008 -52.618368
  1.60000008 -51.625004
  1.61000008 -50.633502
  1.62000008 -49.643787
  1.63000008 -48.656298
  1.64000008 -47.671425
  1.65000008 -46.689792
  1.66000008 -45.711896
  1.67000008 -44.738317
  1.68000008 -43.769535
  1.69000008 -42.80602
  1.70000008 -41.845993
  1.71000008 -40.894221
  1.72000008 -39.948808
  1.73000008 -39.010059
  1.74000008 -38.078192
  1.75000008 -37.153369
  1.76000008 -36.235744
  1.77000008 -35.325515
  1.78000008 -34.422628
  1.79000009 -33.527398
  1.80000009 -32.639822
  1.81000009 -31.760066
  1.82000009 -30.888293
  1.83000009 -30.02454
  1.84000009 -29.168646
  1.85000009 -28.320412
  1.86000009 -27.479575
  1.87000009 -26.646237
  1.88000009 -25.820271
  1.89000009 -25.001895
  1.90000009 -24.189399
  1.91000009 -23.386387
  1.92000009 -22.591493
  1.93000009 -21.804901
  1.94000009 -21.026794
  1.95000009 -20.257693
  1.96000009 -19.497787
  1.97000009 -18.74722
  1.98000009 -18.00651
  1.99000009 -17.275617
  2.00000009 -16.554974
  2.0100001 -15.844538
  2.0200001 -15.144371
  2.0300001 -14.45449
  2.0400001 -13.774847
  2.0500001 -13.105313
  2.0600001 -12.445844
  2.0700001 -11.796173
  2.0800001 -11.156051
  2.0900001 -10.525267
  2.1000001 -9.902243
  2.1100001 -9.289143
  2.1200001 -8.68446
  2.1300001 -8.087896
  2.1400001 -7.499192
  2.1500001 -6.918117
  2.1600001 -6.344482
  2.1700001 -5.778144
  2.1800001 -5.219014
  2.1900001 -4.66704
  2.2000001 -4.122239
  2.2100001 -3.584674
  2.22000011 -3.054456
  2.23000011 -2.531731
  2.24000011 -2.016799
  2.25000011 -1.510012
  2.26000011 -1.01176
  2.27000011 -0.522414
  2.28000011 -0.042351
  2.29000011  0.428055
  2.30000011  0.88927
  2.31000011  1.339319
  2.32000011  1.778739
  2.33000011  2.207351
  2.34000011  2.624759
  2.35000011  3.031021
  2.36000011  3.425892
  2.37000011  3.809255
  2.38000011  4.181085
  2.39000011  4.541516
  2.40000011  4.890408
  2.41000011  5.227889
  2.42000011  5.553976
  2.43000012  5.868753
  2.44000012  6.172304
  2.45000012  6.464804
  2.46000012  6.746463
  2.47000012  7.017267
  2.48000012  7.277326
  2.49000012  7.526782
  2.50000012  7.765933
  2.51000012  7.994156
  2.52000012  8.211699
  2.53000012  8.418567
  2.54000012  8.614716
  2.55000012  8.800044
  2.56000012  8.974455
  2.57000012  9.13784
  2.58000012  9.289992
  2.59000012  9.430875
  2.60000012  9.560377
  2.61000012  9.678307
  2.62000012  9.784621
  2.63000012  9.879294
  2.64000013  9.962239
  2.65000013  10.033663
  2.66000013  10.093562
  2.67000013  10.142072
  2.68000013  10.179493
  2.69000013  10.205948
  2.70000013  10.221475
  2.71000013  10.226599
  2.72000013  10.221413
  2.73000013  10.206119
  2.74000013  10.181086
  2.75000013  10.146599
  2.76000013  10.102754
  2.77000013  10.049859
  2.78000013  9.988133
  2.79000013  9.917752
  2.80000013  9.838975
  2.81000013  9.75187
  2.82000013  9.656638
  2.83000013  9.553415
  2.84000013  9.442279
  2.85000014  9.323312
  2.86000014  9.196589
  2.87000014  9.062222
  2.88000014  8.920245
  2.89000014  8.770858
  2.90000014  8.613495
  2.91000014  8.449155
  2.92000014  8.277594
  2.93000014  8.098757
  2.94000014  7.912777
  2.95000014  7.719853
  2.96000014  7.520099
  2.97000014  7.313683
  2.98000014  7.100808
  2.99000014  6.881686
  3.00000014  6.656545
  3.01000014  6.425647
  3.02000014  6.189255
  3.03000014  5.947653
  3.04000014  5.701128
  3.05000014  5.45003
  3.06000015  5.194699
  3.07000015  4.935477
  3.08000015  4.672693
  3.09000015  4.406655
  3.10000015  4.137096
  3.11000015  3.865447
  3.12000015  3.591383
  3.13000015  3.31515
  3.14000015  3.036949
  3.15000015  2.756974
  3.16000015  2.475396
  3.17000015  2.192361
  3.18000015  1.908015
  3.19000015  1.622467
  3.20000015  1.335853
  3.21000015  1.04828
  3.22000015  0.759872
  3.23000015  0.470736
  3.24000015  0.181023
  3.25000015 -0.109105
  3.26000015 -0.399473
  3.27000016 -0.689872
  3.28000016 -0.980072
  3.29000016 -1.269822
  3.30000016 -1.559426
  3.31000016 -1.847418
  3.32000016 -2.134046
  3.33000016 -2.418983
  3.34000016 -2.701844
  3.35000016 -2.982263
  3.36000016 -3.259841
  3.37000016 -3.534176
  3.38000016 -3.80487
  3.39000016 -4.071504
  3.40000016 -4.333677
  3.41000016 -4.59101
  3.42000016 -4.843173
  3.43000016 -5.089627
  3.44000016 -5.330228
  3.45000016 -5.56472
  3.46000016 -5.792886
  3.47000016 -6.014711
  3.48000017 -6.230043
  3.49000017 -6.438868
  3.50000017 -6.641473
  3.51000017 -6.837142
  3.52000017 -7.026177
  3.53000017 -7.20859
  3.54000017 -7.384294
  3.55000017 -7.553292
  3.56000017 -7.715686
  3.57000017 -7.871277
  3.58000017 -8.020172
  3.59000017 -8.162249
  3.60000017 -8.29739
  3.61000017 -8.425609
  3.62000017 -8.546739
  3.63000017 -8.66059
  3.64000017 -8.767182
  3.65000017 -8.866289
  3.66000017 -8.95795
  3.67000017 -9.042211
  3.68000017 -9.119095
  3.69000018 -9.188494
  3.70000018 -9.250511
  3.71000018 -9.305021
  3.72000018 -9.352021
  3.73000018 -9.391545
  3.74000018 -9.423569
  3.75000018 -9.448152
  3.76000018 -9.465237
  3.77000018 -9.474963
  3.78000018 -9.47733
  3.79000018 -9.472363
  3.80000018 -9.460264
  3.81000018 -9.44106
  3.82000018 -9.41489
  3.83000018 -9.381868
  3.84000018 -9.342133
  3.85000018 -9.295833
  3.86000018 -9.243247
  3.87000018 -9.184623
  3.88000018 -9.120066
  3.89000018 -9.049886
  3.90000019 -8.97405
  3.91000019 -8.893167
  3.92000019 -8.807261
  3.93000019 -8.71648
  3.94000019 -8.620977
  3.95000019 -8.52091
  3.96000019 -8.416496
  3.97000019 -8.307645
  3.98000019 -8.1946
  3.99000019 -8.077435
  4.00000019 -7.956289
  4.01000019 -7.831207
  4.02000019 -7.702299
  4.03000019 -7.569716
  4.04000019 -7.433559
  4.05000019 -7.293903
  4.06000019 -7.150752
  4.07000019 -7.004342
  4.08000019 -6.854714
  4.09000019 -6.702009
  4.10000019 -6.546009
  4.1100002 -6.387567
  4.1200002 -6.226511
  4.1300002 -6.063042
  4.1400002 -5.897341
  4.1500002 -5.729632
  4.1600002 -5.560103
  4.1700002 -5.389003
  4.1800002 -5.216532
  4.1900002 -5.042915
  4.2000002 -4.868352
  4.2100002 -4.693054
  4.2200002 -4.517196
  4.2300002 -4.340982
  4.2400002 -4.164546
  4.2500002 -3.988046
  4.2600002 -3.811574
  4.2700002 -3.635178
  4.2800002 -3.458933
  4.2900002 -3.28285
  4.3000002 -3.106594
  4.3100002 -2.930932
  4.32000021 -2.755495
  4.33000021 -2.580301
  4.34000021 -2.405372
  4.35000021 -2.230715
  4.36000021 -2.056358
  4.37000021 -1.88235
  4.38000021 -1.70873
  4.39000021 -1.535566
  4.40000021 -1.362932
  4.41000021 -1.190931
  4.42000021 -1.019668
  4.43000021 -0.849272
  4.44000021 -0.679887
  4.45000021 -0.511667
  4.46000021 -0.344749
  4.47000021 -0.17927
  4.48000021 -0.015344
  4.49000021  0.146882
  4.50000021  0.307595
  4.51000021  0.466023
  4.52000021  0.622371
  4.53000022  0.776504
  4.54000022  0.928317
  4.55000022  1.077734
  4.56000022  1.224656
  4.57000022  1.36902
  4.58000022  1.510772
  4.59000022  1.649877
  4.60000022  1.786301
  4.61000022  1.920031
  4.62000022  2.051059
  4.63000022  2.179389
  4.64000022  2.305028
  4.65000022  2.42797
  4.66000022  2.548243
  4.67000022  2.66585
  4.68000022  2.780806
  4.69000022  2.89312
  4.70000022  3.002975
  4.71000022  3.109944
  4.72000022  3.214202
  4.73000022  3.315702
  4.74000023  3.414374
  4.75000023  3.51015
  4.76000023  3.602932
  4.77000023  3.692621
  4.78000023  3.779118
  4.79000023  3.862301
  4.80000023  3.942054
  4.81000023  4.018255
  4.82000023  4.090765
  4.83000023  4.159497
  4.84000023  4.224323
  4.85000023  4.285141
  4.86000023  4.341874
  4.87000023  4.394486
  4.88000023  4.442958
  4.89000023  4.487281
  4.90000023  4.527515
  4.91000023  4.563574
  4.92000023  4.595539
  4.93000023  4.623472
  4.94000023  4.647416
  4.95000024  4.667444
  4.96000024  4.683618
  4.97000024  4.696008
  4.98000024  4.704696
  4.99000024  4.709742
  5.00000024  4.711219
  5.01000024  4.709186
  5.02000024  4.703694
  5.03000024  4.694785
  5.04000024  4.682486
  5.05000024  4.666822
  5.06000024  4.647797
  5.07000024  4.625433
  5.08000024  4.599735
  5.09000024  4.570711
  5.10000024  4.538245
  5.11000024  4.502505
  5.12000024  4.463384
  5.13000024  4.420859
  5.14000024  4.374917
  5.15000024  4.325514
  5.16000025  4.272651
  5.17000025  4.216293
  5.18000025  4.156463
  5.19000025  4.093139
  5.20000025  4.026355
  5.21000025  3.956124
  5.22000025  3.88248
  5.23000025  3.805473
  5.24000025  3.725162
  5.25000025  3.641602
  5.26000025  3.554872
  5.27000025  3.465094
  5.28000025  3.372396
  5.29000025  3.276924
  5.30000025  3.178594
  5.31000025  3.07798
  5.32000025  2.975
  5.33000025  2.869781
  5.34000025  2.762436
  5.35000025  2.653088
  5.36000025  2.541839
  5.37000026  2.428786
  5.38000026  2.314006
  5.39000026  2.197576
  5.40000026  2.079562
  5.41000026  1.960021
  5.42000026  1.839004
  5.43000026  1.716564
  5.44000026  1.592736
  5.45000026  1.467563
  5.46000026  1.341097
  5.47000026  1.213397
  5.48000026  1.08455
  5.49000026  0.95465
  5.50000026  0.823523
  5.51000026  0.691825
  5.52000026  0.559395
  5.53000026  0.426377
  5.54000026  0.292901
  5.55000026  0.159121
  5.56000026  0.02519
  5.57000026 -0.108709
  5.58000027 -0.242415
  5.59000027 -0.37574
  5.60000027 -0.508495
  5.61000027 -0.640487
  5.62000027 -0.77153
  5.63000027 -0.901431
  5.64000027 -1.030009
  5.65000027 -1.157082
  5.66000027 -1.282467
  5.67000027 -1.406033
  5.68000027 -1.527659
  5.69000027 -1.647248
  5.70000027 -1.764956
  5.71000027 -1.880223
  5.72000027 -1.993222
  5.73000027 -2.103891
  5.74000027 -2.212179
  5.75000027 -2.31803
  5.76000027 -2.421409
  5.77000027 -2.522275
  5.78000027 -2.620593
  5.79000028 -2.716328
  5.80000028 -2.809426
  5.81000028 -2.899857
  5.82000028 -2.987564
  5.83000028 -3.07249
  5.84000028 -3.154578
  5.85000028 -3.233749
  5.86000028 -3.309928
  5.87000028 -3.383046
  5.88000028 -3.453083
  5.89000028 -3.520035
  5.90000028 -3.583977
  5.91000028 -3.644637
  5.92000028 -3.702115
  5.93000028 -3.756352
  5.94000028 -3.807322
  5.95000028 -3.854961
  5.96000028 -3.899242
  5.97000028 -3.940113
  5.98000028 -3.977533
  5.99000028 -4.011484
  6.00000028 -4.041921
  6.01000029 -4.068833
  6.02000029 -4.092199
  6.03000029 -4.112013
  6.04000029 -4.128274
  6.05000029 -4.14098
  6.06000029 -4.150153
  6.07000029 -4.155818
  6.08000029 -4.158039
  6.09000029 -4.156908
  6.10000029 -4.152489
  6.11000029 -4.144915
  6.12000029 -4.134251
  6.13000029 -4.120585
  6.14000029 -4.103995
  6.15000029 -4.084572
  6.16000029 -4.062366
  6.17000029 -4.03745
  6.18000029 -4.009883
  6.19000029 -3.979733
  6.20000029 -3.947027
  6.21000029 -3.911808
  6.2200003 -3.874129
  6.2300003 -3.834002
  6.2400003 -3.791468
  6.2500003 -3.746534
  6.2600003 -3.699254
  6.2700003 -3.649631
  6.2800003 -3.597695
  6.2900003 -3.543507
  6.3000003 -3.48696
  6.3100003 -3.428383
  6.3200003 -3.367677
  6.3300003 -3.304933
  6.3400003 -3.240182
  6.3500003 -3.173525
  6.3600003 -3.105025
  6.3700003 -3.034766
  6.3800003 -2.962845
  6.3900003 -2.889346
  6.4000003 -2.814374
  6.4100003 -2.738026
  6.4200003 -2.660394
  6.43000031 -2.5816
  6.44000031 -2.501733
  6.45000031 -2.420887
  6.46000031 -2.33916
  6.47000031 -2.256653
  6.48000031 -2.173444
  6.49000031 -2.089611
  6.50000031 -2.005044
  6.51000031 -1.920172
  6.52000031 -1.834875
  6.53000031 -1.749211
  6.54000031 -1.66323
  6.55000031 -1.576965
  6.56000031 -1.490479
  6.57000031 -1.403806
  6.58000031 -1.316983
  6.59000031 -1.230041
  6.60000031 -1.143034
  6.61000031 -1.055997
  6.62000031 -0.968976
  6.63000031 -0.882018
  6.64000032 -0.795178
  6.65000032 -0.708514
  6.66000032 -0.622092
  6.67000032 -0.535982
  6.68000032 -0.450242
  6.69000032 -0.364913
  6.70000032 -0.279868
  6.71000032 -0.195504
  6.72000032 -0.111701
  6.73000032 -0.028522
  6.74000032  0.053972
  6.75000032  0.135714
  6.76000032  0.216635
  6.77000032  0.296674
  6.78000032  0.375756
  6.79000032  0.453816
  6.80000032  0.530796
  6.81000032  0.606621
  6.82000032  0.681258
  6.83000032  0.754631
  6.84000032  0.826709
  6.85000033  0.897438
  6.86000033  0.966788
  6.87000033  1.034719
  6.88000033  1.101201
  6.89000033  1.166239
  6.90000033  1.229939
  6.91000033  1.292052
  6.92000033  1.352699
  6.93000033  1.411894
  6.94000033  1.469626
  6.95000033  1.525915
  6.96000033  1.580746
  6.97000033  1.634134
  6.98000033  1.686081
  6.99000033  1.736573
  7.00000033  1.785621
  7.01000033  1.833216
  7.02000033  1.879341
  7.03000033  1.923988
  7.04000033  1.967149
  7.05000033  2.008791
  7.06000034  2.048897
  7.07000034  2.087438
  7.08000034  2.124391
  7.09000034  2.159741
  7.10000034  2.193536
  7.11000034  2.225625
  7.12000034  2.25607
  7.13000034  2.284834
  7.14000034  2.311906
  7.15000034  2.337251
  7.16000034  2.360858
  7.17000034  2.382696
  7.18000034  2.402744
  7.19000034  2.42097
  7.20000034  2.437351
  7.21000034  2.451871
  7.22000034  2.464498
  7.23000034  2.47521
  7.24000034  2.483992
  7.25000034  2.49082
  7.26000034  2.495673
  7.27000035  2.498547
  7.28000035  2.499406
  7.29000035  2.498273
  7.30000035  2.495134
  7.31000035  2.490037
  7.32000035  2.482992
  7.33000035  2.474013
  7.34000035  2.463122
  7.35000035  2.450341
  7.36000035  2.435703
  7.37000035  2.419223
  7.38000035  2.400953
  7.39000035  2.3809
  7.40000035  2.359112
  7.41000035  2.335616
  7.42000035  2.310456
  7.43000035  2.283659
  7.44000035  2.255262
  7.45000035  2.225309
  7.46000035  2.193828
  7.47000035  2.160855
  7.48000036  2.126439
  7.49000036  2.090593
  7.50000036  2.053284
  7.51000036  2.014715
  7.52000036  1.974829
  7.53000036  1.933659
  7.54000036  1.891243
  7.55000036  1.847594
  7.56000036  1.802749
  7.57000036  1.756735
  7.58000036  1.709568
  7.59000036  1.661276
  7.60000036  1.611874
  7.61000036  1.561388
  7.62000036  1.509843
  7.63000036  1.457245
  7.64000036  1.403637
  7.65000036  1.349018
  7.66000036  1.293433
  7.67000036  1.236884
  7.68000036  1.179421
  7.69000037  1.121058
  7.70000037  1.061745
  7.71000037  1.001775
  7.72000037  0.941075
  7.73000037  0.879714
  7.74000037  0.817747
  7.75000037  0.755235
  7.76000037  0.692236
  7.77000037  0.628811
  7.78000037  0.565018
  7.79000037  0.500916
  7.80000037  0.436564
  7.81000037  0.372018
  7.82000037  0.307335
  7.83000037  0.24257
  7.84000037  0.177775
  7.85000037  0.113005
  7.86000037  0.048309
  7.87000037 -0.016261
  7.88000037 -0.080656
  7.89000037 -0.14483
  7.90000038 -0.208874
  7.91000038 -0.272495
  7.92000038 -0.335783
  7.93000038 -0.3987
  7.94000038 -0.461208
  7.95000038 -0.523261
  7.96000038 -0.584819
  7.97000038 -0.645817
  7.98000038 -0.70623
  7.99000038 -0.765975
  8.00000038 -0.825016
  8.01000038 -0.883287
  8.02000038 -0.940705
  8.03000038 -0.997231
  8.04000038 -1.052767
  8.05000038 -1.107271
  8.06000038 -1.160656
  8.07000038 -1.212844
  8.08000038 -1.263773
  8.09000038 -1.313379
  8.10000038 -1.361695
  8.11000039 -1.408504
  8.12000039 -1.453858
  8.13000039 -1.497731
  8.14000039 -1.54009
  8.15000039 -1.580901
  8.16000039 -1.620162
  8.17000039 -1.657853
  8.18000039 -1.693952
  8.19000039 -1.728467
  8.20000039 -1.761393
  8.21000039 -1.792726
  8.22000039 -1.822483
  8.23000039 -1.850654
  8.24000039 -1.877269
  8.25000039 -1.902334
  8.26000039 -1.925848
  8.27000039 -1.947835
  8.28000039 -1.968298
  8.29000039 -1.987241
  8.30000039 -2.004719
  8.31000039 -2.020688
  8.3200004 -2.035199
  8.3300004 -2.048269
  8.3400004 -2.059911
  8.3500004 -2.070124
  8.3600004 -2.078901
  8.3700004 -2.086241
  8.3800004 -2.092129
  8.3900004 -2.096552
  8.4000004 -2.099483
  8.4100004 -2.100906
  8.4200004 -2.100789
  8.4300004 -2.099119
  8.4400004 -2.095859
  8.4500004 -2.090987
  8.4600004 -2.08447
  8.4700004 -2.07629
  8.4800004 -2.066424
  8.4900004 -2.054855
  8.5000004 -2.041549
  8.5100004 -2.0266
  8.5200004 -2.010009
  8.53000041 -1.991793
  8.54000041 -1.971989
  8.55000041 -1.950642
  8.56000041 -1.927789
  8.57000041 -1.903477
  8.58000041 -1.877761
  8.59000041 -1.850677
  8.60000041 -1.822285
  8.61000041 -1.792633
  8.62000041 -1.761781
  8.63000041 -1.729774
  8.64000041 -1.696667
  8.65000041 -1.662515
  8.66000041 -1.627359
  8.67000041 -1.591251
  8.68000041 -1.554247
  8.69000041 -1.516371
  8.70000041 -1.477605
  8.71000041 -1.438137
  8.72000041 -1.397927
  8.73000041 -1.357032
  8.74000042 -1.315468
  8.75000042 -1.273282
  8.76000042 -1.230516
  8.77000042 -1.187191
  8.78000042 -1.14336
  8.79000042 -1.099059
  8.80000042 -1.054319
  8.81000042 -1.009185
  8.82000042 -0.963707
  8.83000042 -0.91791
  8.84000042 -0.871863
  8.85000042 -0.825587
  8.86000042 -0.779146
  8.87000042 -0.73258
  8.88000042 -0.685936
  8.89000042 -0.639263
  8.90000042 -0.592505
  8.91000042 -0.545888
  8.92000042 -0.499349
  8.93000042 -0.452915
  8.94000042 -0.406613
  8.95000043 -0.360467
  8.96000043 -0.314498
  8.97000043 -0.268723
  8.98000043 -0.223161
  8.99000043 -0.177824
  9.00000043 -0.132721
  9.01000043 -0.087863
  9.02000043 -0.043256
  9.03000043  0.001093
  9.04000043  0.045179
  9.05000043  0.088996
  9.06000043  0.132537
  9.07000043  0.175794
  9.08000043  0.218757
  9.09000043  0.261411
  9.10000043  0.303827
  9.11000043  0.345819
  9.12000043  0.387455
  9.13000043  0.428715
  9.14000043  0.469569
  9.15000043  0.509987
  9.16000044  0.549937
  9.17000044  0.589382
  9.18000044  0.628274
  9.19000044  0.666562
  9.20000044  0.70421
  9.21000044  0.741163
  9.22000044  0.777364
  9.23000044  0.812777
  9.24000044  0.847341
  9.25000044  0.881012
  9.26000044  0.913745
  9.27000044  0.945485
  9.28000044  0.976199
  9.29000044  1.005859
  9.30000044  1.034485
  9.31000044  1.061943
  9.32000044  1.088294
  9.33000044  1.113538
  9.34000044  1.137689
  9.35000044  1.160745
  9.36000044  1.182719
  9.37000045  1.203627
  9.38000045  1.223488
  9.39000045  1.242322
  9.40000045  1.260135
  9.41000045  1.27695
  9.42000045  1.292785
  9.43000045  1.307655
  9.44000045  1.32156
  9.45000045  1.334521
  9.46000045  1.346534
  9.47000045  1.357612
  9.48000045  1.367738
  9.49000045  1.376921
  9.50000045  1.385147
  9.51000045  1.392397
  9.52000045  1.39867
  9.53000045  1.403958
  9.54000045  1.40825
  9.55000045  1.411525
  9.56000045  1.41377
  9.57000045  1.414983
  9.58000046  1.415135
  9.59000046  1.414228
  9.60000046  1.412241
  9.61000046  1.409177
  9.62000046  1.405025
  9.63000046  1.399787
  9.64000046  1.393463
  9.65000046  1.38606
  9.66000046  1.377599
  9.67000046  1.368077
  9.68000046  1.357509
  9.69000046  1.345918
  9.70000046  1.333301
  9.71000046  1.319722
  9.72000046  1.305215
  9.73000046  1.289805
  9.74000046  1.273533
  9.75000046  1.256433
  9.76000046  1.238543
  9.77000046  1.2199
  9.78000046  1.20053
  9.79000047  1.180449
  9.80000047  1.159686
  9.81000047  1.138265
  9.82000047  1.11619
  9.83000047  1.093491
  9.84000047  1.070155
  9.85000047  1.046199
  9.86000047  1.021628
  9.87000047  0.996444
  9.88000047  0.970648
  9.89000047  0.944237
  9.90000047  0.917165
  9.91000047  0.889544
  9.92000047  0.861314
  9.93000047  0.832485
  9.94000047  0.803068
  9.95000047  0.773061
  9.96000047  0.742482
  9.97000047  0.711352
  9.98000047  0.679689
  9.99000047  0.647522
  10.0000005  0.614875
  10.0100005  0.581785
  10.0200005  0.548284
  10.0300005  0.514411
  10.0400005  0.480206
  10.0500005  0.445711
  10.0600005  0.410965
  10.0700005  0.376012
  10.0800005  0.340892
  10.0900005  0.305645
  10.1000005  0.270308
  10.1100005  0.234919
  10.1200005  0.199515
  10.1300005  0.164139
  10.1400005  0.128823
  10.1500005  0.0936
  10.1600005  0.058498
  10.1700005  0.023542
  10.1800005 -0.011245
  10.1900005 -0.045846
  10.2000005 -0.080242
  10.2100005 -0.114416
  10.2200005 -0.148357
  10.2300005 -0.18205
  10.2400005 -0.215482
  10.2500005 -0.248638
  10.2600005 -0.281502
  10.2700005 -0.314059
  10.2800005 -0.346288
  10.2900005 -0.378169
  10.3000005 -0.409676
  10.3100005 -0.440785
  10.3200005 -0.471476
  10.3300005 -0.501732
  10.3400005 -0.531534
  10.3500005 -0.560855
  10.3600005 -0.589671
  10.3700005 -0.617956
  10.3800005 -0.645679
  10.3900005 -0.672817
  10.4000005 -0.699331
  10.4100005 -0.725202
  10.4200005 -0.750394
  10.4300005 -0.774881
  10.4400005 -0.798633
  10.4500005 -0.821637
  10.4600005 -0.843859
  10.4700005 -0.865282
  10.4800005 -0.885889
  10.4900005 -0.905672
  10.5000005 -0.924608
  10.5100005 -0.94269
  10.5200005 -0.959926
  10.5300005 -0.976316
  10.5400005 -0.991881
  10.5500005 -1.00662
  10.5600005 -1.020548
  10.5700005 -1.033687
  10.5800005 -1.046032
  10.5900005 -1.057602
  10.6000005 -1.068412
  10.6100005 -1.078457
  10.6200005 -1.087743
  10.6300005 -1.096283
  10.6400005 -1.104065
  10.6500005 -1.11109
  10.6600005 -1.117354
  10.6700005 -1.122837
  10.6800005 -1.127551
  10.6900005 -1.131458
  10.7000005 -1.134561
  10.7100005 -1.136832
  10.7200005 -1.138261
  10.7300005 -1.138838
  10.7400005 -1.138557
  10.7500005 -1.137405
  10.7600005 -1.135376
  10.7700005 -1.132461
  10.7800005 -1.128656
  10.7900005 -1.12396
  10.8000005 -1.118368
  10.8100005 -1.111883
  10.8200005 -1.104514
  10.8300005 -1.09626
  10.8400005 -1.087139
  10.8500005 -1.077154
  10.8600005 -1.066329
  10.8700005 -1.054684
  10.8800005 -1.042218
  10.8900005 -1.028973
  10.9000005 -1.014958
  10.9100005 -1.000203
  10.9200005 -0.984735
  10.9300005 -0.968582
  10.9400005 -0.951784
  10.9500005 -0.934372
  10.9600005 -0.916396
  10.9700005 -0.897867
  10.9800005 -0.878831
  10.9900005 -0.859307
  11.0000005 -0.838894
  11.0100005 -0.818477
  11.0200005 -0.797644
  11.0300005 -0.776424
  11.0400005 -0.754825
  11.0500005 -0.732874
  11.0600005 -0.710587
  11.0700005 -0.687975
  11.0800005 -0.66505
  11.0900005 -0.64183
  11.1000005 -0.618325
  11.1100005 -0.594551
  11.1200005 -0.57052
  11.1300005 -0.546245
  11.1400005 -0.521733
  11.1500005 -0.497
  11.1600005 -0.472059
  11.1700005 -0.446925
  11.1800005 -0.421614
  11.1900005 -0.396145
  11.2000005 -0.370537
  11.2100005 -0.34481
  11.2200005 -0.318987
  11.2300005 -0.29309
  11.2400005 -0.267141
  11.2500005 -0.241165
  11.2600005 -0.215185
  11.2700005 -0.189222
  11.2800005 -0.163302
  11.2900005 -0.137444
  11.3000005 -0.11167
  11.3100005 -0.085999
  11.3200005 -0.06045
  11.3300005 -0.035036
  11.3400005 -0.009771
  11.3500005  0.015336
  11.3600005  0.040273
  11.3700005  0.065033
  11.3800005  0.089608
  11.3900005  0.113989
  11.4000005  0.138172
  11.4100005  0.162147
  11.4200005  0.185908
  11.4300005  0.209446
  11.4400005  0.232755
  11.4500005  0.255822
  11.4600005  0.278638
  11.4700005  0.301188
  11.4800005  0.32346
  11.4900005  0.345438
  11.5000005  0.367102
  11.5100005  0.388433
  11.5200005  0.40941
  11.5300005  0.430013
  11.5400005  0.450223
  11.5500005  0.47002
  11.5600005  0.489383
  11.5700005  0.508291
  11.5800006  0.526722
  11.5900006  0.544653
  11.6000006  0.562065
  11.6100006  0.578935
  11.6200006  0.595249
  11.6300006  0.610986
  11.6400006  0.626125
  11.6500006  0.640649
  11.6600006  0.654565
  11.6700006  0.667843
  11.6800006  0.680484
  11.6900006  0.692476
  11.7000006  0.703816
  11.7100006  0.714506
  11.7200006  0.724547
  11.7300006  0.733933
  11.7400006  0.742676
  11.7500006  0.750808
  11.7600006  0.758335
  11.7700006  0.765269
  11.7800006  0.771624
  11.7900006  0.777412
  11.8000006  0.782647
  11.8100006  0.787335
  11.8200006  0.79149
  11.8300006  0.79512
  11.8400006  0.798235
  11.8500006  0.800821
  11.8600006  0.802893
  11.8700006  0.804447
  11.8800006  0.805475
  11.8900006  0.80598
  11.9000006  0.805949
  11.9100006  0.805379
  11.9200006  0.804258
  11.9300006  0.802585
  11.9400006  0.800345
  11.9500006  0.797551
  11.9600006  0.79418
  11.9700006  0.790244
  11.9800006  0.785736
  11.9900006  0.780657
  12.0000006  0.775008
  12.0100006  0.768798
  12.0200006  0.76202
  12.0300006  0.754692
  12.0400006  0.746821
  12.0500006  0.738419
  12.0600006  0.729498
  12.0700006  0.720063
  12.0800006  0.710132
  12.0900006  0.699723
  12.1000006  0.688851
  12.1100006  0.677528
  12.1200006  0.665771
  12.1300006  0.653595
  12.1400006  0.641016
  12.1500006  0.628053
  12.1600006  0.61472
  12.1700006  0.601031
  12.1800006  0.586999
  12.1900006  0.572636
  12.2000006  0.557948
  12.2100006  0.542946
  12.2200006  0.527635
  12.2300006  0.512021
  12.2400006  0.496105
  12.2500006  0.479894
  12.2600006  0.463391
  12.2700006  0.446597
  12.2800006  0.429516
  12.2900006  0.412153
  12.3000006  0.394511
  12.3100006  0.376598
  12.3200006  0.358419
  12.3300006  0.339984
  12.3400006  0.321305
  12.3500006  0.302401
  12.3600006  0.283286
  12.3700006  0.263982
  12.3800006  0.244508
  12.3900006  0.224886
  12.4000006  0.20514
  12.4100006  0.185293
  12.4200006  0.165371
  12.4300006  0.145396
  12.4400006  0.125394
  12.4500006  0.105388
  12.4600006  0.085403
  12.4700006  0.06546
  12.4800006  0.04558
  12.4900006  0.025783
  12.5000006  0.006087
  12.5100006 -0.013491
  12.5200006 -0.032935
  12.5300006 -0.052232
  12.5400006 -0.071372
  12.5500006 -0.090349
  12.5600006 -0.109155
  12.5700006 -0.127787
  12.5800006 -0.146238
  12.5900006 -0.164504
  12.6000006 -0.18258
  12.6100006 -0.200458
  12.6200006 -0.218134
  12.6300006 -0.235597
  12.6400006 -0.252838
  12.6500006 -0.269843
  12.6600006 -0.286602
  12.6700006 -0.303097
  12.6800006 -0.319313
  12.6900006 -0.335227
  12.7000006 -0.350822
  12.7100006 -0.366074
  12.7200006 -0.380961
  12.7300006 -0.395457
  12.7400006 -0.409545
  12.7500006 -0.423209
  12.7600006 -0.436437
  12.7700006 -0.449218
  12.7800006 -0.46154
  12.7900006 -0.473393
  12.8000006 -0.484772
  12.8100006 -0.495671
  12.8200006 -0.506087
  12.8300006 -0.516022
  12.8400006 -0.525478
  12.8500006 -0.534458
  12.8600006 -0.542973
  12.8700006 -0.551032
  12.8800006 -0.558646
  12.8900006 -0.565828
  12.9000006 -0.572595
  12.9100006 -0.578959
  12.9200006 -0.584936
  12.9300006 -0.590542
  12.9400006 -0.595788
  12.9500006 -0.600689
  12.9600006 -0.605252
  12.9700006 -0.609486
  12.9800006 -0.613395
  12.9900006 -0.61698
  13.0000006 -0.620288
  13.0100006 -0.623211
  13.0200006 -0.625796
  13.0300006 -0.628034
  13.0400006 -0.629908
  13.0500006 -0.631402
  13.0600006 -0.632496
  13.0700006 -0.633171
  13.0800006 -0.633402
  13.0900006 -0.633167
  13.1000006 -0.632442
  13.1100006 -0.631204
  13.1200006 -0.629431
  13.1300006 -0.6271
  13.1400006 -0.624195
  13.1500006 -0.620711
  13.1600006 -0.616647
  13.1700006 -0.612003
  13.1800006 -0.606785
  13.1900006 -0.601001
  13.2000006 -0.594662
  13.2100006 -0.587784
  13.2200006 -0.580384
  13.2300006 -0.572482
  13.2400006 -0.564104
  13.2500006 -0.55527
  13.2600006 -0.546013
  13.2700006 -0.536355
  13.2800006 -0.526327
  13.2900006 -0.515956
  13.3000006 -0.505271
  13.3100006 -0.494299
  13.3200006 -0.483063
  13.3300006 -0.471588
  13.3400006 -0.459897
  13.3500006 -0.448009
  13.3600006 -0.435942
  13.3700006 -0.42371
  13.3800006 -0.411328
  13.3900006 -0.398804
  13.4000006 -0.386148
  13.4100006 -0.373365
  13.4200006 -0.360459
  13.4300006 -0.347434
  13.4400006 -0.334289
  13.4500006 -0.321027
  13.4600006 -0.307645
  13.4700006 -0.294148
  13.4800006 -0.280533
  13.4900006 -0.266801
  13.5000006 -0.252956
  13.5100006 -0.239
  13.5200006 -0.224936
  13.5300006 -0.210773
  13.5400006 -0.196515
  13.5500006 -0.182171
  13.5600006 -0.16775
  13.5700006 -0.153264
  13.5800006 -0.138723
  13.5900006 -0.12414
  13.6000006 -0.109527
  13.6100006 -0.0949
  13.6200006 -0.080272
  13.6300006 -0.065657
  13.6400006 -0.05107
  13.6500006 -0.036523
  13.6600006 -0.022032
  13.6700006 -0.007609
  13.6800006  0.006735
  13.6900007  0.020986
  13.7000007  0.035136
  13.7100007  0.049172
  13.7200007  0.063084
  13.7300007  0.076866
  13.7400007  0.090505
  13.7500007  0.103994
  13.7600007  0.117334
  13.7700007  0.130518
  13.7800007  0.143544
  13.7900007  0.156407
  13.8000007  0.169103
  13.8100007  0.181626
  13.8200007  0.19397
  13.8300007  0.206127
  13.8400007  0.218091
  13.8500007  0.229851
  13.8600007  0.241397
  13.8700007  0.252722
  13.8800007  0.263814
  13.8900007  0.274661
  13.9000007  0.285255
  13.9100007  0.295583
  13.9200007  0.305637
  13.9300007  0.315404
  13.9400007  0.324878
  13.9500007  0.33405
  13.9600007  0.342913
  13.9700007  0.351463
  13.9800007  0.359694
  13.9900007  0.367604
  14.0000007  0.37519
  14.0100007  0.38245
  14.0200007  0.389387
  14.0300007  0.395999
  14.0400007  0.402289
  14.0500007  0.408257
  14.0600007  0.413907
  14.0700007  0.419239
  14.0800007  0.424256
  14.0900007  0.428959
  14.1000007  0.433348
  14.1100007  0.437423
  14.1200007  0.441183
  14.1300007  0.444625
  14.1400007  0.447747
  14.1500007  0.450542
  14.1600007  0.453016
  14.1700007  0.455168
  14.1800007  0.457
  14.1900007  0.458512
  14.2000007  0.459702
  14.2100007  0.460571
  14.2200007  0.461114
  14.2300007  0.461331
  14.2400007  0.461221
  14.2500007  0.46078
  14.2600007  0.46001
  14.2700007  0.458907
  14.2800007  0.457474
  14.2900007  0.45571
  14.3000007  0.453619
  14.3100007  0.451202
  14.3200007  0.448464
  14.3300007  0.445411
  14.3400007  0.442046
  14.3500007  0.438377
  14.3600007  0.43441
  14.3700007  0.430152
  14.3800007  0.425609
  14.3900007  0.420791
  14.4000007  0.415702
  14.4100007  0.41035
  14.4200007  0.40474
  14.4300007  0.398879
  14.4400007  0.392771
  14.4500007  0.386421
  14.4600007  0.379832
  14.4700007  0.373007
  14.4800007  0.365947
  14.4900007  0.358657
  14.5000007  0.351133
  14.5100007  0.343378
  14.5200007  0.335393
  14.5300007  0.327179
  14.5400007  0.318734
  14.5500007  0.310062
  14.5600007  0.301167
  14.5700007  0.292059
  14.5800007  0.282745
  14.5900007  0.273237
  14.6000007  0.263546
  14.6100007  0.253684
  14.6200007  0.243666
  14.6300007  0.233503
  14.6400007  0.223213
  14.6500007  0.21281
  14.6600007  0.20231
  14.6700007  0.191731
  14.6800007  0.181088
  14.6900007  0.170398
  14.7000007  0.159676
  14.7100007  0.148936
  14.7200007  0.138194
  14.7300007  0.127461
  14.7400007  0.116748
  14.7500007  0.106065
  14.7600007  0.09542
  14.7700007  0.084813
  14.7800007  0.074247
  14.7900007  0.063719
  14.8000007  0.053227
  14.8100007  0.042769
  14.8200007  0.032338
  14.8300007  0.021931
  14.8400007  0.011542
  14.8500007  0.001166
  14.8600007 -0.009204
  14.8700007 -0.019572
  14.8800007 -0.029942
  14.8900007 -0.040316
  14.9000007 -0.050695
  14.9100007 -0.06108
  14.9200007 -0.071466
  14.9300007 -0.08185
  14.9400007 -0.092224
  14.9500007 -0.102581
  14.9600007 -0.11291
  14.9700007 -0.123195
  14.9800007 -0.133422
  14.9900007 -0.143572
  15.0000007 -0.153819
  15.0100007 -0.163756
  15.0200007 -0.173559
  15.0300007 -0.183205
  15.0400007 -0.192676
  15.0500007 -0.201951
  15.0600007 -0.211012
  15.0700007 -0.219839
  15.0800007 -0.228419
  15.0900007 -0.236734
  15.1000007 -0.244771
  15.1100007 -0.25252
  15.1200007 -0.259971
  15.1300007 -0.267117
  15.1400007 -0.273951
  15.1500007 -0.280468
  15.1600007 -0.28667
  15.1700007 -0.29256
  15.1800007 -0.298147
  15.1900007 -0.30344
  15.2000007 -0.308446
  15.2100007 -0.313178
  15.2200007 -0.317643
  15.2300007 -0.321851
  15.2400007 -0.325809
  15.2500007 -0.329526
  15.2600007 -0.333006
  15.2700007 -0.336257
  15.2800007 -0.339282
  15.2900007 -0.342081
  15.3000007 -0.344658
  15.3100007 -0.347014
  15.3200007 -0.349145
  15.3300007 -0.35105
  15.3400007 -0.352725
  15.3500007 -0.354166
  15.3600007 -0.355369
  15.3700007 -0.35633
  15.3800007 -0.357045
  15.3900007 -0.357507
  15.4000007 -0.357714
  15.4100007 -0.357662
  15.4200007 -0.35735
  15.4300007 -0.356772
  15.4400007 -0.355931
  15.4500007 -0.354823
  15.4600007 -0.35345
  15.4700007 -0.351813
  15.4800007 -0.349914
  15.4900007 -0.347756
  15.5000007 -0.345341
  15.5100007 -0.342675
  15.5200007 -0.339762
  15.5300007 -0.336605
  15.5400007 -0.33321
  15.5500007 -0.32958
  15.5600007 -0.325723
  15.5700007 -0.321643
  15.5800007 -0.317347
  15.5900007 -0.312845
  15.6000007 -0.30814
  15.6100007 -0.303241
  15.6200007 -0.298155
  15.6300007 -0.292885
  15.6400007 -0.287437
  15.6500007 -0.281817
  15.6600007 -0.27603
  15.6700007 -0.27008
  15.6800007 -0.263971
  15.6900007 -0.25771
  15.7000007 -0.251299
  15.7100007 -0.244746
  15.7200007 -0.238054
  15.7300007 -0.231229
  15.7400007 -0.224276
  15.7500007 -0.217203
  15.7600007 -0.210013
  15.7700007 -0.202715
  15.7800007 -0.195318
  15.7900007 -0.187831
  15.8000008 -0.180263
  15.8100008 -0.172621
  15.8200008 -0.164916
  15.8300008 -0.157153
  15.8400008 -0.149341
  15.8500008 -0.141487
  15.8600008 -0.133595
  15.8700008 -0.125673
  15.8800008 -0.117722
  15.8900008 -0.10975
  15.9000008 -0.101758
  15.9100008 -0.09375
  15.9200008 -0.085729
  15.9300008 -0.077696
  15.9400008 -0.069656
  15.9500008 -0.061611
  15.9600008 -0.053564
  15.9700008 -0.045518
  15.9800008 -0.037473
  15.9900008 -0.029428
  16.0000008 -0.021385
  16.0100008 -0.013346
  16.0200008 -0.005315
  16.0300008  0.002703
  16.0400008  0.010704
  16.0500008  0.018678
  16.0600008  0.026618
  16.0700008  0.034517
  16.0800008  0.042362
  16.0900008  0.050146
  16.1000008  0.057856
  16.1100008  0.065482
  16.1200008  0.073012
  16.1300008  0.08044
  16.1400008  0.087753
  16.1500008  0.094944
  16.1600008  0.102006
  16.1700008  0.108932
  16.1800008  0.115715
  16.1900008  0.122353
  16.2000008  0.128842
  16.2100008  0.13518
  16.2200008  0.141366
  16.2300008  0.147403
  16.2400008  0.153293
  16.2500008  0.15904
  16.2600008  0.164647
  16.2700008  0.170121
  16.2800008  0.175466
  16.2900008  0.180687
  16.3000008  0.185789
  16.3100008  0.190775
  16.3200008  0.19565
  16.3300008  0.200413
  16.3400008  0.205064
  16.3500008  0.209603
  16.3600008  0.214025
  16.3700008  0.218327
  16.3800008  0.222505
  16.3900008  0.226553
  16.4000008  0.230465
  16.4100008  0.234237
  16.4200008  0.237855
  16.4300008  0.241314
  16.4400008  0.244598
  16.4500008  0.2477
  16.4600008  0.250606
  16.4700008  0.253304
  16.4800008  0.255784
  16.4900008  0.258037
  16.5000008  0.260051
  16.5100008  0.261818
  16.5200008  0.263334
  16.5300008  0.264592
  16.5400008  0.26559
  16.5500008  0.266325
  16.5600008  0.2668
  16.5700008  0.267016
  16.5800008  0.266978
  16.5900008  0.266694
  16.6000008  0.266176
  16.6100008  0.265434
  16.6200008  0.26448
  16.6300008  0.263325
  16.6400008  0.261981
  16.6500008  0.260461
  16.6600008  0.258776
  16.6700008  0.256939
  16.6800008  0.254958
  16.6900008  0.252843
  16.7000008  0.250603
  16.7100008  0.248245
  16.7200008  0.245772
  16.7300008  0.243192
  16.7400008  0.240506
  16.7500008  0.237715
  16.7600008  0.234822
  16.7700008  0.231828
  16.7800008  0.228726
  16.7900008  0.225515
  16.8000008  0.22219
  16.8100008  0.218747
  16.8200008  0.21518
  16.8300008  0.211485
  16.8400008  0.207658
  16.8500008  0.203695
  16.8600008  0.199594
  16.8700008  0.195352
  16.8800008  0.190968
  16.8900008  0.18644
  16.9000008  0.181769
  16.9100008  0.176956
  16.9200008  0.172002
  16.9300008  0.166908
  16.9400008  0.161676
  16.9500008  0.156309
  16.9600008  0.150809
  16.9700008  0.145179
  16.9800008  0.139421
  16.9900008  0.133549
  17.0000008  0.127448
  17.0100008  0.121377
  17.0200008  0.115223
  17.0300008  0.108997
  17.0400008  0.102707
  17.0500008  0.096365
  17.0600008  0.089978
  17.0700008  0.083557
  17.0800008  0.077109
  17.0900008  0.070644
  17.1000008  0.064172
  17.1100008  0.057702
  17.1200008  0.051243
  17.1300008  0.044807
  17.1400008  0.038404
  17.1500008  0.032045
  17.1600008  0.025742
  17.1700008  0.019507
  17.1800008  0.013353
  17.1900008  0.00728
  17.2000008  0.001293
  17.2100008 -0.004608
  17.2200008 -0.010421
  17.2300008 -0.016143
  17.2400008 -0.021775
  17.2500008 -0.027317
  17.2600008 -0.032767
  17.2700008 -0.03813
  17.2800008 -0.043407
  17.2900008 -0.048603
  17.3000008 -0.053722
  17.3100008 -0.058771
  17.3200008 -0.063759
  17.3300008 -0.068691
  17.3400008 -0.07358
  17.3500008 -0.078435
  17.3600008 -0.083265
  17.3700008 -0.088082
  17.3800008 -0.092894
  17.3900008 -0.097708
  17.4000008 -0.102527
  17.4100008 -0.107352
  17.4200008 -0.112184
  17.4300008 -0.117022
  17.4400008 -0.121862
  17.4500008 -0.126699
  17.4600008 -0.131525
  17.4700008 -0.136328
  17.4800008 -0.141096
  17.4900008 -0.145815
  17.5000008 -0.150468
  17.5100008 -0.155034
  17.5200008 -0.159495
  17.5300008 -0.163829
  17.5400008 -0.168012
  17.5500008 -0.172025
  17.5600008 -0.175845
  17.5700008 -0.17945
  17.5800008 -0.182822
  17.5900008 -0.185944
  17.6000008 -0.188806
  17.6100008 -0.191399
  17.6200008 -0.193718
  17.6300008 -0.195759
  17.6400008 -0.197523
  17.6500008 -0.199016
  17.6600008 -0.200244
  17.6700008 -0.201218
  17.6800008 -0.201951
  17.6900008 -0.20246
  17.7000008 -0.202764
  17.7100008 -0.20288
  17.7200008 -0.202832
  17.7300008 -0.20264
  17.7400008 -0.202323
  17.7500008 -0.201904
  17.7600008 -0.2014
  17.7700008 -0.200828
  17.7800008 -0.200202
  17.7900008 -0.199534
  17.8000008 -0.198834
  17.8100008 -0.198109
  17.8200008 -0.197362
  17.8300008 -0.196591
  17.8400008 -0.195794
  17.8500008 -0.19496
  17.8600008 -0.194079
  17.8700008 -0.193137
  17.8800008 -0.192117
  17.8900008 -0.191001
  17.9000009 -0.189769
  17.9100009 -0.188403
  17.9200009 -0.186883
  17.9300009 -0.185192
  17.9400009 -0.183311
  17.9500009 -0.181227
  17.9600009 -0.178928
  17.9700009 -0.176408
  17.9800009 -0.173661
  17.9900009 -0.170687
  18.0000009 -0.16749
  18.0100009 -0.16408
  18.0200009 -0.160471
  18.0300009 -0.156675
  18.0400009 -0.152714
  18.0500009 -0.148611
  18.0600009 -0.144388
  18.0700009 -0.140071
  18.0800009 -0.135687
  18.0900009 -0.131259
  18.1000009 -0.126816
  18.1100009 -0.12238
  18.1200009 -0.117973
  18.1300009 -0.113615
  18.1400009 -0.109321
  18.1500009 -0.105104
  18.1600009 -0.100972
  18.1700009 -0.096931
  18.1800009 -0.092979
  18.1900009 -0.089116
  18.2000009 -0.085329
  18.2100009 -0.081606
  18.2200009 -0.077933
  18.2300009 -0.074289
  18.2400009 -0.070654
  18.2500009 -0.067008
  18.2600009 -0.06333
  18.2700009 -0.059597
  18.2800009 -0.055791
  18.2900009 -0.051892
  18.3000009 -0.047884
  18.3100009 -0.043756
  18.3200009 -0.039497
  18.3300009 -0.035101
  18.3400009 -0.030568
  18.3500009 -0.025897
  18.3600009 -0.021096
  18.3700009 -0.016176
  18.3800009 -0.011148
  18.3900009 -0.006029
  18.4000009 -0.000841
  18.4100009  0.004394
  18.4200009  0.00965
  18.4300009  0.014902
  18.4400009  0.020123
  18.4500009  0.02529
  18.4600009  0.03038
  18.4700009  0.03537
  18.4800009  0.040242
  18.4900009  0.044981
  18.5000009  0.049574
  18.5100009  0.054013
  18.5200009  0.058292
  18.5300009  0.062412
  18.5400009  0.066373
  18.5500009  0.07018
  18.5600009  0.073844
  18.5700009  0.077374
  18.5800009  0.080783
  18.5900009  0.084084
  18.6000009  0.087295
  18.6100009  0.090434
  18.6200009  0.093517
  18.6300009  0.09656
  18.6400009  0.099578
  18.6500009  0.10258
  18.6600009  0.105577
  18.6700009  0.108574
  18.6800009  0.111571
  18.6900009  0.114568
  18.7000009  0.117559
  18.7100009  0.120536
  18.7200009  0.123487
  18.7300009  0.126397
  18.7400009  0.129251
  18.7500009  0.132029
  18.7600009  0.134711
  18.7700009  0.137278
  18.7800009  0.139709
  18.7900009  0.141985
  18.8000009  0.144087
  18.8100009  0.146001
  18.8200009  0.147714
  18.8300009  0.149216
  18.8400009  0.150501
  18.8500009  0.151564
  18.8600009  0.152407
  18.8700009  0.153032
  18.8800009  0.153447
  18.8900009  0.153662
  18.9000009  0.153689
  18.9100009  0.153543
  18.9200009  0.153243
  18.9300009  0.152804
  18.9400009  0.152247
  18.9500009  0.151591
  18.9600009  0.150852
  18.9700009  0.15005
  18.9800009  0.1492
  18.9900009  0.148316
  19.0000009  0.147391
  19.0100009  0.146468
  19.0200009  0.145538
  19.0300009  0.144603
  19.0400009  0.143664
  19.0500009  0.142718
  19.0600009  0.141759
  19.0700009  0.140778
  19.0800009  0.139766
  19.0900009  0.138709
  19.1000009  0.137595
  19.1100009  0.136409
  19.1200009  0.135136
  19.1300009  0.133763
  19.1400009  0.132278
  19.1500009  0.130668
  19.1600009  0.128925
  19.1700009  0.12704
  19.1800009  0.12501
  19.1900009  0.122832
  19.2000009  0.120508
  19.2100009  0.118042
  19.2200009  0.11544
  19.2300009  0.112715
  19.2400009  0.109877
  19.2500009  0.106942
  19.2600009  0.103922
  19.2700009  0.100836
  19.2800009  0.097699
  19.2900009  0.094528
  19.3000009  0.091337
  19.3100009  0.088142
  19.3200009  0.084956
  19.3300009  0.08179
  19.3400009  0.078652
  19.3500009  0.075549
  19.3600009  0.072485
  19.3700009  0.069461
  19.3800009  0.066476
  19.3900009  0.063526
  19.4000009  0.060604
  19.4100009  0.057702
  19.4200009  0.054807
  19.4300009  0.051905
  19.4400009  0.048985
  19.4500009  0.04603
  19.4600009  0.043029
  19.4700009  0.039969
  19.4800009  0.036839
  19.4900009  0.033629
  19.5000009  0.030334
  19.5100009  0.026949
  19.5200009  0.023471
  19.5300009  0.019902
  19.5400009  0.016244
  19.5500009  0.012503
  19.5600009  0.008689
  19.5700009  0.00481
  19.5800009  0.000879
  19.5900009 -0.003089
  19.6000009 -0.007081
  19.6100009 -0.011077
  19.6200009 -0.015057
  19.6300009 -0.019
  19.6400009 -0.022885
  19.6500009 -0.026696
  19.6600009 -0.030414
  19.6700009 -0.034027
  19.6800009 -0.037521
  19.6900009 -0.040888
  19.7000009 -0.044121
  19.7100009 -0.047216
  19.7200009 -0.050173
  19.7300009 -0.052992
  19.7400009 -0.055676
  19.7500009 -0.058231
  19.7600009 -0.060663
  19.7700009 -0.062981
  19.7800009 -0.065192
  19.7900009 -0.067305
  19.8000009 -0.069329
  19.8100009 -0.071275
  19.8200009 -0.073162
  19.8300009 -0.075005
  19.8400009 -0.076818
  19.8500009 -0.078617
  19.8600009 -0.080407
  19.8700009 -0.082199
  19.8800009 -0.083995
  19.8900009 -0.085799
