  0.     -203.156318
  0.0100 -203.149273
  0.0200 -203.128138
  0.0300 -203.092913
  0.0400 -203.043598
  0.0500 -202.980193
  0.0600 -202.902698
  0.0700 -202.811113
  0.0800 -202.705439
  0.0900 -202.585674
  0.1000 -202.451819
  0.1100 -202.303874
  0.1200 -202.141839
  0.1300 -201.965715
  0.1400 -201.7755
  0.1500 -201.571195
  0.1600 -201.3528
  0.1700 -201.120316
  0.1800 -200.873741
  0.1900 -200.613076
  0.2000 -200.338322
  0.2100 -200.049477
  0.2200 -199.746542
  0.2300 -199.429518
  0.2400 -199.098403
  0.2500 -198.753199
  0.2600 -198.393904
  0.2700 -198.02052
  0.2800 -197.633045
  0.2900 -197.231481
  0.3000 -196.815826
  0.3100 -196.386082
  0.3200 -195.942247
  0.3300 -195.484323
  0.3400 -195.012308
  0.3500 -194.526204
  0.3600 -194.02601
  0.3700 -193.511725
  0.3800 -192.983351
  0.3900 -192.440887
  0.4000 -191.884332
  0.4100 -191.313688
  0.4200  -190.728954
  0.4300  -190.13013
  0.4400  -189.517215
  0.4500  -188.890211
  0.4600  -188.249117
  0.4700  -187.593933
  0.4800  -186.924659
  0.4900  -186.241295
  0.5000  -185.54384
  0.5100  -184.832296
  0.5200  -184.106662
  0.5300  -183.366938
  0.5400  -182.613124
  0.5500  -181.84522
  0.5600  -181.063226
  0.5700  -180.267142
  0.5800  -179.456968
  0.5900  -178.632704
  0.6000  -177.79435
  0.6100  -176.941906
  0.6200  -176.075373
  0.6300  -175.194749
  0.6400  -174.300035
  0.6500  -173.391231
  0.6600  -172.468337
  0.6700  -171.531353
  0.6800  -170.58028
  0.6900  -169.615116
  0.7000  -168.635862
  0.7100  -167.642518
  0.7200  -166.635085
  0.7300  -165.613561
  0.7400  -164.577947
  0.7500  -163.528244
  0.7600  -162.46445
  0.7700  -161.386566
  0.7800  -160.294593
  0.7900  -159.188529
  0.8000  -158.068376
  0.8100  -156.934132
  0.8200  -155.785799
  0.8300  -154.623375
  0.8400  -153.446862
  0.8500  -152.256258
  0.8600 -151.051565
  0.8700 -149.832781
  0.8800 -148.599908
  0.8900 -147.352944
  0.9000 -146.091891
  0.9100 -144.816748
  0.9200 -143.527514
  0.9300 -142.224191
  0.9400 -140.906778
  0.9500 -139.575274
  0.9600 -138.229681
  0.9700 -136.869998
  0.9800 -135.496224
  0.9900 -134.108361
  1.0000 -132.706408
  1.0100 -131.290365
  1.0200 -129.860232
  1.0300 -128.416008
  1.0400 -126.957695
  1.0500 -125.485292
  1.0600 -123.998799
  1.0700 -122.498216
  1.0800 -120.983543
  1.0900 -119.45478
  1.1000 -117.911927
  1.1100 -116.354984
  1.1200 -114.783951
  1.1300 -113.198828
  1.1400 -111.599615
  1.1500 -109.986312
  1.1600 -108.358919
  1.1700 -106.717436
  1.1800 -105.061863
  1.1900 -103.3922
  1.2000 -101.708448
  1.2100 -100.010605
  1.2200 -98.298672
  1.2300 -96.572649
  1.2400 -94.832536
  1.2500 -93.078334
  1.2600 -91.310041
  1.2700 -89.527658
  1.2800 -87.731185
  1.2900 -85.920623
  1.3000 -84.09597
  1.3100 -82.257227
  1.3200 -80.404395
  1.3300 -78.537472
  1.3400 -76.65646
  1.3500 -75.708182
  1.3600 -73.88331
  1.3700 -72.045615
  1.3800 -70.196439
  1.3900 -68.337368
  1.4000 -66.470218
  1.4100 -64.597011
  1.4200 -62.719952
  1.4300 -60.841404
  1.4400 -58.963856
  1.4500 -57.089896
  1.4600 -55.222178
  1.4700 -53.363393
  1.4800 -51.516238
  1.4900 -49.683386
  1.5000 -47.86746
  1.5100 -46.071008
  1.5200 -44.296478
  1.5300 -42.546198
  1.5400 -40.822361
  1.5500 -39.127009
  1.5600 -37.462021
  1.5700 -35.829106
  1.5800 -34.229798
  1.5900 -32.66545
  1.6000 -31.137238
  1.6100 -29.64616
  1.6200 -28.193041
  1.6300 -26.778539
  1.6400 -25.403148
  1.6500 -24.067213
  1.6600 -22.770934
  1.6700 -21.514377
  1.6800 -20.297484
  1.6900 -19.120083
  1.7000 -17.9819
  1.7100 -16.882566
  1.7200 -15.821632
  1.7300 -14.798572
  1.7400 -13.8128
  1.7500 -12.863672
  1.7600 -11.950497
  1.7700 -11.072546
  1.7800 -10.229058
  1.7900 -9.419246
  1.8000 -8.642302
  1.8100 -7.897407
  1.8200 -7.183729
  1.8300 -6.500432
  1.8400 -5.84668
  1.8500 -5.221638
  1.8600 -4.624476
  1.8700 -4.054369
  1.8800 -3.510504
  1.8900 -2.992078
  1.9000 -2.498301
  1.9100 -2.028393
  1.9200 -1.581591
  1.9300 -1.157147
  1.9400 -0.754325
  1.9500 -0.372405
  1.9600 -0.010683
  1.9700  0.331531
  1.9800  0.654915
  1.9900  0.96013
  2.0000  1.247827
  2.0100  1.518643
  2.0200  1.773202
  2.0300  2.012122
  2.0400  2.236006
  2.0500  2.44545
  2.0600  2.641042
  2.0700  2.823364
  2.0800  2.992988
  2.0900  3.150484
  2.1000  3.296415
  2.1100  3.431342
  2.1200  3.555821
  2.1300  3.670406
  2.1400  3.775648
  2.1500  3.872097
  2.1600  3.960302
  2.1700  4.040811
  2.1800  4.114168
  2.1900  4.180919
  2.2000  4.241606
  2.2100  4.29677
  2.2200   4.34695
  2.2300   4.392679
  2.2400   4.434489
  2.2500   4.472904
  2.2600   4.508441
  2.2700   4.541611
  2.2800   4.572913
  2.2900   4.602834
  2.3000   4.63185
  2.3100   4.66042
  2.3200   4.688983
  2.3300   4.717962
  2.3400   4.747757
  2.3500   4.778744
  2.3600   4.811271
  2.3700   4.845661
  2.3800   4.882205
  2.3900   4.921164
  2.4000   4.962764
  2.4100   5.007196
  2.4200   5.054619
  2.4300   5.10515
  2.4400   5.158873
  2.4500   5.215832
  2.4600   5.276036
  2.4700   5.339454
  2.4800   5.40602
  2.4900   5.475633
  2.5000   5.548156
  2.5100   5.623421
  2.5200   5.701227
  2.5300   5.781345
  2.5400   5.863519
  2.5500   5.947467
  2.5600   6.032885
  2.5700   6.119451
  2.5800   6.206824
  2.5900   6.294647
  2.6000   6.382555
  2.6100   6.470168
  2.6200   6.557104
  2.6300   6.642972
  2.6400   6.72738
  2.6500   6.809938
  2.6600   6.890252
  2.6700   6.967937
  2.6800   7.04261
  2.6900   7.113893
  2.7000   7.18142
  2.7100   7.244831
  2.7200   7.303776
  2.7300   7.357916
  2.7400   7.406926
  2.7500   7.450489
  2.7600   7.488305
  2.7700   7.520083
  2.7800   7.545549
  2.7900   7.564441
  2.8000   7.576509
  2.8100   7.581521
  2.8200   7.579255
  2.8300   7.569506
  2.8400   7.552082
  2.8500   7.526806
  2.8600   7.493513
  2.8700   7.452054
  2.8800   7.402296
  2.8900   7.344117
  2.9000   7.277413
  2.9100   7.202094
  2.9200   7.118083
  2.9300   7.025323
  2.9400   6.923767
  2.9500   6.81339
  2.9600   6.69418
  2.9700   6.566141
  2.9800   6.429299
  2.9900   6.283692
  3.0000   6.129381
  3.0100   5.966444
  3.0200   5.794976
  3.0300   5.615095
  3.0400   5.426937
  3.0500   5.230658
  3.0600   5.026436
  3.0700   4.814466
  3.0800   4.594968
  3.0900   4.368179
  3.1000   4.134357
  3.1100   3.893782
  3.1200   3.64675
  3.1300   3.393578
  3.1400   3.134602
  3.1500   2.870171
  3.1600   2.600655
  3.1700   2.326435
  3.1800   2.047906
  3.1900   1.765477
  3.2000   1.479564
  3.2100   1.190595
  3.2200   0.899002
  3.2300   0.605223
  3.2400   0.309699
  3.2500   0.012874
  3.2600  -0.284812
  3.2700  -0.582917
  3.2800  -0.881006
  3.2900  -1.178646
  3.3000  -1.475415
  3.3100  -1.770894
  3.3200  -2.064675
  3.3300  -2.356359
  3.3400  -2.645558
  3.3500  -2.931895
  3.3600  -3.215001
  3.3700  -3.494522
  3.3800  -3.770111
  3.3900  -4.041437
  3.4000  -4.308174
  3.4100  -4.57001
  3.4200  -4.826642
  3.4300  -5.077776
  3.4400  -5.323127
  3.4500  -5.562419
  3.4600  -5.795384
  3.4700  -6.021761
  3.4800  -6.2413
  3.4900  -6.453754
  3.5000  -6.658887
  3.5100  -6.856471
  3.5200  -7.046284
  3.5300  -7.228115
  3.5400  -7.40176
  3.5500  -7.567028
  3.5600  -7.723736
  3.5700  -7.871714
  3.5800  -8.010806
  3.5900  -8.140866
  3.6000  -8.261767
  3.6100  -8.373396
  3.6200  -8.475655
  3.6300  -8.568468
  3.6400  -8.651773
  3.6500  -8.725532
  3.6600  -8.789723
  3.6700  -8.844348
  3.6800  -8.889428
  3.6900  -8.925006
  3.7000  -8.951146
  3.7100  -8.967933
  3.7200  -8.975473
  3.7300  -8.973892
  3.7400  -8.963336
  3.7500  -8.94397
  3.7600  -8.915975
  3.7700  -8.87955
  3.7800  -8.83491
  3.7900  -8.782282
  3.8000  -8.721907
  3.8100  -8.654036
  3.8200  -8.578931
  3.8300  -8.49686
  3.8400  -8.4081
  3.8500  -8.312931
  3.8600  -8.211635
  3.8700  -8.1045
  3.8800  -7.991812
  3.8900  -7.873856
  3.9000  -7.750916
  3.9100  -7.623272
  3.9200  -7.491201
  3.9300  -7.354975
  3.9400  -7.214859
  3.9500  -7.071113
  3.9600  -6.923989
  3.9700  -6.773732
  3.9800  -6.620578
  3.9900  -6.464758
  4.0000  -6.30649
  4.0100  -6.145988
  4.0200  -5.983456
  4.0300  -5.819089
  4.0400  -5.653074
  4.0500  -5.485591
  4.0600  -5.316813
  4.0700  -5.146903
  4.0800  -4.976019
  4.0900  -4.804313
  4.1000  -4.631928
  4.1100 -4.459003
  4.1200 -4.285671
  4.1300 -4.112061
  4.1400 -3.938296
  4.1500 -3.764494
  4.1600 -3.590771
  4.1700 -3.417237
  4.1800 -3.244002
  4.1900 -3.07117
  4.2000 -2.898844
  4.2100 -2.727123
  4.2200 -2.556106
  4.2300 -2.385887
  4.2400 -2.216561
  4.2500 -2.04822
  4.2600 -1.880955
  4.2700 -1.714853
  4.2800 -1.550004
  4.2900 -1.386492
  4.3000 -1.224402
  4.3100 -1.063818
  4.3200  -0.904821
  4.3300  -0.747491
  4.3400  -0.591906
  4.3500  -0.438143
  4.3600  -0.286277
  4.3700  -0.136382
  4.3800   0.011473
  4.3900   0.157217
  4.4000   0.300784
  4.4100   0.442109
  4.4200   0.58113
  4.4300   0.717787
  4.4400   0.852023
  4.4500   0.983785
  4.4600   1.113019
  4.4700   1.239677
  4.4800   1.363713
  4.4900   1.485083
  4.5000   1.603749
  4.5100   1.719671
  4.5200   1.832817
  4.5300   1.943155
  4.5400   2.050656
  4.5500   2.155296
  4.5600   2.257052
  4.5700   2.355905
  4.5800   2.451838
  4.5900   2.544837
  4.6000   2.634892
  4.6100   2.721993
  4.6200   2.806136
  4.6300   2.887315
  4.6400   2.965531
  4.6500   3.040784
  4.6600   3.113078
  4.6700   3.182416
  4.6800   3.248808
  4.6900   3.31226
  4.7000   3.372783
  4.7100   3.430388
  4.7200   3.48509
  4.7300   3.536901
  4.7400   3.585836
  4.7500   3.631913
  4.7600   3.675147
  4.7700   3.715557
  4.7800   3.753159
  4.7900   3.787972
  4.8000   3.820015
  4.8100   3.849307
  4.8200   3.875866
  4.8300   3.899711
  4.8400   3.920861
  4.8500   3.939334
  4.8600   3.955149
  4.8700   3.968324
  4.8800   3.978875
  4.8900   3.98682
  4.9000   3.992176
  4.9100   3.994959
  4.9200   3.995184
  4.9300   3.992867
  4.9400   3.988021
  4.9500   3.980662
  4.9600   3.970802
  4.9700   3.958455
  4.9800   3.943633
  4.9900   3.926349
  5.0000   3.906615
  5.0100   3.884443
  5.0200   3.859844
  5.0300   3.83283
  5.0400   3.803413
  5.0500   3.771603
  5.0600   3.737414
  5.0700   3.700857
  5.0800   3.661944
  5.0900   3.62069
  5.1000   3.577106
  5.1100   3.531209
  5.1200   3.483013
  5.1300   3.432535
  5.1400   3.379791
  5.1500   3.324801
  5.1600   3.267585
  5.1700   3.208163
  5.1800   3.14656
  5.1900   3.0828
  5.2000   3.016908
  5.2100   2.948915
  5.2200   2.87885
  5.2300   2.806745
  5.2400   2.732636
  5.2500   2.656559
  5.2600   2.578554
  5.2700   2.498662
  5.2800   2.416928
  5.2900   2.333398
  5.3000   2.24812
  5.3100   2.161148
  5.3200   2.072534
  5.3300   1.982337
  5.3400   1.890614
  5.3500   1.797429
  5.3600   1.702845
  5.3700   1.60693
  5.3800   1.509752
  5.3900   1.411384
  5.4000   1.311899
  5.4100   1.211375
  5.4200   1.109888
  5.4300   1.00752
  5.4400   0.904352
  5.4500   0.80047
  5.4600   0.695959
  5.4700   0.590906
  5.4800   0.4854
  5.4900   0.379531
  5.5000   0.27339
  5.5100   0.16707
  5.5200   0.060664
  5.5300  -0.045736
  5.5400  -0.152034
  5.5500  -0.258137
  5.5600  -0.363949
  5.5700  -0.469377
  5.5800  -0.574325
  5.5900  -0.6787
  5.6000  -0.782408
  5.6100  -0.885356
  5.6200  -0.987452
  5.6300  -1.088605
  5.6400  -1.188724
  5.6500  -1.287721
  5.6600  -1.385507
  5.6700  -1.481996
  5.6800  -1.577103
  5.6900  -1.670746
  5.7000  -1.762843
  5.7100  -1.853314
  5.7200  -1.942082
  5.7300  -2.029071
  5.7400  -2.114207
  5.7500  -2.197418
  5.7600  -2.278636
  5.7700  -2.357793
  5.7800  -2.434825
  5.7900  -2.509668
  5.8000  -2.582262
  5.8100  -2.65255
  5.8200  -2.720475
  5.8300  -2.785986
  5.8400  -2.849031
  5.8500  -2.909562
  5.8600  -2.967533
  5.8700  -3.022903
  5.8800  -3.075629
  5.8900  -3.125674
  5.9000  -3.173004
  5.9100  -3.217585
  5.9200  -3.259388
  5.9300  -3.298385
  5.9400  -3.334552
  5.9500  -3.367868
  5.9600  -3.398313
  5.9700  -3.425871
  5.9800  -3.450531
  5.9900  -3.472281
  6.0000  -3.491114
  6.0100  -3.507026
  6.0200  -3.520017
  6.0300  -3.530087
  6.0400  -3.537242
  6.0500  -3.541491
  6.0600  -3.542843
  6.0700  -3.541313
  6.0800  -3.53692
  6.0900  -3.529683
  6.1000  -3.519625
  6.1100  -3.506775
  6.1200  -3.491161
  6.1300  -3.472816
  6.1400  -3.451776
  6.1500  -3.42808
  6.1600  -3.40177
  6.1700  -3.37289
  6.1800  -3.341487
  6.1900  -3.307611
  6.2000  -3.271315
  6.2100  -3.232652
  6.2200 -3.191682
  6.2300 -3.148462
  6.2400 -3.103054
  6.2500 -3.055523
  6.2600 -3.005932
  6.2700 -2.954349
  6.2800 -2.900843
  6.2900 -2.845482
  6.3000 -2.788339
  6.3100 -2.729485
  6.3200 -2.668993
  6.3300 -2.606937
  6.3400 -2.543391
  6.3500 -2.47843
  6.3600 -2.412128
  6.3700 -2.344562
  6.3800 -2.275805
  6.3900 -2.205933
  6.4000 -2.135021
  6.4100 -2.063142
  6.4200 -1.990371
  6.4300  -1.91678
  6.4400  -1.842441
  6.4500  -1.767427
  6.4600  -1.691807
  6.4700  -1.61565
  6.4800  -1.539026
  6.4900  -1.462001
  6.5000  -1.38464
  6.5100  -1.30701
  6.5200  -1.229172
  6.5300  -1.151188
  6.5400  -1.073121
  6.5500  -0.995027
  6.5600  -0.916966
  6.5700  -0.838993
  6.5800  -0.761163
  6.5900  -0.68353
  6.6000  -0.606147
  6.6100  -0.529063
  6.6200  -0.452329
  6.6300  -0.375992
  6.6400  -0.300099
  6.6500  -0.224697
  6.6600  -0.149829
  6.6700  -0.075538
  6.6800  -0.001868
  6.6900   0.071142
  6.7000   0.143451
  6.7100   0.21502
  6.7200   0.285811
  6.7300   0.355788
  6.7400   0.424913
  6.7500   0.493153
  6.7600   0.560471
  6.7700   0.626835
  6.7800   0.692212
  6.7900   0.75657
  6.8000   0.819877
  6.8100   0.882103
  6.8200   0.943217
  6.8300   1.003191
  6.8400   1.061996
  6.8500   1.119604
  6.8600   1.175988
  6.8700   1.231121
  6.8800   1.284977
  6.8900   1.337531
  6.9000   1.388759
  6.9100   1.438637
  6.9200   1.487141
  6.9300   1.53425
  6.9400   1.579941
  6.9500   1.624194
  6.9600   1.666988
  6.9700   1.708305
  6.9800   1.748126
  6.9900   1.786433
  7.0000   1.82321
  7.0100   1.85844
  7.0200   1.892109
  7.0300   1.924203
  7.0400   1.954708
  7.0500   1.983613
  7.0600   2.010905
  7.0700   2.036577
  7.0800   2.060617
  7.0900   2.083018
  7.1000   2.103773
  7.1100   2.122877
  7.1200   2.140324
  7.1300   2.156111
  7.1400   2.170234
  7.1500   2.182693
  7.1600   2.193487
  7.1700   2.202617
  7.1800   2.210084
  7.1900   2.215891
  7.2000   2.220042
  7.2100   2.222542
  7.2200   2.223397
  7.2300   2.222615
  7.2400   2.220203
  7.2500   2.216171
  7.2600   2.210528
  7.2700   2.203287
  7.2800   2.194459
  7.2900   2.184057
  7.3000   2.172096
  7.3100   2.158591
  7.3200   2.143557
  7.3300   2.127011
  7.3400   2.108971
  7.3500   2.089456
  7.3600   2.068485
  7.3700   2.046077
  7.3800   2.022254
  7.3900   1.997038
  7.4000   1.97045
  7.4100   1.942515
  7.4200   1.913254
  7.4300   1.882694
  7.4400   1.850859
  7.4500   1.817775
  7.4600   1.783468
  7.4700   1.747965
  7.4800   1.711294
  7.4900   1.673483
  7.5000   1.634561
  7.5100   1.594557
  7.5200   1.553501
  7.5300   1.511424
  7.5400   1.468357
  7.5500   1.424331
  7.5600   1.379379
  7.5700   1.333534
  7.5800   1.286828
  7.5900   1.239296
  7.6000   1.190972
  7.6100   1.141891
  7.6200   1.092089
  7.6300   1.041601
  7.6400   0.990465
  7.6500   0.938718
  7.6600   0.886398
  7.6700   0.833541
  7.6800   0.780189
  7.6900   0.726379
  7.7000   0.672152
  7.7100   0.617548
  7.7200   0.562608
  7.7300   0.507373
  7.7400   0.451885
  7.7500   0.396187
  7.7600   0.34032
  7.7700   0.284327
  7.7800   0.228253
  7.7900   0.17214
  7.8000   0.116033
  7.8100   0.059975
  7.8200   0.004011
  7.8300  -0.051814
  7.8400  -0.107456
  7.8500  -0.162871
  7.8600  -0.218013
  7.8700  -0.272838
  7.8800  -0.327302
  7.8900  -0.381361
  7.9000  -0.434969
  7.9100  -0.488084
  7.9200  -0.540662
  7.9300  -0.59266
  7.9400  -0.644036
  7.9500  -0.694747
  7.9600  -0.744752
  7.9700  -0.79401
  7.9800  -0.842481
  7.9900  -0.890127
  8.0000  -0.936909
  8.0100  -0.982789
  8.0200  -1.027731
  8.0300  -1.0717
  8.0400  -1.114661
  8.0500  -1.156582
  8.0600  -1.197429
  8.0700  -1.237173
  8.0800  -1.275784
  8.0900  -1.313233
  8.1000  -1.349494
  8.1100  -1.384541
  8.1200  -1.418349
  8.1300  -1.450897
  8.1400  -1.482163
  8.1500  -1.512127
  8.1600  -1.54077
  8.1700  -1.568075
  8.1800  -1.594027
  8.1900  -1.618611
  8.2000  -1.641815
  8.2100  -1.663628
  8.2200  -1.684039
  8.2300  -1.703039
  8.2400  -1.720623
  8.2500  -1.736784
  8.2600  -1.751518
  8.2700  -1.764821
  8.2800  -1.776692
  8.2900  -1.78713
  8.3000  -1.796136
  8.3100  -1.803712
  8.3200 -1.809861
  8.3300 -1.814587
  8.3400 -1.817896
  8.3500 -1.819794
  8.3600 -1.82029
  8.3700 -1.819391
  8.3800 -1.817107
  8.3900 -1.813449
  8.4000 -1.808429
  8.4100 -1.80206
  8.4200 -1.794355
  8.4300 -1.785328
  8.4400 -1.774996
  8.4500 -1.763374
  8.4600 -1.750479
  8.4700 -1.736331
  8.4800 -1.720947
  8.4900 -1.704348
  8.5000 -1.686554
  8.5100 -1.667587
  8.5200 -1.647467
  8.5300  -1.62622
  8.5400  -1.603867
  8.5500  -1.580434
  8.5600  -1.555945
  8.5700  -1.530427
  8.5800  -1.503906
  8.5900  -1.476409
  8.6000  -1.447965
  8.6100  -1.4186
  8.6200  -1.388346
  8.6300  -1.35723
  8.6400  -1.325285
  8.6500  -1.29254
  8.6600  -1.259027
  8.6700  -1.224777
  8.6800  -1.189824
  8.6900  -1.1542
  8.7000  -1.117937
  8.7100  -1.081071
  8.7200  -1.043633
  8.7300  -1.005659
  8.7400  -0.967184
  8.7500  -0.92824
  8.7600  -0.888864
  8.7700  -0.849091
  8.7800  -0.808954
  8.7900  -0.76849
  8.8000  -0.727733
  8.8100  -0.686718
  8.8200  -0.645481
  8.8300  -0.604055
  8.8400  -0.562476
  8.8500  -0.520778
  8.8600  -0.478995
  8.8700  -0.43716
  8.8800  -0.395308
  8.8900  -0.353471
  8.9000  -0.311682
  8.9100  -0.269973
  8.9200  -0.228376
  8.9300  -0.186922
  8.9400  -0.145642
  8.9500  -0.104565
  8.9600  -0.063722
  8.9700  -0.023141
  8.9800   0.01715
  8.9900   0.057122
  9.0000   0.09675
  9.0100   0.136007
  9.0200   0.174867
  9.0300   0.213306
  9.0400   0.2513
  9.0500   0.288824
  9.0600   0.325858
  9.0700   0.362378
  9.0800   0.398363
  9.0900   0.433793
  9.1000   0.468648
  9.1100   0.502909
  9.1200   0.536558
  9.1300   0.569576
  9.1400   0.601948
  9.1500   0.633655
  9.1600   0.664683
  9.1700   0.695016
  9.1800   0.72464
  9.1900   0.753541
  9.2000   0.781705
  9.2100   0.80912
  9.2200   0.835774
  9.2300   0.861655
  9.2400   0.886751
  9.2500   0.911052
  9.2600   0.934549
  9.2700   0.95723
  9.2800   0.979089
  9.2900   1.000114
  9.3000   1.0203
  9.3100   1.039637
  9.3200   1.058118
  9.3300   1.075737
  9.3400   1.092488
  9.3500   1.108364
  9.3600   1.12336
  9.3700   1.137471
  9.3800   1.150693
  9.3900   1.16302
  9.4000   1.174451
  9.4100   1.18498
  9.4200   1.194606
  9.4300   1.203327
  9.4400   1.21114
  9.4500   1.218044
  9.4600   1.224039
  9.4700   1.229123
  9.4800   1.233298
  9.4900   1.236563
  9.5000   1.23892
  9.5100   1.240371
  9.5200   1.240917
  9.5300   1.240562
  9.5400   1.239309
  9.5500   1.237162
  9.5600   1.234125
  9.5700   1.230204
  9.5800   1.225403
  9.5900   1.21973
  9.6000   1.213191
  9.6100   1.205793
  9.6200   1.197545
  9.6300   1.188454
  9.6400   1.178531
  9.6500   1.167785
  9.6600   1.156226
  9.6700   1.143866
  9.6800   1.130716
  9.6900   1.116787
  9.7000   1.102094
  9.7100   1.086648
  9.7200   1.070464
  9.7300   1.053557
  9.7400   1.03594
  9.7500   1.01763
  9.7600   0.998642
  9.7700   0.978993
  9.7800   0.958699
  9.7900   0.937779
  9.8000   0.916248
  9.8100   0.894126
  9.8200   0.871432
  9.8300   0.848183
  9.8400   0.8244
  9.8500   0.800101
  9.8600   0.775308
  9.8700   0.750039
  9.8800   0.724315
  9.8900   0.698158
  9.9000   0.671588
  9.9100   0.644626
  9.9200   0.617293
  9.9300   0.589612
  9.9400   0.561603
  9.9500   0.533289
  9.9600   0.504691
  9.9700   0.475832
  9.9800   0.446733
  9.9900   0.417417
  10.000   0.387906
  10.010   0.358222
  10.020   0.328388
  10.030   0.298426
  10.040   0.268359
  10.050   0.238207
  10.060   0.207995
  10.070   0.177743
  10.080   0.147475
  10.090   0.117212
  10.100   0.086977
  10.110   0.056791
  10.120   0.026676
  10.130  -0.003346
  10.140  -0.033253
  10.150  -0.063024
  10.160  -0.092637
  10.170  -0.122071
  10.180  -0.151304
  10.190  -0.180317
  10.200  -0.209088
  10.210  -0.237596
  10.220  -0.265821
  10.230  -0.293743
  10.240  -0.321341
  10.250  -0.348597
  10.260  -0.37549
  10.270  -0.402001
  10.280  -0.428112
  10.290  -0.453803
  10.300  -0.479056
  10.310  -0.503854
  10.320  -0.528179
  10.330  -0.552012
  10.340  -0.575338
  10.350  -0.59814
  10.360  -0.620402
  10.370  -0.642108
  10.380  -0.663242
  10.390  -0.683791
  10.400  -0.70374
  10.410  -0.723076
  10.420  -0.741784
  10.430  -0.759853
  10.440  -0.777271
  10.450  -0.794026
  10.460  -0.810108
  10.470  -0.825505
  10.480  -0.84021
  10.490  -0.854212
  10.500  -0.867503
  10.510  -0.880077
  10.520  -0.891925
  10.530  -0.903042
  10.540  -0.913422
  10.550  -0.923061
  10.560  -0.931954
  10.570  -0.940098
  10.580  -0.94749
  10.590  -0.954128
  10.600  -0.960011
  10.610  -0.965138
  10.620  -0.969509
  10.630  -0.973126
  10.640  -0.975989
  10.650  -0.978101
  10.660  -0.979464
  10.670  -0.980082
  10.680  -0.979959
  10.690  -0.9791
  10.700  -0.97751
  10.710  -0.975194
  10.720  -0.972159
  10.730  -0.968413
  10.740  -0.963962
  10.750  -0.958815
  10.760  -0.95298
  10.770  -0.946467
  10.780  -0.939285
  10.790  -0.931443
  10.800  -0.922953
  10.810  -0.913825
  10.820  -0.90407
  10.830  -0.893701
  10.840  -0.882727
  10.850  -0.871164
  10.860  -0.859021
  10.870  -0.846314
  10.880  -0.833055
  10.890  -0.819257
  10.900  -0.804935
  10.910  -0.790102
  10.920  -0.774772
  10.930  -0.758962
  10.940  -0.742684
  10.950  -0.725954
  10.960  -0.708788
  10.970  -0.691201
  10.980  -0.673208
  10.990  -0.654825
  11.000  -0.636068
  11.010  -0.616953
  11.020  -0.597497
  11.030  -0.577715
  11.040  -0.557625
  11.050  -0.537243
  11.060  -0.516585
  11.070  -0.495668
  11.080  -0.47451
  11.090  -0.453128
  11.100  -0.431538
  11.110  -0.409757
  11.120  -0.387804
  11.130  -0.365694
  11.140  -0.343446
  11.150  -0.321077
  11.160  -0.298604
  11.170  -0.276043
  11.180  -0.253414
  11.190  -0.230732
  11.200  -0.208015
  11.210  -0.18528
  11.220  -0.162544
  11.230  -0.139825
  11.240  -0.117138
  11.250  -0.094501
  11.260  -0.07193
  11.270  -0.049442
  11.280  -0.027053
  11.290  -0.004778
  11.300   0.017365
  11.310   0.039362
  11.320   0.061197
  11.330   0.082854
  11.340   0.10432
  11.350   0.125578
  11.360   0.146616
  11.370   0.167418
  11.380   0.187971
  11.390   0.208261
  11.400   0.228276
  11.410   0.248002
  11.420   0.267427
  11.430   0.286539
  11.440   0.305326
  11.450   0.323776
  11.460   0.34188
  11.470   0.359625
  11.480   0.377002
  11.490   0.394001
  11.500   0.410612
  11.510   0.426827
  11.520   0.442635
  11.530   0.45803
  11.540   0.473002
  11.550   0.487545
  11.560   0.501651
  11.570   0.515313
  11.580   0.528524
  11.590   0.541279
  11.600   0.553571
  11.610   0.565395
  11.620   0.576747
  11.630   0.58762
  11.640   0.598011
  11.650   0.607915
  11.660   0.617329
  11.670   0.626249
  11.680   0.634672
  11.690   0.642595
  11.700   0.650016
  11.710   0.656932
  11.720   0.66334
  11.730   0.669241
  11.740   0.674631
  11.750   0.67951
  11.760   0.683877
  11.770   0.687731
  11.780   0.691073
  11.790   0.693902
  11.800   0.696218
  11.810   0.698022
  11.820   0.699315
  11.830   0.700098
  11.840   0.700372
  11.850   0.700139
  11.860   0.699402
  11.870   0.698161
  11.880   0.696421
  11.890   0.694183
  11.900   0.691452
  11.910   0.68823
  11.920   0.684521
  11.930   0.68033
  11.940   0.675662
  11.950   0.67052
  11.960   0.66491
  11.970   0.658838
  11.980   0.652309
  11.990   0.645329
  12.000   0.637906
  12.010   0.630046
  12.020   0.621755
  12.030   0.613043
  12.040   0.603915
  12.050   0.594382
  12.060   0.58445
  12.070   0.57413
  12.080   0.563429
  12.090   0.552359
  12.100   0.540927
  12.110   0.529146
  12.120   0.517024
  12.130   0.504573
  12.140   0.491803
  12.150   0.478727
  12.160   0.465354
  12.170   0.451697
  12.180   0.437767
  12.190   0.423578
  12.200   0.40914
  12.210   0.394467
  12.220   0.37957
  12.230   0.364464
  12.240   0.349159
  12.250   0.33367
  12.260   0.318009
  12.270   0.30219
  12.280   0.286225
  12.290   0.270127
  12.300   0.25391
  12.310   0.237587
  12.320   0.22117
  12.330   0.204673
  12.340   0.188109
  12.350   0.171491
  12.360   0.15483
  12.370   0.138141
  12.380   0.121436
  12.390   0.104727
  12.400   0.088026
  12.410   0.071345
  12.420   0.054697
  12.430   0.038094
  12.440   0.021546
  12.450   0.005066
  12.460  -0.011336
  12.470  -0.027647
  12.480  -0.043858
  12.490  -0.059958
  12.500  -0.075936
  12.510  -0.091781
  12.520  -0.107485
  12.530  -0.123036
  12.540  -0.138425
  12.550  -0.153642
  12.560  -0.168679
  12.570  -0.183526
  12.580  -0.198174
  12.590  -0.212614
  12.600  -0.226838
  12.610  -0.240837
  12.620  -0.254603
  12.630  -0.268127
  12.640  -0.281403
  12.650  -0.294422
  12.660  -0.307176
  12.670  -0.319659
  12.680  -0.331862
  12.690  -0.343778
  12.700  -0.355402
  12.710  -0.366724
  12.720  -0.37774
  12.730  -0.388443
  12.740  -0.398825
  12.750  -0.408882
  12.760  -0.418606
  12.770  -0.427992
  12.780  -0.437035
  12.790  -0.445729
  12.800  -0.454068
  12.810  -0.462047
  12.820  -0.469662
  12.830  -0.476908
  12.840  -0.48378
  12.850  -0.490274
  12.860  -0.496387
  12.870  -0.502114
  12.880  -0.507453
  12.890  -0.512399
  12.900  -0.51695
  12.910  -0.521104
  12.920  -0.524858
  12.930  -0.52821
  12.940  -0.531159
  12.950  -0.533704
  12.960  -0.535842
  12.970  -0.537575
  12.980  -0.538902
  12.990  -0.539822
  13.000  -0.540336
  13.010  -0.540446
  13.020  -0.540152
  13.030  -0.539456
  13.040  -0.53836
  13.050  -0.536866
  13.060  -0.534977
  13.070  -0.532697
  13.080  -0.530029
  13.090  -0.526976
  13.100  -0.523543
  13.110  -0.519734
  13.120  -0.515554
  13.130  -0.51101
  13.140  -0.506105
  13.150  -0.500846
  13.160  -0.49524
  13.170  -0.489292
  13.180  -0.48301
  13.190  -0.476401
  13.200  -0.469471
  13.210  -0.462228
  13.220  -0.454681
  13.230  -0.446837
  13.240  -0.438704
  13.250  -0.43029
  13.260  -0.421605
  13.270  -0.412657
  13.280  -0.403454
  13.290  -0.394006
  13.300  -0.384321
  13.310  -0.374409
  13.320  -0.36428
  13.330  -0.353941
  13.340  -0.343403
  13.350  -0.332675
  13.360  -0.321767
  13.370  -0.310687
  13.380  -0.299446
  13.390  -0.288053
  13.400  -0.276517
  13.410  -0.264849
  13.420  -0.253056
  13.430  -0.24115
  13.440  -0.229138
  13.450  -0.217032
  13.460  -0.204839
  13.470  -0.19257
  13.480  -0.180233
  13.490  -0.167839
  13.500  -0.155395
  13.510  -0.142911
  13.520  -0.130397
  13.530  -0.11786
  13.540  -0.105311
  13.550  -0.092758
  13.560  -0.080209
  13.570  -0.067674
  13.580  -0.055162
  13.590  -0.04268
  13.600  -0.030237
  13.610  -0.017842
  13.620  -0.005504
  13.630   0.00677
  13.640   0.018971
  13.650   0.031092
  13.660   0.043123
  13.670   0.055058
  13.680   0.066887
  13.690   0.078604
  13.700   0.090201
  13.710   0.10167
  13.720   0.113004
  13.730   0.124195
  13.740   0.135236
  13.750   0.14612
  13.760   0.15684
  13.770   0.167389
  13.780   0.177761
  13.790   0.187949
  13.800   0.197946
  13.810   0.207747
  13.820   0.217345
  13.830   0.226734
  13.840   0.235909
  13.850   0.244865
  13.860   0.253595
  13.870   0.262095
  13.880   0.27036
  13.890   0.278385
  13.900   0.286165
  13.910   0.293697
  13.920   0.300977
  13.930   0.307999
  13.940   0.314761
  13.950   0.32126
  13.960   0.327492
  13.970   0.333454
  13.980   0.339144
  13.990   0.344558
  14.000   0.349696
  14.010   0.354554
  14.020   0.359131
  14.030   0.363426
  14.040   0.367436
  14.050   0.371162
  14.060   0.374601
  14.070   0.377754
  14.080   0.38062
  14.090   0.383198
  14.100   0.385489
  14.110   0.387493
  14.120   0.38921
  14.130   0.39064
  14.140   0.391785
  14.150   0.392645
  14.160   0.393222
  14.170   0.393516
  14.180   0.393529
  14.190   0.393263
  14.200   0.392719
  14.210   0.391899
  14.220   0.390806
  14.230   0.389442
  14.240   0.387809
  14.250   0.385909
  14.260   0.383745
  14.270   0.38132
  14.280   0.378637
  14.290   0.375699
  14.300   0.372509
  14.310   0.369071
  14.320   0.365387
  14.330   0.361462
  14.340   0.357298
  14.350   0.352901
  14.360   0.348273
  14.370   0.343419
  14.380   0.338342
  14.390   0.333048
  14.400   0.327541
  14.410   0.321824
  14.420   0.315903
  14.430   0.309783
  14.440   0.303468
  14.450   0.296964
  14.460   0.290274
  14.470   0.283406
  14.480   0.276364
  14.490   0.269153
  14.500   0.261779
  14.510   0.254248
  14.520   0.246566
  14.530   0.238738
  14.540   0.230771
  14.550   0.22267
  14.560   0.214443
  14.570   0.206095
  14.580   0.197632
  14.590   0.189063
  14.600   0.180392
  14.610   0.171626
  14.620   0.162773
  14.630   0.15384
  14.640   0.144833
  14.650   0.135759
  14.660   0.126625
  14.670   0.117438
  14.680   0.108206
  14.690   0.098935
  14.700   0.089633
  14.710   0.080307
  14.720   0.070964
  14.730   0.061611
  14.740   0.052255
  14.750   0.042904
  14.760   0.033564
  14.770   0.024243
  14.780   0.014947
  14.790   0.005684
  14.800  -0.00354
  14.810  -0.012717
  14.820  -0.021842
  14.830  -0.030908
  14.840  -0.039907
  14.850  -0.048834
  14.860  -0.057681
  14.870  -0.066444
  14.880  -0.075116
  14.890  -0.08369
  14.900  -0.092161
  14.910  -0.100524
  14.920  -0.108772
  14.930  -0.1169
  14.940  -0.124904
  14.950  -0.132776
  14.960  -0.140514
  14.970  -0.148111
  14.980  -0.155563
  14.990  -0.162866
  15.000  -0.170014
  15.010  -0.177004
  15.020  -0.183832
  15.030  -0.190493
  15.040  -0.196984
  15.050  -0.2033
  15.060  -0.209439
  15.070  -0.215397
  15.080  -0.221171
  15.090  -0.226757
  15.100  -0.232153
  15.110  -0.237356
  15.120  -0.242363
  15.130  -0.247171
  15.140  -0.251778
  15.150  -0.256183
  15.160  -0.260382
  15.170  -0.264373
  15.180  -0.268156
  15.190  -0.271728
  15.200  -0.275088
  15.210  -0.278234
  15.220  -0.281165
  15.230  -0.28388
  15.240  -0.286378
  15.250  -0.288659
  15.260  -0.29072
  15.270  -0.292563
  15.280  -0.294187
  15.290  -0.295591
  15.300  -0.296775
  15.310  -0.29774
  15.320  -0.298486
  15.330  -0.299013
  15.340  -0.299322
  15.350  -0.299413
  15.360  -0.299288
  15.370  -0.298948
  15.380  -0.298393
  15.390  -0.297626
  15.400  -0.296648
  15.410  -0.295461
  15.420  -0.294067
  15.430  -0.292467
  15.440  -0.290664
  15.450  -0.28866
  15.460  -0.286459
  15.470  -0.284062
  15.480  -0.281473
  15.490  -0.278695
  15.500  -0.27573
  15.510  -0.272583
  15.520  -0.269256
  15.530  -0.265754
  15.540  -0.262079
  15.550  -0.258236
  15.560  -0.254229
  15.570  -0.250061
  15.580  -0.245738
  15.590  -0.241262
  15.600  -0.236639
  15.610  -0.231873
  15.620  -0.226968
  15.630  -0.221929
  15.640  -0.21676
  15.650  -0.211467
  15.660  -0.206053
  15.670  -0.200524
  15.680  -0.194884
  15.690  -0.189139
  15.700  -0.183292
  15.710  -0.177349
  15.720  -0.171315
  15.730  -0.165194
  15.740  -0.158992
  15.750  -0.152712
  15.760  -0.14636
  15.770  -0.139941
  15.780  -0.13346
  15.790  -0.126921
  15.800  -0.120328
  15.810  -0.113688
  15.820  -0.107004
  15.830  -0.100281
  15.840  -0.093523
  15.850  -0.086736
  15.860  -0.079924
  15.870  -0.073091
  15.880  -0.066243
  15.890  -0.059382
  15.900  -0.052515
  15.910  -0.045646
  15.920  -0.038778
  15.930  -0.031916
  15.940  -0.025066
  15.950  -0.01823
  15.960  -0.011414
  15.970  -0.004621
  15.980   0.002143
  15.990   0.008875
  16.000   0.01557
  16.010   0.022224
  16.020   0.028833
  16.030   0.035392
  16.040   0.041897
  16.050   0.048345
  16.060   0.05473
  16.070   0.061049
  16.080   0.067297
  16.090   0.073471
  16.100   0.079565
  16.110   0.085578
  16.120   0.091503
  16.130   0.097337
  16.140   0.103076
  16.150   0.108717
  16.160   0.114255
  16.170   0.119687
  16.180   0.125009
  16.190   0.130217
  16.200   0.135308
  16.210   0.140279
  16.220   0.145125
  16.230   0.149844
  16.240   0.154432
  16.250   0.158887
  16.260   0.163206
  16.270   0.167385
  16.280   0.171422
  16.290   0.175314
  16.300   0.17906
  16.310   0.182656
  16.320   0.186101
  16.330   0.189393
  16.340   0.192529
  16.350   0.195509
  16.360   0.198331
  16.370   0.200993
  16.380   0.203494
  16.390   0.205834
  16.400   0.208011
  16.410   0.210025
  16.420   0.211875
  16.430   0.213562
  16.440   0.215084
  16.450   0.216442
  16.460   0.217636
  16.470   0.218667
  16.480   0.219534
  16.490   0.220239
  16.500   0.220782
  16.510   0.221164
  16.520   0.221386
  16.530   0.221449
  16.540   0.221355
  16.550   0.221104
  16.560   0.220699
  16.570   0.22014
  16.580   0.219429
  16.590   0.218569
  16.600   0.217561
  16.610   0.216406
  16.620   0.215107
  16.630   0.213666
  16.640   0.212084
  16.650   0.210364
  16.660   0.208508
  16.670   0.206518
  16.680   0.204396
  16.690   0.202145
  16.700   0.199767
  16.710   0.197263
  16.720   0.194637
  16.730   0.191891
  16.740   0.189027
  16.750   0.186047
  16.760   0.182954
  16.770   0.17975
  16.780   0.176438
  16.790   0.17302
  16.800   0.169498
  16.810   0.165875
  16.820   0.162154
  16.830   0.158338
  16.840   0.154428
  16.850   0.150427
  16.860   0.146338
  16.870   0.142164
  16.880   0.137908
  16.890   0.133572
  16.900   0.12916
  16.910   0.124673
  16.920   0.120116
  16.930   0.115491
  16.940   0.110801
  16.950   0.10605
  16.960   0.10124
  16.970   0.096375
  16.980   0.091459
  16.990   0.086495
  17.000   0.081486
  17.010   0.076436
  17.020   0.071349
  17.030   0.066229
  17.040   0.061079
  17.050   0.055902
  17.060   0.050704
  17.070   0.045488
  17.080   0.040258
  17.090   0.035018
  17.100   0.029772
  17.110   0.024524
  17.120   0.019279
  17.130   0.014041
  17.140   0.008814
  17.150   0.003601
  17.160  -0.001592
  17.170  -0.006761
  17.180  -0.011903
  17.190  -0.017013
  17.200  -0.022087
  17.210  -0.027122
  17.220  -0.032112
  17.230  -0.037055
  17.240  -0.041945
  17.250  -0.046781
  17.260  -0.051557
  17.270  -0.05627
  17.280  -0.060917
  17.290  -0.065494
  17.300  -0.069999
  17.310  -0.074427
  17.320  -0.078775
  17.330  -0.083042
  17.340  -0.087223
  17.350  -0.091317
  17.360  -0.095321
  17.370  -0.099231
  17.380  -0.103047
  17.390  -0.106766
  17.400  -0.110386
  17.410  -0.113904
  17.420  -0.11732
  17.430  -0.120631
  17.440  -0.123836
  17.450  -0.126935
  17.460  -0.129924
  17.470  -0.132804
  17.480  -0.135573
  17.490  -0.13823
  17.500  -0.140774
  17.510  -0.143206
  17.520  -0.145523
  17.530  -0.147726
  17.540  -0.149814
  17.550  -0.151786
  17.560  -0.153642
  17.570  -0.155383
  17.580  -0.157007
  17.590  -0.158515
  17.600  -0.159906
  17.610  -0.16118
  17.620  -0.162338
  17.630  -0.163379
  17.640  -0.164303
  17.650  -0.165111
  17.660  -0.165802
  17.670  -0.166377
  17.680  -0.166836
  17.690  -0.167179
  17.700  -0.167406
  17.710  -0.167518
  17.720  -0.167515
  17.730  -0.167397
  17.740  -0.167165
  17.750  -0.166819
  17.760  -0.16636
  17.770  -0.165787
  17.780  -0.165103
  17.790  -0.164307
  17.800  -0.1634
  17.810  -0.162383
  17.820  -0.161257
  17.830  -0.160022
  17.840  -0.15868
  17.850  -0.157231
  17.860  -0.155677
  17.870  -0.154019
  17.880  -0.152258
  17.890  -0.150396
  17.900  -0.148434
  17.910  -0.146374
  17.920  -0.144217
  17.930  -0.141966
  17.940  -0.139621
  17.950  -0.137186
  17.960  -0.134662
  17.970  -0.132051
  17.980  -0.129356
  17.990  -0.126579
  18.000  -0.123722
  18.010  -0.120788
  18.020  -0.11778
  18.030  -0.1147
  18.040  -0.111552
  18.050  -0.108338
  18.060  -0.10506
  18.070  -0.101723
  18.080  -0.098329
  18.090  -0.09488
  18.100  -0.091382
  18.110  -0.087835
  18.120  -0.084244
  18.130  -0.080613
  18.140  -0.076943
  18.150  -0.073239
  18.160  -0.069503
  18.170  -0.065739
  18.180  -0.06195
  18.190  -0.058139
  18.200  -0.05431
  18.210  -0.050464
  18.220  -0.046607
  18.230  -0.04274
  18.240  -0.038866
  18.250  -0.034989
  18.260  -0.031111
  18.270  -0.027236
  18.280  -0.023364
  18.290  -0.019501
  18.300  -0.015647
  18.310  -0.011806
  18.320  -0.00798
  18.330  -0.004172
  18.340  -0.000383
  18.350   0.003385
  18.360   0.007128
  18.370   0.010844
  18.380   0.014533
  18.390   0.018191
  18.400   0.021817
  18.410   0.02541
  18.420   0.028966
  18.430   0.032485
  18.440   0.035964
  18.450   0.039402
  18.460   0.042798
  18.470   0.046149
  18.480   0.049454
  18.490   0.052711
  18.500   0.055919
  18.510   0.059076
  18.520   0.062181
  18.530   0.065232
  18.540   0.068227
  18.550   0.071166
  18.560   0.074045
  18.570   0.076865
  18.580   0.079622
  18.590   0.082316
  18.600   0.084946
  18.610   0.087508
  18.620   0.090003
  18.630   0.092428
  18.640   0.094781
  18.650   0.097061
  18.660   0.099267
  18.670   0.101397
  18.680   0.10345
  18.690   0.105423
  18.700   0.107315
  18.710   0.109125
  18.720   0.110852
  18.730   0.112494
  18.740   0.114049
  18.750   0.115517
  18.760   0.116896
  18.770   0.118184
  18.780   0.119382
  18.790   0.120487
  18.800   0.121499
  18.810   0.122417
  18.820   0.12324
  18.830   0.123968
  18.840   0.1246
  18.850   0.125135
  18.860   0.125573
  18.870   0.125914
  18.880   0.126159
  18.890   0.126306
  18.900   0.126356
  18.910   0.126309
  18.920   0.126166
  18.930   0.125928
  18.940   0.125594
  18.950   0.125165
  18.960   0.124643
  18.970   0.124029
  18.980   0.123323
  18.990   0.122528
  19.000   0.121643
  19.010   0.120671
  19.020   0.119613
  19.030   0.118471
  19.040   0.117247
  19.050   0.115942
  19.060   0.114558
  19.070   0.113098
  19.080   0.111563
  19.090   0.109955
  19.100   0.108277
  19.110   0.106531
  19.120   0.104718
  19.130   0.102841
  19.140   0.100903
  19.150   0.098905
  19.160   0.096851
  19.170   0.094741
  19.180   0.092579
  19.190   0.090366
  19.200   0.088105
  19.210   0.085799
  19.220   0.083448
  19.230   0.081056
  19.240   0.078625
  19.250   0.076157
  19.260   0.073653
  19.270   0.071116
  19.280   0.068547
  19.290   0.06595
  19.300   0.063325
  19.310   0.060674
  19.320   0.058
  19.330   0.055304
  19.340   0.052587
  19.350   0.049852
  19.360   0.047101
  19.370   0.044334
  19.380   0.041553
  19.390   0.038761
  19.400   0.035959
  19.410   0.033147
  19.420   0.030329
  19.430   0.027504
  19.440   0.024676
  19.450   0.021845
  19.460   0.019012
  19.470   0.016181
  19.480   0.013351
  19.490   0.010524
  19.500   0.007703
  19.510   0.004888
  19.520   0.002082
  19.530  -0.000715
  19.540  -0.0035
  19.550  -0.006273
  19.560  -0.00903
  19.570  -0.011771
  19.580  -0.014495
  19.590  -0.017198
  19.600  -0.01988
  19.610  -0.022539
  19.620  -0.025173
  19.630  -0.02778
  19.640  -0.030358
  19.650  -0.032907
  19.660  -0.035423
  19.670  -0.037906
  19.680  -0.040353
  19.690  -0.042763
  19.700  -0.045134
  19.710  -0.047464
  19.720  -0.049752
  19.730  -0.051996
  19.740  -0.054194
  19.750  -0.056344
  19.760  -0.058446
  19.770  -0.060498
  19.780  -0.062498
  19.790  -0.064445
  19.800  -0.066337
  19.810  -0.068173
  19.820  -0.069953
  19.830  -0.071674
  19.840  -0.073336
  19.850  -0.074938
  19.860  -0.076478
  19.870  -0.077956
  19.880  -0.079371
  19.890  -0.080723
