 alpha           1
 m               0
 n               0
 mu              0
 nu              0
 khi             0

   0.0000000000000000      ( -11.9078140    ,  0.00000000    )
   6.1359231500000000E-002 ( -11.9503145    ,  0.00000000    )
  0.12271846300000000      ( -12.0514059    ,  0.00000000    )
  0.18407769450000000      ( -12.1699600    ,  0.00000000    )
  0.24543692610000001      ( -12.2671509    ,  0.00000000    )
  0.30679615760000001      ( -12.3103819    ,  0.00000000    )
  0.36815538910000001      ( -12.2756615    ,  0.00000000    )
  0.42951462060000001      ( -12.1478128    ,  0.00000000    )
  0.49087385210000001      ( -11.9192924    ,  0.00000000    )
  0.55223308360000001      ( -11.5887985    ,  0.00000000    )
  0.61359231520000002      ( -11.1603079    ,  0.00000000    )
  0.67495154670000002      ( -10.6423788    ,  0.00000000    )
  0.73631077820000002      ( -10.0472784    ,  0.00000000    )
  0.79767000970000002      ( -9.38971329    ,  0.00000000    )
  0.85902924120000002      ( -8.68546677    ,  0.00000000    )
  0.92038847270000002      ( -7.95029831    ,  0.00000000    )
  0.98174770420000002      ( -7.19933128    ,  0.00000000    )
   1.0431069358000000      ( -6.44674158    ,  0.00000000    )
   1.1044661673000000      ( -5.70554304    ,  0.00000000    )
   1.1658253988000000      ( -4.98734522    ,  0.00000000    )
   1.2271846303000000      ( -4.30215979    ,  0.00000000    )
   1.2885438618000000      ( -3.65832829    ,  0.00000000    )
   1.3499030933000000      ( -3.06253266    ,  0.00000000    )
   1.4112623249000000      ( -2.51979041    ,  0.00000000    )
   1.4726215564000000      ( -2.03338408    ,  0.00000000    )
   1.5339807879000000      ( -1.60479164    ,  0.00000000    )
   1.5953400194000000      ( -1.23372388    ,  0.00000000    )
   1.6566992509000000      (-0.918311715    ,  0.00000000    )
   1.7180584824000000      (-0.655384481    ,  0.00000000    )
   1.7794177139000000      (-0.440755010    ,  0.00000000    )
   1.8407769455000000      (-0.269478470    ,  0.00000000    )
   1.9021361770000000      (-0.136107117    ,  0.00000000    )
   1.9634954085000000      ( -3.49584036E-02,  0.00000000    )
   2.0248546400000000      (  3.96266989E-02,  0.00000000    )
   2.0862138715000000      (  9.30778980E-02,  0.00000000    )
   2.1475731030000000      ( 0.130451262    ,  0.00000000    )
   2.2089323346000000      ( 0.156309083    ,  0.00000000    )
   2.2702915661000000      ( 0.174582168    ,  0.00000000    )
   2.3316507976000000      ( 0.188415840    ,  0.00000000    )
   2.3930100291000000      ( 0.200046986    ,  0.00000000    )
   2.4543692606000000      ( 0.210760176    ,  0.00000000    )
   2.5157284921000000      ( 0.220935196    ,  0.00000000    )
   2.5770877236000000      ( 0.230164677    ,  0.00000000    )
   2.6384469552000001      ( 0.237419695    ,  0.00000000    )
   2.6998061867000001      ( 0.241257563    ,  0.00000000    )
   2.7611654182000001      ( 0.240069658    ,  0.00000000    )
   2.8225246497000001      ( 0.232346624    ,  0.00000000    )
   2.8838838812000001      ( 0.216919780    ,  0.00000000    )
   2.9452431127000001      ( 0.193141654    ,  0.00000000    )
   3.0066023443000001      ( 0.160994470    ,  0.00000000    )
   3.0679615758000001      ( 0.121133871    ,  0.00000000    )
   3.1293208073000001      (  7.48729333E-02,  0.00000000    )
   3.1906800388000001      (  2.40994953E-02,  0.00000000    )
   3.2520392703000001      ( -2.88779065E-02,  0.00000000    )
   3.3133985018000001      ( -8.15386772E-02,  0.00000000    )
   3.3747577333000001      (-0.131375089    ,  0.00000000    )
   3.4361169649000001      (-0.176094770    ,  0.00000000    )
   3.4974761964000001      (-0.213781148    ,  0.00000000    )
   3.5588354279000001      (-0.243009552    ,  0.00000000    )
   3.6201946594000001      (-0.262918890    ,  0.00000000    )
   3.6815538909000001      (-0.273230761    ,  0.00000000    )
   3.7429131224000001      (-0.274209559    ,  0.00000000    )
   3.8042723540000001      (-0.266571373    ,  0.00000000    )
   3.8656315855000001      (-0.251365781    ,  0.00000000    )
   3.9269908170000001      (-0.229856908    ,  0.00000000    )
   3.9883500485000001      (-0.203416228    ,  0.00000000    )
   4.0497092800000001      (-0.173428461    ,  0.00000000    )
   4.1110685115000001      (-0.141210794    ,  0.00000000    )
   4.1724277430000001      (-0.107953280    ,  0.00000000    )
   4.2337869746000001      ( -7.46889412E-02,  0.00000000    )
   4.2951462061000001      ( -4.22918759E-02,  0.00000000    )
   4.3565054376000001      ( -1.14901159E-02,  0.00000000    )
   4.4178646691000001      (  1.71211548E-02,  0.00000000    )
   4.4792239006000001      (  4.30703163E-02,  0.00000000    )
   4.5405831321000001      (  6.59988672E-02,  0.00000000    )
   4.6019423637000001      (  8.56455341E-02,  0.00000000    )
   4.6633015952000001      ( 0.101828285    ,  0.00000000    )
   4.7246608267000001      ( 0.114431530    ,  0.00000000    )
   4.7860200582000001      ( 0.123400353    ,  0.00000000    )
   4.8473792897000001      ( 0.128736362    ,  0.00000000    )
   4.9087385212000001      ( 0.130489588    ,  0.00000000    )
   4.9700977527000001      ( 0.128748283    ,  0.00000000    )
   5.0314569843000001      ( 0.123634338    ,  0.00000000    )
   5.0928162158000001      ( 0.115310006    ,  0.00000000    )
   5.1541754473000001      ( 0.103991866    ,  0.00000000    )
   5.2155346788000001      (  8.99638385E-02,  0.00000000    )
   5.2768939103000001      (  7.35835657E-02,  0.00000000    )
   5.3382531418000001      (  5.52833937E-02,  0.00000000    )
   5.3996123734000001      (  3.55688073E-02,  0.00000000    )
   5.4609716049000001      (  1.50125995E-02,  0.00000000    )
   5.5223308364000001      ( -5.76030463E-03,  0.00000000    )
   5.5836900679000001      ( -2.60998048E-02,  0.00000000    )
   5.6450492994000001      ( -4.53644879E-02,  0.00000000    )
   5.7064085309000001      ( -6.29538298E-02,  0.00000000    )
   5.7677677625000001      ( -7.83336014E-02,  0.00000000    )
   5.8291269940000001      ( -9.10558701E-02,  0.00000000    )
   5.8904862255000001      (-0.100776792    ,  0.00000000    )
   5.9518454570000001      (-0.107271791    ,  0.00000000    )
   6.0132046885000001      (-0.110443793    ,  0.00000000    )
   6.0745639200000001      (-0.110321276    ,  0.00000000    )
   6.1359231515000001      (-0.107048310    ,  0.00000000    )
   6.1972823831000001      (-0.100871563    ,  0.00000000    )
   6.2586416146000001      ( -9.21265110E-02,  0.00000000    )
   6.3200008461000001      ( -8.12207833E-02,  0.00000000    )
   6.3813600776000001      ( -6.86116964E-02,  0.00000000    )
   6.4427193091000001      ( -5.47794551E-02,  0.00000000    )
   6.5040785406000001      ( -4.02017795E-02,  0.00000000    )
   6.5654377722000001      ( -2.53350530E-02,  0.00000000    )
   6.6267970037000001      ( -1.06022479E-02,  0.00000000    )
   6.6881562352000001      (  3.61531717E-03,  0.00000000    )
   6.7495154667000001      (  1.69842653E-02,  0.00000000    )
   6.8108746982000001      (  2.92220693E-02,  0.00000000    )
   6.8722339297000001      (  4.00947407E-02,  0.00000000    )
   6.9335931612000001      (  4.94108684E-02,  0.00000000    )
   6.9949523928000001      (  5.70167117E-02,  0.00000000    )
   7.0563116243000001      (  6.27959445E-02,  0.00000000    )
   7.1176708558000001      (  6.66730180E-02,  0.00000000    )
   7.1790300873000001      (  6.86162040E-02,  0.00000000    )
   7.2403893188000001      (  6.86376318E-02,  0.00000000    )
   7.3017485503000001      (  6.67914823E-02,  0.00000000    )
   7.3631077819000001      (  6.31726906E-02,  0.00000000    )
   7.4244670134000001      (  5.79165071E-02,  0.00000000    )
   7.4858262449000001      (  5.11964560E-02,  0.00000000    )
   7.5471854764000001      (  4.32191566E-02,  0.00000000    )
   7.6085447079000001      (  3.42173316E-02,  0.00000000    )
   7.6699039394000001      (  2.44443212E-02,  0.00000000    )
   7.7312631709000001      (  1.41713927E-02,  0.00000000    )
   7.7926224025000002      (  3.68551887E-03,  0.00000000    )
   7.8539816340000002      ( -6.71587791E-03,  0.00000000    )
   7.9153408655000002      ( -1.67342499E-02,  0.00000000    )
   7.9767000970000002      ( -2.60811578E-02,  0.00000000    )
   8.0380593284999993      ( -3.44888903E-02,  0.00000000    )
   8.0994185600000002      ( -4.17200923E-02,  0.00000000    )
   8.1607777915999993      ( -4.75776643E-02,  0.00000000    )
   8.2221370231000002      ( -5.19148372E-02,  0.00000000    )
   8.2834962545999993      ( -5.46428300E-02,  0.00000000    )
   8.3448554861000002      ( -5.57330735E-02,  0.00000000    )
   8.4062147175999993      ( -5.52137680E-02,  0.00000000    )
   8.4675739491000002      ( -5.31634130E-02,  0.00000000    )
   8.5289331805999993      ( -4.97043133E-02,  0.00000000    )
   8.5902924122000002      ( -4.49965857E-02,  0.00000000    )
   8.6516516436999993      ( -3.92310806E-02,  0.00000000    )
   8.7130108752000002      ( -3.26205306E-02,  0.00000000    )
   8.7743701066999993      ( -2.53902078E-02,  0.00000000    )
   8.8357293382000002      ( -1.77702121E-02,  0.00000000    )
   8.8970885696999993      ( -9.98970028E-03,  0.00000000    )
   8.9584478013000002      ( -2.27129762E-03,  0.00000000    )
   9.0198070327999993      (  5.17581590E-03,  0.00000000    )
   9.0811662643000002      (  1.21632311E-02,  0.00000000    )
   9.1425254957999993      (  1.85285192E-02,  0.00000000    )
   9.2038847273000002      (  2.41367910E-02,  0.00000000    )
   9.2652439587999993      (  2.88796797E-02,  0.00000000    )
   9.3266031903000002      (  3.26740891E-02,  0.00000000    )
   9.3879624218999993      (  3.54617909E-02,  0.00000000    )
   9.4493216534000002      (  3.72090526E-02,  0.00000000    )
   9.5106808848999993      (  3.79053317E-02,  0.00000000    )
   9.5720401164000002      (  3.75617109E-02,  0.00000000    )
   9.6333993478999993      (  3.62107046E-02,  0.00000000    )
   9.6947585794000002      (  3.39080729E-02,  0.00000000    )
   9.7561178109999993      (  3.07348669E-02,  0.00000000    )
   9.8174770425000002      (  2.67971661E-02,  0.00000000    )
   9.8788362739999993      (  2.22225357E-02,  0.00000000    )
   9.9401955055000002      (  1.71545725E-02,  0.00000000    )
   10.001554736999999      (  1.17474487E-02,  0.00000000    )
   10.062913968500000      (  6.16093911E-03,  0.00000000    )
   10.124273199999999      (  5.55188279E-04,  0.00000000    )
   10.185632431600000      ( -4.91508329E-03,  0.00000000    )
   10.246991663099999      ( -1.01057151E-02,  0.00000000    )
   10.308350894600000      ( -1.48859955E-02,  0.00000000    )
   10.369710126099999      ( -1.91393085E-02,  0.00000000    )
   10.431069357600000      ( -2.27634087E-02,  0.00000000    )
   10.492428589099999      ( -2.56722867E-02,  0.00000000    )
   10.553787820700000      ( -2.77997423E-02,  0.00000000    )
   10.615147052199999      ( -2.91030351E-02,  0.00000000    )
   10.676506283700000      ( -2.95651071E-02,  0.00000000    )
   10.737865515199999      ( -2.91953441E-02,  0.00000000    )
   10.799224746700000      ( -2.80296151E-02,  0.00000000    )
   10.860583978199999      ( -2.61295158E-02,  0.00000000    )
   10.921943209700000      ( -2.35796720E-02,  0.00000000    )
   10.983302441299999      ( -2.04822645E-02,  0.00000000    )
   11.044661672800000      ( -1.69497412E-02,  0.00000000    )
   11.106020904299999      ( -1.30980993E-02,  0.00000000    )
   11.167380135800000      ( -9.04253311E-03,  0.00000000    )
   11.228739367299999      ( -4.89535043E-03,  0.00000000    )
   11.290098598800000      ( -7.64806580E-04,  0.00000000    )
   11.351457830399999      (  3.24604730E-03,  0.00000000    )
   11.412817061900000      (  7.04025850E-03,  0.00000000    )
   11.474176293399999      (  1.05272485E-02,  0.00000000    )
   11.535535524900000      (  1.36231538E-02,  0.00000000    )
   11.596894756399999      (  1.62526611E-02,  0.00000000    )
   11.658253987900000      (  1.83528960E-02,  0.00000000    )
   11.719613219399999      (  1.98781118E-02,  0.00000000    )
   11.780972451000000      (  2.08030269E-02,  0.00000000    )
   11.842331682499999      (  2.11235713E-02,  0.00000000    )
   11.903690914000000      (  2.08554771E-02,  0.00000000    )
   11.965050145499999      (  2.00319011E-02,  0.00000000    )
   12.026409377000000      (  1.87004860E-02,  0.00000000    )
   12.087768608499999      (  1.69196557E-02,  0.00000000    )
   12.149127840100000      (  1.47542162E-02,  0.00000000    )
   12.210487071599999      (  1.22715142E-02,  0.00000000    )
   12.271846303100000      (  9.53969639E-03,  0.00000000    )
   12.333205534599999      (  6.62836200E-03,  0.00000000    )
   12.394564766100000      (  3.61021073E-03,  0.00000000    )
   12.455923997599999      (  5.61844092E-04,  0.00000000    )
   12.517283229100000      ( -2.43708934E-03,  0.00000000    )
   12.578642460699999      ( -5.30590490E-03,  0.00000000    )
   12.640001692200000      ( -7.96538312E-03,  0.00000000    )
   12.701360923699999      ( -1.03408415E-02,  0.00000000    )
   12.762720155200000      ( -1.23661552E-02,  0.00000000    )
   12.824079386699999      ( -1.39883067E-02,  0.00000000    )
   12.885438618200000      ( -1.51709747E-02,  0.00000000    )
   12.946797849799999      ( -1.58957057E-02,  0.00000000    )
   13.008157081300000      ( -1.61606371E-02,  0.00000000    )
   13.069516312799999      ( -1.59780234E-02,  0.00000000    )
   13.130875544300000      ( -1.53719615E-02,  0.00000000    )
   13.192234775799999      ( -1.43765779E-02,  0.00000000    )
   13.253594007300000      ( -1.30341807E-02,  0.00000000    )
   13.314953238799999      ( -1.13932146E-02,  0.00000000    )
   13.376312470400000      ( -9.50658973E-03,  0.00000000    )
   13.437671701899999      ( -7.43099069E-03,  0.00000000    )
   13.499030933400000      ( -5.22679649E-03,  0.00000000    )
   13.560390164899999      ( -2.95739342E-03,  0.00000000    )
   13.621749396400000      ( -6.87050924E-04,  0.00000000    )
   13.683108627899999      (  1.52218482E-03,  0.00000000    )
   13.744467859500000      (  3.61328153E-03,  0.00000000    )
   13.805827090999999      (  5.53583447E-03,  0.00000000    )
   13.867186322500000      (  7.24674342E-03,  0.00000000    )
   13.928545553999999      (  8.71065259E-03,  0.00000000    )
   13.989904785500000      (  9.90031473E-03,  0.00000000    )
   14.051264016999999      (  1.07963979E-02,  0.00000000    )
   14.112623248500000      (  1.13864951E-02,  0.00000000    )
   14.173982480099999      (  1.16640134E-02,  0.00000000    )
   14.235341711600000      (  1.16280196E-02,  0.00000000    )
   14.296700943099999      (  1.12843923E-02,  0.00000000    )
   14.358060174600000      (  1.06474059E-02,  0.00000000    )
   14.419419406099999      (  9.74046160E-03,  0.00000000    )
   14.480778637600000      (  8.59544706E-03,  0.00000000    )
   14.542137869199999      (  7.25120911E-03,  0.00000000    )
   14.603497100700000      (  5.75181935E-03,  0.00000000    )
   14.664856332199999      (  4.14470537E-03,  0.00000000    )
   14.726215563700000      (  2.47833063E-03,  0.00000000    )
   14.787574795199999      (  7.99570989E-04,  0.00000000    )
   14.848934026700000      ( -8.48322990E-04,  0.00000000    )
   14.910293258199999      ( -2.42628157E-03,  0.00000000    )
   14.971652489800000      ( -3.89859499E-03,  0.00000000    )
   15.033011721299999      ( -5.23184938E-03,  0.00000000    )
   15.094370952800000      ( -6.39476767E-03,  0.00000000    )
   15.155730184299999      ( -7.35916942E-03,  0.00000000    )
   15.217089415800000      ( -8.10143165E-03,  0.00000000    )
   15.278448647299999      ( -8.60388670E-03,  0.00000000    )
   15.339807878900000      ( -8.85615498E-03,  0.00000000    )
   15.401167110399999      ( -8.85655638E-03,  0.00000000    )
   15.462526341900000      ( -8.61319806E-03,  0.00000000    )
   15.523885573399999      ( -8.14379752E-03,  0.00000000    )
   15.585244804900000      ( -7.47373514E-03,  0.00000000    )
   15.646604036399999      ( -6.63291896E-03,  0.00000000    )
   15.707963267900000      ( -5.65279741E-03,  0.00000000    )
   15.769322499499999      ( -4.56455303E-03,  0.00000000    )
   15.830681731000000      ( -3.39849014E-03,  0.00000000    )
   15.892040962499999      ( -2.18402152E-03,  0.00000000    )
   15.953400194000000      ( -9.49880516E-04,  0.00000000    )
   16.014759425499999      (  2.75375904E-04,  0.00000000    )
   16.076118656999999      (  1.46259740E-03,  0.00000000    )
   16.137477888599999      (  2.58162944E-03,  0.00000000    )
   16.198837120099999      (  3.60211474E-03,  0.00000000    )
   16.260196351600001      (  4.49570082E-03,  0.00000000    )
   16.321555583100000      (  5.23879146E-03,  0.00000000    )
   16.382914814599999      (  5.81456162E-03,  0.00000000    )
   16.444274046099999      (  6.21357048E-03,  0.00000000    )
   16.505633277600001      (  6.43324619E-03,  0.00000000    )
   16.566992509199999      (  6.47688657E-03,  0.00000000    )
   16.628351740700001      (  6.35244697E-03,  0.00000000    )
   16.689710972200000      (  6.07106788E-03,  0.00000000    )
   16.751070203699999      (  5.64552983E-03,  0.00000000    )
   16.812429435199999      (  5.08931372E-03,  0.00000000    )
   16.873788666700001      (  4.41690860E-03,  0.00000000    )
   16.935147898299999      (  3.64516769E-03,  0.00000000    )
   16.996507129800001      (  2.79466622E-03,  0.00000000    )
   17.057866361300000      (  1.88997795E-03,  0.00000000    )
   17.119225592799999      (  9.58622608E-04,  0.00000000    )
   17.180584824299999      (  2.92518998E-05,  0.00000000    )
   17.241944055800001      ( -8.70233285E-04,  0.00000000    )
   17.303303287399999      ( -1.71440071E-03,  0.00000000    )
   17.364662518900001      ( -2.48183426E-03,  0.00000000    )
   17.426021750400000      ( -3.15622590E-03,  0.00000000    )
   17.487380981899999      ( -3.72642674E-03,  0.00000000    )
   17.548740213399999      ( -4.18519787E-03,  0.00000000    )
   17.610099444900001      ( -4.52727731E-03,  0.00000000    )
   17.671458676400000      ( -4.74794907E-03,  0.00000000    )
   17.732817908000001      ( -4.84294677E-03,  0.00000000    )
   17.794177139500000      ( -4.80957422E-03,  0.00000000    )
   17.855536370999999      ( -4.64824727E-03,  0.00000000    )
   17.916895602499999      ( -4.36377013E-03,  0.00000000    )
   17.978254834000001      ( -3.96612799E-03,  0.00000000    )
   18.039614065500000      ( -3.47073725E-03,  0.00000000    )
   18.100973297100001      ( -2.89783650E-03,  0.00000000    )
   18.162332528600000      ( -2.27067270E-03,  0.00000000    )
   18.223691760099999      ( -1.61266432E-03,  0.00000000    )
   18.285050991599999      ( -9.44555795E-04,  0.00000000    )
   18.346410223100001      ( -2.82793597E-04,  0.00000000    )
   18.407769454600000      (  3.60313512E-04,  0.00000000    )
   18.469128686099999      (  9.75100673E-04,  0.00000000    )
   18.530487917700000      (  1.55266444E-03,  0.00000000    )
   18.591847149199999      (  2.08329223E-03,  0.00000000    )
   18.653206380699999      (  2.55548349E-03,  0.00000000    )
   18.714565612200001      (  2.95576290E-03,  0.00000000    )
   18.775924843700000      (  3.26964189E-03,  0.00000000    )
   18.837284075199999      (  3.48388636E-03,  0.00000000    )
   18.898643306800000      (  3.58952465E-03,  0.00000000    )
   18.960002538299999      (  3.58435209E-03,  0.00000000    )
   19.021361769799999      (  3.47376592E-03,  0.00000000    )
   19.082721001300001      (  3.26964399E-03,  0.00000000    )
   19.144080232800000      (  2.98791938E-03,  0.00000000    )
   19.205439464299999      (  2.64580525E-03,  0.00000000    )
   19.266798695799999      (  2.25931383E-03,  0.00000000    )
   19.328157927399999      (  1.84139726E-03,  0.00000000    )
   19.389517158899999      (  1.40106620E-03,  0.00000000    )
   19.450876390400001      (  9.43909807E-04,  0.00000000    )
   19.512235621900000      (  4.74047090E-04,  0.00000000    )
   19.573594853399999      ( -3.23580002E-06,  0.00000000    )
   19.634954084899999      ( -4.79424110E-04,  0.00000000    )
   19.696313316500000      ( -9.42232786E-04,  0.00000000    )
   19.757672547999999      ( -1.37662888E-03,  0.00000000    )
   19.819031779500001      ( -1.76673930E-03,  0.00000000    )
   19.880391011000000      ( -2.09790911E-03,  0.00000000    )
   19.941750242500000      ( -2.35853181E-03,  0.00000000    )
   20.003109473999999      ( -2.54144939E-03,  0.00000000    )
   20.064468705500001      ( -2.64458125E-03,  0.00000000    )
   20.125827937099999      ( -2.67040310E-03,  0.00000000    )
   20.187187168600001      ( -2.62434455E-03,  0.00000000    )
   20.248546400100000      ( -2.51284754E-03,  0.00000000    )
   20.309905631600000      ( -2.34207697E-03,  0.00000000    )
   20.371264863099999      ( -2.11777608E-03,  0.00000000    )
   20.432624094600001      ( -1.84595981E-03,  0.00000000    )
   20.493983326199999      ( -1.53373904E-03,  0.00000000    )
   20.555342557700001      ( -1.18980790E-03,  0.00000000    )
   20.616701789200000      ( -8.24547606E-04,  0.00000000    )
   20.678061020700000      ( -4.49799903E-04,  0.00000000    )
   20.739420252199999      ( -7.81850031E-05,  0.00000000    )
   20.800779483700001      (  2.78163789E-04,  0.00000000    )
   20.862138715200000      (  6.09159120E-04,  0.00000000    )
   20.923497946800001      (  9.07876703E-04,  0.00000000    )
   20.984857178300000      (  1.17057690E-03,  0.00000000    )
   21.046216409800000      (  1.39563833E-03,  0.00000000    )
   21.107575641299999      (  1.58208585E-03,  0.00000000    )
   21.168934872800001      (  1.72848697E-03,  0.00000000    )
   21.230294104300000      (  1.83254306E-03,  0.00000000    )
   21.291653335900001      (  1.89125107E-03,  0.00000000    )
   21.353012567400000      (  1.90146849E-03,  0.00000000    )
   21.414371798900000      (  1.86086912E-03,  0.00000000    )
   21.475731030399999      (  1.76920043E-03,  0.00000000    )
   21.537090261900001      (  1.62938714E-03,  0.00000000    )
   21.598449493400000      (  1.44779868E-03,  0.00000000    )
   21.659808724900000      (  1.23334269E-03,  0.00000000    )
   21.721167956500000      (  9.95764392E-04,  0.00000000    )
   21.782527188000000      (  7.44004210E-04,  0.00000000    )
   21.843886419499999      (  4.85291210E-04,  0.00000000    )
   21.905245651000001      (  2.25075695E-04,  0.00000000    )
   21.966604882500000      ( -3.24813991E-05,  0.00000000    )
   22.027964114000000      ( -2.83725210E-04,  0.00000000    )
   22.089323345600000      ( -5.24542120E-04,  0.00000000    )
   22.150682577100000      ( -7.49444298E-04,  0.00000000    )
   22.212041808599999      ( -9.51200724E-04,  0.00000000    )
   22.273401040100001      ( -1.12150155E-03,  0.00000000    )
   22.334760271600000      ( -1.25262002E-03,  0.00000000    )
   22.396119503100000      ( -1.33936433E-03,  0.00000000    )
   22.457478734599999      ( -1.38039375E-03,  0.00000000    )
   22.518837966200000      ( -1.37839059E-03,  0.00000000    )
   22.580197197699999      ( -1.33920566E-03,  0.00000000    )
   22.641556429200001      ( -1.27041200E-03,  0.00000000    )
   22.702915660700000      ( -1.17963098E-03,  0.00000000    )
   22.764274892200000      ( -1.07289047E-03,  0.00000000    )
   22.825634123699999      ( -9.53410927E-04,  0.00000000    )
   22.886993355300000      ( -8.21358524E-04,  0.00000000    )
   22.948352586799999      ( -6.74877898E-04,  0.00000000    )
   23.009711818300001      ( -5.12075087E-04,  0.00000000    )
   23.071071049800000      ( -3.33055388E-04,  0.00000000    )
   23.132430281300000      ( -1.41122306E-04,  0.00000000    )
   23.193789512799999      (  5.72101017E-05,  0.00000000    )
   23.255148744300001      (  2.53159407E-04,  0.00000000    )
   23.316507975899999      (  4.37142793E-04,  0.00000000    )
   23.377867207400001      (  6.00446016E-04,  0.00000000    )
   23.439226438900000      (  7.36803573E-04,  0.00000000    )
   23.500585670400000      (  8.43443791E-04,  0.00000000    )
   23.561944901899999      (  9.21093510E-04,  0.00000000    )
   23.623304133400001      (  9.72802402E-04,  0.00000000    )
   23.684663364999999      (  1.00207736E-03,  0.00000000    )
   23.746022596500001      (  1.01121410E-03,  0.00000000    )
   23.807381828000000      (  1.00051495E-03,  0.00000000    )
   23.868741059500000      (  9.68507316E-04,  0.00000000    )
   23.930100290999999      (  9.12831805E-04,  0.00000000    )
   23.991459522500001      (  8.31429497E-04,  0.00000000    )
   24.052818754000000      (  7.23798003E-04,  0.00000000    )
   24.114177985600001      (  5.92066324E-04,  0.00000000    )
   24.175537217100000      (  4.41480806E-04,  0.00000000    )
   24.236896448600000      (  2.79914704E-04,  0.00000000    )
   24.298255680099999      (  1.16437499E-04,  0.00000000    )
   24.359614911600001      ( -4.04815000E-05,  0.00000000    )
   24.420974143100000      ( -1.84365999E-04,  0.00000000    )
   24.482333374700001      ( -3.11293086E-04,  0.00000000    )
   24.543692606200000      ( -4.19707794E-04,  0.00000000    )
   24.605051837700000      ( -5.09834499E-04,  0.00000000    )
   24.666411069199999      ( -5.82913926E-04,  0.00000000    )
   24.727770300700001      ( -6.40349986E-04,  0.00000000    )
   24.789129532200000      ( -6.82916900E-04,  0.00000000    )
   24.850488763700000      ( -7.10351625E-04,  0.00000000    )
   24.911847995300000      ( -7.21593387E-04,  0.00000000    )
   24.973207226800000      ( -7.15544971E-04,  0.00000000    )
   25.034566458299999      ( -6.91854628E-04,  0.00000000    )
   25.095925689800001      ( -6.51241106E-04,  0.00000000    )
   25.157284921300000      ( -5.95288584E-04,  0.00000000    )
   25.218644152800000      ( -5.26020885E-04,  0.00000000    )
   25.280003384400000      ( -4.45584214E-04,  0.00000000    )
   25.341362615900000      ( -3.56106495E-04,  0.00000000    )
   25.402721847399999      ( -2.59626599E-04,  0.00000000    )
   25.464081078900001      ( -1.58078794E-04,  0.00000000    )
   25.525440310400000      ( -5.34657011E-05,  0.00000000    )
   25.586799541900000      (  5.17328990E-05,  0.00000000    )
   25.648158773399999      (  1.54164707E-04,  0.00000000    )
   25.709518005000000      (  2.49627687E-04,  0.00000000    )
   25.770877236499999      (  3.33692995E-04,  0.00000000    )
   25.832236468000001      (  4.02661506E-04,  0.00000000    )
   25.893595699500001      (  4.54355788E-04,  0.00000000    )
   25.954954931000000      (  4.88415302E-04,  0.00000000    )
   26.016314162499999      (  5.06114622E-04,  0.00000000    )
   26.077673394100000      (  5.09896316E-04,  0.00000000    )
   26.139032625599999      (  5.02728682E-04,  0.00000000    )
   26.200391857100001      (  4.87306505E-04,  0.00000000    )
   26.261751088600001      (  4.65241290E-04,  0.00000000    )
   26.323110320100000      (  4.36598813E-04,  0.00000000    )
   26.384469551599999      (  4.00118297E-04,  0.00000000    )
   26.445828783100001      (  3.54091200E-04,  0.00000000    )
   26.507188014699999      (  2.97459599E-04,  0.00000000    )
   26.568547246200001      (  2.30600403E-04,  0.00000000    )
   26.629906477700001      (  1.55540198E-04,  0.00000000    )
   26.691265709200000      (  7.56934969E-05,  0.00000000    )
   26.752624940699999      ( -4.67849986E-06,  0.00000000    )
   26.813984172200001      ( -8.11861973E-05,  0.00000000    )
   26.875343403799999      ( -1.50145497E-04,  0.00000000    )
   26.936702635300001      ( -2.09312799E-04,  0.00000000    )
   26.998061866800001      ( -2.58172397E-04,  0.00000000    )
   27.059421098300000      ( -2.97559192E-04,  0.00000000    )
   27.120780329799999      ( -3.28790687E-04,  0.00000000    )
   27.182139561300001      ( -3.52787902E-04,  0.00000000    )
   27.243498792800001      ( -3.69609101E-04,  0.00000000    )
   27.304858024400001      ( -3.78482888E-04,  0.00000000    )
   27.366217255900001      ( -3.78153694E-04,  0.00000000    )
   27.427576487400000      ( -3.67341505E-04,  0.00000000    )
   27.488935718899999      ( -3.45252192E-04,  0.00000000    )
   27.550294950400001      ( -3.12084507E-04,  0.00000000    )
   27.611654181900001      ( -2.69344688E-04,  0.00000000    )
   27.673013413500001      ( -2.19713402E-04,  0.00000000    )
   27.734372645000001      ( -1.66414393E-04,  0.00000000    )
   27.795731876500000      ( -1.12374502E-04,  0.00000000    )
   27.857091107999999      ( -5.96200007E-05,  0.00000000    )
   27.918450339500001      ( -9.16039971E-06,  0.00000000    )
   27.979809571000001      (  3.87297005E-05,  0.00000000    )
   28.041168802500000      (  8.40982029E-05,  0.00000000    )
   28.102528034100001      (  1.26945393E-04,  0.00000000    )
   28.163887265600000      (  1.66917205E-04,  0.00000000    )
   28.225246497099999      (  2.03081203E-04,  0.00000000    )
   28.286605728600001      (  2.33922401E-04,  0.00000000    )
   28.347964960100001      (  2.57687614E-04,  0.00000000    )
   28.409324191600000      (  2.72988895E-04,  0.00000000    )
   28.470683423200001      (  2.79330910E-04,  0.00000000    )
   28.532042654700000      (  2.77231011E-04,  0.00000000    )
   28.593401886199999      (  2.67883210E-04,  0.00000000    )
   28.654761117700001      (  2.52619298E-04,  0.00000000    )
   28.716120349200001      (  2.32472506E-04,  0.00000000    )
   28.777479580700000      (  2.07970603E-04,  0.00000000    )
   28.838838812300001      (  1.79123104E-04,  0.00000000    )
   28.900198043800000      (  1.45568905E-04,  0.00000000    )
   28.961557275299999      (  1.06929700E-04,  0.00000000    )
   29.022916506800001      (  6.33573000E-05,  0.00000000    )
   29.084275738300001      (  1.60632007E-05,  0.00000000    )
   29.145634969800000      ( -3.25073997E-05,  0.00000000    )
   29.206994201299999      ( -7.90462000E-05,  0.00000000    )
   29.268353432900000      ( -1.20160097E-04,  0.00000000    )
   29.329712664399999      ( -1.53186702E-04,  0.00000000    )
   29.391071895900001      ( -1.76731395E-04,  0.00000000    )
   29.452431127400001      ( -1.90834500E-04,  0.00000000    )
   29.513790358900000      ( -1.96824898E-04,  0.00000000    )
   29.575149590399999      ( -1.96912006E-04,  0.00000000    )
   29.636508822000000      ( -1.93532993E-04,  0.00000000    )
   29.697868053499999      ( -1.88574602E-04,  0.00000000    )
   29.759227285000001      ( -1.82758304E-04,  0.00000000    )
   29.820586516500001      ( -1.75500594E-04,  0.00000000    )
   29.881945748000000      ( -1.65331498E-04,  0.00000000    )
   29.943304979499999      ( -1.50635795E-04,  0.00000000    )
   30.004664211000001      ( -1.30348999E-04,  0.00000000    )
   30.066023442599999      ( -1.04364401E-04,  0.00000000    )
   30.127382674100001      ( -7.36225993E-05,  0.00000000    )
   30.188741905600001      ( -3.99573000E-05,  0.00000000    )
   30.250101137100000      ( -5.72960016E-06,  0.00000000    )
   30.311460368599999      (  2.67235991E-05,  0.00000000    )
   30.372819600100001      (  5.56859013E-05,  0.00000000    )
   30.434178831699999      (  8.04390002E-05,  0.00000000    )
   30.495538063200001      (  1.01210098E-04,  0.00000000    )
   30.556897294700001      (  1.18723801E-04,  0.00000000    )
   30.618256526200000      (  1.33634094E-04,  0.00000000    )
   30.679615757699999      (  1.46133505E-04,  0.00000000    )
   30.740974989200001      (  1.55853093E-04,  0.00000000    )
   30.802334220700001      (  1.61982403E-04,  0.00000000    )
   30.863693452300001      (  1.63507095E-04,  0.00000000    )
   30.925052683800001      (  1.59528194E-04,  0.00000000    )
   30.986411915300000      (  1.49632993E-04,  0.00000000    )
   31.047771146799999      (  1.34190195E-04,  0.00000000    )
   31.109130378300001      (  1.14379101E-04,  0.00000000    )
   31.170489609800001      (  9.18700025E-05,  0.00000000    )
   31.231848841400002      (  6.83020990E-05,  0.00000000    )
   31.293208072900001      (  4.48413011E-05,  0.00000000    )
   31.354567304400000      (  2.20228994E-05,  0.00000000    )
   31.415926535899999      ( -1.30000004E-07,  0.00000000    )
   31.477285767400002      ( -2.18543992E-05,  0.00000000    )
   31.538644998900001      ( -4.33784007E-05,  0.00000000    )
   31.600004230400000      ( -6.46674016E-05,  0.00000000    )
   31.661363462000001      ( -8.52157973E-05,  0.00000000    )
   31.722722693500000      ( -1.03984603E-04,  0.00000000    )
   31.784081924999999      ( -1.19595803E-04,  0.00000000    )
   31.845441156500002      ( -1.30753993E-04,  0.00000000    )
   31.906800388000001      ( -1.36690505E-04,  0.00000000    )
   31.968159619500000      ( -1.37385796E-04,  0.00000000    )
   32.029518851100001      ( -1.33475696E-04,  0.00000000    )
   32.090878082600000      ( -1.25951206E-04,  0.00000000    )
   32.152237314099999      ( -1.15827701E-04,  0.00000000    )
   32.213596545599998      ( -1.03892300E-04,  0.00000000    )
   32.274955777099997      ( -9.05413035E-05,  0.00000000    )
   32.336315008600003      ( -7.57259986E-05,  0.00000000    )
   32.397674240100002      ( -5.90673008E-05,  0.00000000    )
   32.459033471700003      ( -4.01686011E-05,  0.00000000    )
   32.520392703200002      ( -1.90184001E-05,  0.00000000    )
   32.581751934700002      (  3.73600005E-06,  0.00000000    )
   32.643111166200001      (  2.68165004E-05,  0.00000000    )
   32.704470397700000      (  4.86280987E-05,  0.00000000    )
   32.765829629199999      (  6.76826021E-05,  0.00000000    )
   32.827188860800000      (  8.29452983E-05,  0.00000000    )
   32.888548092299999      (  9.40262980E-05,  0.00000000    )
   32.949907323799998      (  1.01216501E-04,  0.00000000    )
   33.011266555299997      (  1.05369101E-04,  0.00000000    )
   33.072625786800003      (  1.07604697E-04,  0.00000000    )
   33.133985018300002      (  1.08879802E-04,  0.00000000    )
   33.195344249800002      (  1.09577901E-04,  0.00000000    )
   33.256703481400002      (  1.09328903E-04,  0.00000000    )
   33.318062712900002      (  1.07157299E-04,  0.00000000    )
   33.379421944400001      (  1.01871097E-04,  0.00000000    )
   33.440781175900000      (  9.24945998E-05,  0.00000000    )
   33.502140407399999      (  7.85880984E-05,  0.00000000    )
   33.563499638899998      (  6.04052984E-05,  0.00000000    )
   33.624858870499999      (  3.89002016E-05,  0.00000000    )
   33.686218101999998      (  1.55777998E-05,  0.00000000    )
   33.747577333499997      ( -7.81850031E-06,  0.00000000    )
   33.808936565000003      ( -2.97156002E-05,  0.00000000    )
   33.870295796500002      ( -4.90564016E-05,  0.00000000    )
   33.931655028000002      ( -6.54218966E-05,  0.00000000    )
   33.993014259500001      ( -7.88964971E-05,  0.00000000    )
   34.054373491100002      ( -8.97928985E-05,  0.00000000    )
   34.115732722600001      ( -9.83982027E-05,  0.00000000    )
   34.177091954100000      ( -1.04829203E-04,  0.00000000    )
   34.238451185599999      ( -1.08987901E-04,  0.00000000    )
   34.299810417099998      ( -1.10587498E-04,  0.00000000    )
   34.361169648599997      ( -1.09252003E-04,  0.00000000    )
   34.422528880199998      ( -1.04693303E-04,  0.00000000    )
   34.483888111699997      ( -9.69066969E-05,  0.00000000    )
   34.545247343200003      ( -8.62679008E-05,  0.00000000    )
   34.606606574700002      ( -7.34533969E-05,  0.00000000    )
   34.667965806200002      ( -5.92227989E-05,  0.00000000    )
   34.729325037700001      ( -4.41990014E-05,  0.00000000    )
   34.790684269200000      ( -2.87618004E-05,  0.00000000    )
   34.852043500800001      ( -1.30707003E-05,  0.00000000    )
   34.913402732300000      (  2.84170005E-06,  0.00000000    )
   34.974761963799999      (  1.89595994E-05,  0.00000000    )
   35.036121195299998      (  3.51659000E-05,  0.00000000    )
   35.097480426799997      (  5.11252983E-05,  0.00000000    )
   35.158839658300003      (  6.62211023E-05,  0.00000000    )
   35.220198889899997      (  7.96180975E-05,  0.00000000    )
   35.281558121400003      (  9.04620974E-05,  0.00000000    )
   35.342917352900002      (  9.81241974E-05,  0.00000000    )
   35.404276584400002      (  1.02358099E-04,  0.00000000    )
   35.465635815900001      (  1.03301798E-04,  0.00000000    )
   35.526995047400000      (  1.01356498E-04,  0.00000000    )
   35.588354278899999      (  9.70273977E-05,  0.00000000    )
   35.649713510500000      (  9.07802023E-05,  0.00000000    )
   35.711072741999999      (  8.29276032E-05,  0.00000000    )
   35.772431973499998      (  7.35567010E-05,  0.00000000    )
   35.833791204999997      (  6.25425018E-05,  0.00000000    )
   35.895150436500003      (  4.96790999E-05,  0.00000000    )
   35.956509668000002      (  3.48940011E-05,  0.00000000    )
   36.017868899600003      (  1.84339006E-05,  0.00000000    )
   36.079228131100002      (  9.18599994E-07,  0.00000000    )
   36.140587362600002      ( -1.67603994E-05,  0.00000000    )
   36.201946594100001      ( -3.36269004E-05,  0.00000000    )
   36.263305825600000      ( -4.88080987E-05,  0.00000000    )
   36.324665057099999      ( -6.16772013E-05,  0.00000000    )
   36.386024288599998      ( -7.19418022E-05,  0.00000000    )
   36.447383520199999      ( -7.96660024E-05,  0.00000000    )
   36.508742751699998      ( -8.51942023E-05,  0.00000000    )
   36.570101983199997      ( -8.89732983E-05,  0.00000000    )
   36.631461214700003      ( -9.13363983E-05,  0.00000000    )
   36.692820446200002      ( -9.23503976E-05,  0.00000000    )
   36.754179677700002      ( -9.18024016E-05,  0.00000000    )
   36.815538909300003      ( -8.93087999E-05,  0.00000000    )
   36.876898140800002      ( -8.44731985E-05,  0.00000000    )
   36.938257372300001      ( -7.70245024E-05,  0.00000000    )
   36.999616603800000      ( -6.69127985E-05,  0.00000000    )
   37.060975835299999      ( -5.43649003E-05,  0.00000000    )
   37.122335066799998      ( -3.98855991E-05,  0.00000000    )
   37.183694298299997      ( -2.41834005E-05,  0.00000000    )
   37.245053529899998      ( -8.02700015E-06,  0.00000000    )
   37.306412761399997      (  7.90709964E-06,  0.00000000    )
   37.367771992900003      (  2.31196991E-05,  0.00000000    )
   37.429131224400003      (  3.72770992E-05,  0.00000000    )
   37.490490455900002      (  5.01411996E-05,  0.00000000    )
   37.551849687400001      (  6.15044992E-05,  0.00000000    )
   37.613208919000002      (  7.11648026E-05,  0.00000000    )
   37.674568150500001      (  7.89276019E-05,  0.00000000    )
   37.735927382000000      (  8.46153998E-05,  0.00000000    )
   37.797286613499999      (  8.80853986E-05,  0.00000000    )
   37.858645844999998      (  8.92659009E-05,  0.00000000    )
   37.920005076499997      (  8.82024979E-05,  0.00000000    )
   37.981364308000003      (  8.50709985E-05,  0.00000000    )
   38.042723539599997      (  8.01264032E-05,  0.00000000    )
   38.104082771100003      (  7.36039001E-05,  0.00000000    )
   38.165442002600003      (  6.56346019E-05,  0.00000000    )
   38.226801234100002      (  5.62288005E-05,  0.00000000    )
   38.288160465600001      (  4.53313987E-05,  0.00000000    )
   38.349519697100000      (  3.29132017E-05,  0.00000000    )
   38.410878928700001      (  1.90572991E-05,  0.00000000    )
   38.472238160200000      (  4.02539990E-06,  0.00000000    )
   38.533597391699999      ( -1.17019999E-05,  0.00000000    )
   38.594956623199998      ( -2.74303002E-05,  0.00000000    )
   38.656315854699997      ( -4.23288984E-05,  0.00000000    )
   38.717675086200003      ( -5.55777988E-05,  0.00000000    )
   38.779034317700003      ( -6.65357002E-05,  0.00000000    )
   38.840393549300003      ( -7.48536986E-05,  0.00000000    )
   38.901752780800003      ( -8.04914016E-05,  0.00000000    )
   38.963112012300002      ( -8.36455001E-05,  0.00000000    )
   39.024471243800001      ( -8.46346011E-05,  0.00000000    )
   39.085830475300000      ( -8.37823973E-05,  0.00000000    )
   39.147189706799999      ( -8.13199003E-05,  0.00000000    )
   39.208548938400000      ( -7.73225984E-05,  0.00000000    )
   39.269908169899999      ( -7.17094008E-05,  0.00000000    )
   39.331267401399998      ( -6.43177991E-05,  0.00000000    )
   39.392626632899997      ( -5.50371005E-05,  0.00000000    )
   39.453985864400003      ( -4.39407013E-05,  0.00000000    )
   39.515345095900003      ( -3.13513992E-05,  0.00000000    )
   39.576704327400002      ( -1.78153005E-05,  0.00000000    )
   39.638063559000003      ( -4.00569979E-06,  0.00000000    )
   39.699422790500002      (  9.39870006E-06,  0.00000000    )
   39.760782022000001      (  2.18267996E-05,  0.00000000    )
   39.822141253500000      (  3.29018003E-05,  0.00000000    )
   39.883500484999999      (  4.24825994E-05,  0.00000000    )
   39.944859716499998      (  5.06409015E-05,  0.00000000    )
   40.006218948099999      (  5.75667000E-05,  0.00000000    )
   40.067578179599998      (  6.34354001E-05,  0.00000000    )
   40.128937411099997      (  6.82936006E-05,  0.00000000    )
   40.190296642600003      (  7.20133030E-05,  0.00000000    )
   40.251655874100003      (  7.43237033E-05,  0.00000000    )
   40.313015105600002      (  7.48933016E-05,  0.00000000    )
   40.374374337200003      (  7.34244022E-05,  0.00000000    )
   40.435733568700002      (  6.97393989E-05,  0.00000000    )
   40.497092800200001      (  6.38424972E-05,  0.00000000    )
   40.558452031700000      (  5.59453001E-05,  0.00000000    )
   40.619811263199999      (  4.64358018E-05,  0.00000000    )
   40.681170494699998      (  3.57965982E-05,  0.00000000    )
   40.742529726199997      (  2.45018000E-05,  0.00000000    )
   40.803888957799998      (  1.29392001E-05,  0.00000000    )
   40.865248189299997      (  1.38790006E-06,  0.00000000    )
   40.926607420800003      ( -9.95570008E-06,  0.00000000    )
   40.987966652300003      ( -2.09314003E-05,  0.00000000    )
   41.049325883800002      ( -3.13712990E-05,  0.00000000    )
   41.110685115300001      ( -4.10692010E-05,  0.00000000    )
   41.172044346900002      ( -4.97658984E-05,  0.00000000    )
   41.233403578400001      ( -5.71587007E-05,  0.00000000    )
   41.294762809900000      ( -6.29421993E-05,  0.00000000    )
   41.356122041399999      ( -6.68720968E-05,  0.00000000    )
   41.417481272899998      ( -6.88233995E-05,  0.00000000    )
   41.478840504399997      ( -6.88115033E-05,  0.00000000    )
   41.540199735900003      ( -6.69685032E-05,  0.00000000    )
   41.601558967499997      ( -6.34925964E-05,  0.00000000    )
   41.662918199000003      ( -5.85980015E-05,  0.00000000    )
   41.724277430500003      ( -5.24805982E-05,  0.00000000    )
   41.785636662000002      ( -4.53009015E-05,  0.00000000    )
   41.846995893500001      ( -3.71819988E-05,  0.00000000    )
   41.908355125000000      ( -2.82256005E-05,  0.00000000    )
   41.969714356600001      ( -1.85471999E-05,  0.00000000    )
   42.031073588100000      ( -8.31810030E-06,  0.00000000    )
   42.092432819599999      (  2.21010009E-06,  0.00000000    )
   42.153792051099998      (  1.27159001E-05,  0.00000000    )
   42.215151282599997      (  2.28478002E-05,  0.00000000    )
   42.276510514100003      (  3.22710002E-05,  0.00000000    )
   42.337869745600003      (  4.07018997E-05,  0.00000000    )
   42.399228977200003      (  4.79211994E-05,  0.00000000    )
   42.460588208700003      (  5.37742999E-05,  0.00000000    )
   42.521947440200002      (  5.81630993E-05,  0.00000000    )
   42.583306671700001      (  6.10286988E-05,  0.00000000    )
   42.644665903200000      (  6.23279993E-05,  0.00000000    )
   42.706025134699999      (  6.20166029E-05,  0.00000000    )
   42.767384366300000      (  6.00523017E-05,  0.00000000    )
   42.828743597799999      (  5.64244983E-05,  0.00000000    )
   42.890102829299998      (  5.11926992E-05,  0.00000000    )
   42.951462060799997      (  4.45133992E-05,  0.00000000    )
   43.012821292300004      (  3.66400018E-05,  0.00000000    )
   43.074180523800003      (  2.78982006E-05,  0.00000000    )
   43.135539755300002      (  1.86494999E-05,  0.00000000    )
   43.196898986900003      (  9.24980031E-06,  0.00000000    )
   43.258258218400002      (  8.89999985E-09,  0.00000000    )
   43.319617449900001      ( -8.84099973E-06,  0.00000000    )
   43.380976681400000      ( -1.71569991E-05,  0.00000000    )
   43.442335912899999      ( -2.48672004E-05,  0.00000000    )
   43.503695144399998      ( -3.19274004E-05,  0.00000000    )
   43.565054375999999      ( -3.82744001E-05,  0.00000000    )
   43.626413607499998      ( -4.37956987E-05,  0.00000000    )
   43.687772838999997      ( -4.83272015E-05,  0.00000000    )
   43.749132070500004      ( -5.16740001E-05,  0.00000000    )
   43.810491302000003      ( -5.36435000E-05,  0.00000000    )
   43.871850533500002      ( -5.40836991E-05,  0.00000000    )
   43.933209765000001      ( -5.29206009E-05,  0.00000000    )
   43.994568996600002      ( -5.01854993E-05,  0.00000000    )
   44.055928228100001      ( -4.60191004E-05,  0.00000000    )
   44.117287459600000      ( -4.06473991E-05,  0.00000000    )
   44.178646691099999      ( -3.43380998E-05,  0.00000000    )
   44.240005922599998      ( -2.73547994E-05,  0.00000000    )
   44.301365154099997      ( -1.99270999E-05,  0.00000000    )
   44.362724385699998      ( -1.22415004E-05,  0.00000000    )
   44.424083617199997      ( -4.44739999E-06,  0.00000000    )
   44.485442848700004      (  3.32829995E-06,  0.00000000    )
   44.546802080200003      (  1.09605999E-05,  0.00000000    )
   44.608161311700002      (  1.83057000E-05,  0.00000000    )
   44.669520543200001      (  2.51875008E-05,  0.00000000    )
   44.730879774700000      (  3.14001991E-05,  0.00000000    )
   44.792239006300001      (  3.67301982E-05,  0.00000000    )
   44.853598237800000      (  4.09876993E-05,  0.00000000    )
   44.914957469299999      (  4.40344011E-05,  0.00000000    )
   44.976316700799998      (  4.57956994E-05,  0.00000000    )
   45.037675932299997      (  4.62608004E-05,  0.00000000    )
   45.099035163800004      (  4.54731999E-05,  0.00000000    )
   45.160394395399997      (  4.35168004E-05,  0.00000000    )
   45.221753626899996      (  4.05003011E-05,  0.00000000    )
   45.283112858400003      (  3.65400010E-05,  0.00000000    )
   45.344472089900002      (  3.17488011E-05,  0.00000000    )
   45.405831321400001      (  2.62372996E-05,  0.00000000    )
   45.467190552900000      (  2.01248004E-05,  0.00000000    )
   45.528549784399999      (  1.35531000E-05,  0.00000000    )
   45.589909016000000      (  6.69280007E-06,  0.00000000    )
   45.651268247499999      ( -2.60999997E-07,  0.00000000    )
   45.712627478999998      ( -7.10120003E-06,  0.00000000    )
   45.773986710499997      ( -1.36222998E-05,  0.00000000    )
   45.835345941999996      ( -1.96334004E-05,  0.00000000    )
   45.896705173500003      ( -2.49708992E-05,  0.00000000    )
   45.958064405099996      ( -2.95082991E-05,  0.00000000    )
   46.019423636600003      ( -3.31597003E-05,  0.00000000    )
   46.080782868100002      ( -3.58742000E-05,  0.00000000    )
   46.142142099600001      ( -3.76235002E-05,  0.00000000    )
   46.203501331100000      ( -3.83920014E-05,  0.00000000    )
   46.264860562599999      ( -3.81729005E-05,  0.00000000    )
   46.326219794099998      ( -3.69738991E-05,  0.00000000    )
   46.387579025699999      ( -3.48231988E-05,  0.00000000    )
   46.448938257199998      ( -3.17757986E-05,  0.00000000    )
   46.510297488699997      ( -2.79165997E-05,  0.00000000    )
   46.571656720199996      ( -2.33611008E-05,  0.00000000    )
   46.633015951700003      ( -1.82544009E-05,  0.00000000    )
   46.694375183200002      ( -1.27635003E-05,  0.00000000    )
   46.755734414800003      ( -7.06399987E-06,  0.00000000    )
   46.817093646300002      ( -1.32510002E-06,  0.00000000    )
   46.878452877800001      (  4.30069986E-06,  0.00000000    )
   46.939812109300000      (  9.68019958E-06,  0.00000000    )
   47.001171340799999      (  1.46966004E-05,  0.00000000    )
   47.062530572299998      (  1.92447005E-05,  0.00000000    )
   47.123889803799997      (  2.32283001E-05,  0.00000000    )
   47.185249035399998      (  2.65594008E-05,  0.00000000    )
   47.246608266899997      (  2.91574997E-05,  0.00000000    )
   47.307967498399996      (  3.09518982E-05,  0.00000000    )
   47.369326729900003      (  3.18880011E-05,  0.00000000    )
   47.430685961400002      (  3.19364008E-05,  0.00000000    )
   47.492045192900001      (  3.11014992E-05,  0.00000000    )
   47.553404424500002      (  2.94238998E-05,  0.00000000    )
   47.614763656000001      (  2.69767006E-05,  0.00000000    )
   47.676122887500000      (  2.38572993E-05,  0.00000000    )
   47.737482118999999      (  2.01795992E-05,  0.00000000    )
   47.798841350499998      (  1.60671007E-05,  0.00000000    )
   47.860200581999997      (  1.16466999E-05,  0.00000000    )
   47.921559813499996      (  7.04339982E-06,  0.00000000    )
   47.982919045099997      (  2.37640006E-06,  0.00000000    )
   48.044278276599997      ( -2.23980010E-06,  0.00000000    )
   48.105637508100003      ( -6.69329984E-06,  0.00000000    )
   48.166996739600002      ( -1.08733002E-05,  0.00000000    )
   48.228355971100001      ( -1.46717002E-05,  0.00000000    )
   48.289715202600000      ( -1.79890994E-05,  0.00000000    )
   48.351074434200001      ( -2.07408993E-05,  0.00000000    )
   48.412433665700000      ( -2.28614008E-05,  0.00000000    )
   48.473792897199999      ( -2.43063005E-05,  0.00000000    )
   48.535152128699998      ( -2.50546000E-05,  0.00000000    )
   48.596511360199997      ( -2.51089004E-05,  0.00000000    )
   48.657870591699997      ( -2.44940002E-05,  0.00000000    )
   48.719229823200003      ( -2.32523998E-05,  0.00000000    )
   48.780589054799997      ( -2.14390002E-05,  0.00000000    )
   48.841948286300003      ( -1.91165000E-05,  0.00000000    )
   48.903307517800002      ( -1.63547993E-05,  0.00000000    )
   48.964666749300001      ( -1.32311998E-05,  0.00000000    )
   49.026025980800000      ( -9.83120026E-06,  0.00000000    )
   49.087385212299999      ( -6.24650011E-06,  0.00000000    )
   49.148744443900000      ( -2.57360011E-06,  0.00000000    )
   49.210103675399999      (  1.08899997E-06,  0.00000000    )
   49.271462906899998      (  4.64230015E-06,  0.00000000    )
   49.332822138399997      (  7.99080044E-06,  0.00000000    )
   49.394181369899997      (  1.10464998E-05,  0.00000000    )
   49.455540601400003      (  1.37335001E-05,  0.00000000    )
   49.516899832900002      (  1.59900992E-05,  0.00000000    )
   49.578259064500003      (  1.77682996E-05,  0.00000000    )
   49.639618296000002      (  1.90327992E-05,  0.00000000    )
   49.700977527500001      (  1.97605004E-05,  0.00000000    )
   49.762336759000000      (  1.99411006E-05,  0.00000000    )
   49.823695990499999      (  1.95786997E-05,  0.00000000    )
   49.885055221999998      (  1.86914003E-05,  0.00000000    )
   49.946414453599999      (  1.73120006E-05,  0.00000000    )
   50.007773685099998      (  1.54879999E-05,  0.00000000    )
   50.069132916599997      (  1.32822997E-05,  0.00000000    )
   50.130492148099997      (  1.07716996E-05,  0.00000000    )
   50.191851379600003      (  8.04320007E-06,  0.00000000    )
   50.253210611100002      (  5.18839988E-06,  0.00000000    )
   50.314569842600001      (  2.29779994E-06,  0.00000000    )
   50.375929074200002      ( -5.43800013E-07,  0.00000000    )
   50.437288305700001      ( -3.25980000E-06,  0.00000000    )
   50.498647537200000      ( -5.78380013E-06,  0.00000000    )
   50.560006768699999      ( -8.06020034E-06,  0.00000000    )
   50.621366000199998      ( -1.00445004E-05,  0.00000000    )
   50.682725231699997      ( -1.17011004E-05,  0.00000000    )
   50.744084463299998      ( -1.30013004E-05,  0.00000000    )
   50.805443694799997      ( -1.39224003E-05,  0.00000000    )
   50.866802926299997      ( -1.44486003E-05,  0.00000000    )
   50.928162157800003      ( -1.45723998E-05,  0.00000000    )
   50.989521389300002      ( -1.42972003E-05,  0.00000000    )
   51.050880620800001      ( -1.36379003E-05,  0.00000000    )
   51.112239852300000      ( -1.26212999E-05,  0.00000000    )
   51.173599083900001      ( -1.12854004E-05,  0.00000000    )
   51.234958315400000      ( -9.67859978E-06,  0.00000000    )
   51.296317546899999      ( -7.85730026E-06,  0.00000000    )
   51.357676778399998      ( -5.88220018E-06,  0.00000000    )
   51.419036009899997      ( -3.81469999E-06,  0.00000000    )
   51.480395241399997      ( -1.71399995E-06,  0.00000000    )
   51.541754472999997      (  3.63800012E-07,  0.00000000    )
   51.603113704499997      (  2.36639994E-06,  0.00000000    )
   51.664472936000003      (  4.24500013E-06,  0.00000000    )
   51.725832167500002      (  5.95519987E-06,  0.00000000    )
   51.787191399000001      (  7.45709985E-06,  0.00000000    )
   51.848550630500000      (  8.71569955E-06,  0.00000000    )
   51.909909862100001      (  9.70159999E-06,  0.00000000    )
   51.971269093600000      (  1.03921002E-05,  0.00000000    )
   52.032628325099999      (  1.07735996E-05,  0.00000000    )
   52.093987556599998      (  1.08427002E-05,  0.00000000    )
   52.155346788099997      (  1.06069001E-05,  0.00000000    )
   52.216706019599997      (  1.00841999E-05,  0.00000000    )
   52.278065251100003      (  9.30110036E-06,  0.00000000    )
   52.339424482699997      (  8.29160035E-06,  0.00000000    )
   52.400783714200003      (  7.09520009E-06,  0.00000000    )
   52.462142945700002      (  5.75469994E-06,  0.00000000    )
   52.523502177200001      (  4.31480021E-06,  0.00000000    )
   52.584861408700000      (  2.81970006E-06,  0.00000000    )
   52.646220640199999      (  1.31269996E-06,  0.00000000    )
   52.707579871800000      ( -1.64699998E-07,  0.00000000    )
   52.768939103299999      ( -1.57320005E-06,  0.00000000    )
   52.830298334799998      ( -2.87600005E-06,  0.00000000    )
   52.891657566299997      ( -4.04100001E-06,  0.00000000    )
   52.953016797799997      ( -5.04099989E-06,  0.00000000    )
   53.014376029300003      ( -5.85509997E-06,  0.00000000    )
   53.075735260800002      ( -6.46850003E-06,  0.00000000    )
   53.137094492400003      ( -6.87359989E-06,  0.00000000    )
   53.198453723900002      ( -7.06950004E-06,  0.00000000    )
   53.259812955400001      ( -7.06179981E-06,  0.00000000    )
   53.321172186900000      ( -6.86170006E-06,  0.00000000    )
   53.382531418399999      ( -6.48469995E-06,  0.00000000    )
   53.443890649899998      ( -5.94919993E-06,  0.00000000    )
   53.505249881499999      ( -5.27639986E-06,  0.00000000    )
   53.566609112999998      ( -4.48909987E-06,  0.00000000    )
   53.627968344499997      ( -3.61189996E-06,  0.00000000    )
   53.689327575999997      ( -2.67080009E-06,  0.00000000    )
   53.750686807500003      ( -1.69199996E-06,  0.00000000    )
   53.812046039000002      ( -7.02399973E-07,  0.00000000    )
   53.873405270500001      (  2.71200008E-07,  0.00000000    )
   53.934764502100002      (  1.20280004E-06,  0.00000000    )
   53.996123733600001      (  2.06760001E-06,  0.00000000    )
   54.057482965100000      (  2.84339990E-06,  0.00000000    )
   54.118842196599999      (  3.51140011E-06,  0.00000000    )
   54.180201428099998      (  4.05599985E-06,  0.00000000    )
   54.241560659599998      (  4.46600006E-06,  0.00000000    )
   54.302919891199998      (  4.73379987E-06,  0.00000000    )
   54.364279122699998      (  4.85669989E-06,  0.00000000    )
   54.425638354199997      (  4.83660006E-06,  0.00000000    )
   54.486997585700003      (  4.67959990E-06,  0.00000000    )
   54.548356817200002      (  4.39609994E-06,  0.00000000    )
   54.609716048700001      (  4.00030012E-06,  0.00000000    )
   54.671075280200000      (  3.50959999E-06,  0.00000000    )
   54.732434511800001      (  2.94450001E-06,  0.00000000    )
   54.793793743300000      (  2.32689990E-06,  0.00000000    )
   54.855152974799999      (  1.67969995E-06,  0.00000000    )
   54.916512206299998      (  1.02499996E-06,  0.00000000    )
   54.977871437799998      (  3.83700012E-07,  0.00000000    )
   55.039230669299997      ( -2.25400001E-07,  0.00000000    )
   55.100589900899998      ( -7.86399994E-07,  0.00000000    )
   55.161949132399997      ( -1.28590000E-06,  0.00000000    )
   55.223308363900003      ( -1.71429997E-06,  0.00000000    )
   55.284667595400002      ( -2.06460004E-06,  0.00000000    )
   55.346026826900001      ( -2.33269998E-06,  0.00000000    )
   55.407386058400000      ( -2.51729989E-06,  0.00000000    )
   55.468745289899999      ( -2.61890000E-06,  0.00000000    )
   55.530104521500000      ( -2.64060009E-06,  0.00000000    )
   55.591463752999999      ( -2.58730006E-06,  0.00000000    )
   55.652822984499998      ( -2.46579998E-06,  0.00000000    )
   55.714182215999998      ( -2.28370004E-06,  0.00000000    )
   55.775541447499997      ( -2.04990010E-06,  0.00000000    )
   55.836900679000003      ( -1.77389995E-06,  0.00000000    )
   55.898259910599997      ( -1.46540003E-06,  0.00000000    )
   55.959619142100003      ( -1.13450005E-06,  0.00000000    )
   56.020978373600002      ( -7.90599984E-07,  0.00000000    )
   56.082337605100001      ( -4.43200008E-07,  0.00000000    )
   56.143696836600000      ( -1.00999998E-07,  0.00000000    )
   56.205056068099999      (  2.27399994E-07,  0.00000000    )
   56.266415299599998      (  5.33899993E-07,  0.00000000    )
   56.327774531199999      (  8.11199982E-07,  0.00000000    )
   56.389133762699998      (  1.05260006E-06,  0.00000000    )
   56.450492994199998      (  1.25270003E-06,  0.00000000    )
   56.511852225699997      (  1.40709994E-06,  0.00000000    )
   56.573211457200003      (  1.51289998E-06,  0.00000000    )
   56.634570688700002      (  1.56889996E-06,  0.00000000    )
   56.695929920300003      (  1.57579996E-06,  0.00000000    )
   56.757289151800002      (  1.53580004E-06,  0.00000000    )
   56.818648383300001      (  1.45280001E-06,  0.00000000    )
   56.880007614800000      (  1.33230003E-06,  0.00000000    )
   56.941366846299999      (  1.18059995E-06,  0.00000000    )
   57.002726077799998      (  1.00499994E-06,  0.00000000    )
   57.064085309299998      (  8.13200018E-07,  0.00000000    )
   57.125444540899998      (  6.13099985E-07,  0.00000000    )
   57.186803772399998      (  4.12199995E-07,  0.00000000    )
   57.248163003899997      (  2.17400000E-07,  0.00000000    )
   57.309522235400003      (  3.49999993E-08,  0.00000000    )
   57.370881466900002      ( -1.30100005E-07,  0.00000000    )
   57.432240698400001      ( -2.74000001E-07,  0.00000000    )
   57.493599930000002      ( -3.94199986E-07,  0.00000000    )
   57.554959161500001      ( -4.89300021E-07,  0.00000000    )
   57.616318393000000      ( -5.59300020E-07,  0.00000000    )
   57.677677624499999      ( -6.05100013E-07,  0.00000000    )
   57.739036855999998      ( -6.28000009E-07,  0.00000000    )
   57.800396087499998      ( -6.30300008E-07,  0.00000000    )
   57.861755318999997      ( -6.14300006E-07,  0.00000000    )
   57.923114550599998      ( -5.82600023E-07,  0.00000000    )
   57.984473782099997      ( -5.37800020E-07,  0.00000000    )
   58.045833013600003      ( -4.82299981E-07,  0.00000000    )
   58.107192245100002      ( -4.18700012E-07,  0.00000000    )
   58.168551476600001      ( -3.49200008E-07,  0.00000000    )
   58.229910708100000      ( -2.75899993E-07,  0.00000000    )
   58.291269939700001      ( -2.01099994E-07,  0.00000000    )
   58.352629171200000      ( -1.26499998E-07,  0.00000000    )
   58.413988402699999      ( -5.40999991E-08,  0.00000000    )
   58.475347634199998      (  1.47000003E-08,  0.00000000    )
   58.536706865699998      (  7.83999994E-08,  0.00000000    )
   58.598066097199997      (  1.35500002E-07,  0.00000000    )
   58.659425328700003      (  1.85100006E-07,  0.00000000    )
   58.720784560299997      (  2.26099999E-07,  0.00000000    )
   58.782143791800003      (  2.57799996E-07,  0.00000000    )
   58.843503023300002      (  2.79700004E-07,  0.00000000    )
   58.904862254800001      (  2.91499987E-07,  0.00000000    )
   58.966221486300000      (  2.93200003E-07,  0.00000000    )
   59.027580717799999      (  2.85299990E-07,  0.00000000    )
   59.088939949400000      (  2.68599990E-07,  0.00000000    )
   59.150299180899999      (  2.44200010E-07,  0.00000000    )
   59.211658412399998      (  2.13700005E-07,  0.00000000    )
   59.273017643899998      (  1.78700006E-07,  0.00000000    )
   59.334376875399997      (  1.41300006E-07,  0.00000000    )
   59.395736106900003      (  1.03300003E-07,  0.00000000    )
   59.457095338400002      (  6.66999966E-08,  0.00000000    )
   59.518454570000003      (  3.29000009E-08,  0.00000000    )
   59.579813801500002      (  3.40000006E-09,  0.00000000    )
   59.641173033000001      ( -2.11000000E-08,  0.00000000    )
   59.702532264500000      ( -4.01000015E-08,  0.00000000    )
   59.763891495999999      ( -5.36000009E-08,  0.00000000    )
   59.825250727499999      ( -6.19999980E-08,  0.00000000    )
   59.886609959099999      ( -6.58999966E-08,  0.00000000    )
   59.947969190599999      ( -6.62000019E-08,  0.00000000    )
   60.009328422099998      ( -6.36999999E-08,  0.00000000    )
   60.070687653599997      ( -5.94000014E-08,  0.00000000    )
   60.132046885100003      ( -5.40999991E-08,  0.00000000    )
   60.193406116600002      ( -4.84999987E-08,  0.00000000    )
   60.254765348100001      ( -4.30000000E-08,  0.00000000    )
   60.316124579700002      ( -3.79000014E-08,  0.00000000    )
   60.377483811200001      ( -3.33000010E-08,  0.00000000    )
   60.438843042700000      ( -2.93000006E-08,  0.00000000    )
   60.500202274199999      ( -2.58000004E-08,  0.00000000    )
   60.561561505699999      ( -2.27000001E-08,  0.00000000    )
   60.622920737199998      ( -1.97999999E-08,  0.00000000    )
   60.684279968799999      ( -1.68999996E-08,  0.00000000    )
   60.745639200299998      ( -1.41000003E-08,  0.00000000    )
   60.806998431799997      ( -1.12000000E-08,  0.00000000    )
   60.868357663300003      ( -8.29999980E-09,  0.00000000    )
   60.929716894800002      ( -5.40000000E-09,  0.00000000    )
   60.991076126300001      ( -2.70000000E-09,  0.00000000    )
   61.052435357800000      ( -1.00000001E-10,  0.00000000    )
   61.113794589400001      (  2.19999996E-09,  0.00000000    )
   61.175153820900000      (  4.09999990E-09,  0.00000000    )
   61.236513052399999      (  5.60000002E-09,  0.00000000    )
   61.297872283899999      (  6.60000010E-09,  0.00000000    )
   61.359231515399998      (  7.00000014E-09,  0.00000000    )
   61.420590746899997      (  7.00000014E-09,  0.00000000    )
   61.481949978499998      (  6.60000010E-09,  0.00000000    )
   61.543309209999997      (  5.70000003E-09,  0.00000000    )
   61.604668441500003      (  4.49999993E-09,  0.00000000    )
   61.666027673000002      (  3.10000003E-09,  0.00000000    )
   61.727386904500001      (  1.60000002E-09,  0.00000000    )
   61.788746136000000      (  0.00000000    ,  0.00000000    )
   61.850105367499999      ( -1.50000001E-09,  0.00000000    )
   61.911464599100000      ( -3.00000003E-09,  0.00000000    )
   61.972823830599999      ( -4.29999991E-09,  0.00000000    )
   62.034183062099999      ( -5.40000000E-09,  0.00000000    )
   62.095542293599998      ( -6.30000008E-09,  0.00000000    )
   62.156901525099997      ( -7.00000014E-09,  0.00000000    )
   62.218260756600003      ( -7.49999973E-09,  0.00000000    )
   62.279619988199997      ( -7.89999977E-09,  0.00000000    )
   62.340979219700003      ( -8.09999978E-09,  0.00000000    )
   62.402338451200002      ( -8.19999979E-09,  0.00000000    )
   62.463697682700001      ( -8.29999980E-09,  0.00000000    )
   62.525056914200000      ( -8.29999980E-09,  0.00000000    )
   62.586416145699999      ( -8.29999980E-09,  0.00000000    )
   62.647775377199999      ( -8.19999979E-09,  0.00000000    )
   62.709134608799999      ( -8.19999979E-09,  0.00000000    )
   62.770493840299999      ( -8.19999979E-09,  0.00000000    )
