0 -495.7932
0.010005003 -495.10841
0.020010005 -494.42362
0.030015008 -493.73882
0.04002001 -493.05403
0.050025013 -492.36924
0.060030015 -491.68445
0.070035018 -490.99966
0.08004002 -490.31487
0.090045023 -489.63007
0.10005003 -488.94528
0.11005503 -488.26049
0.12006003 -487.5757
0.13006503 -486.63891
0.14007004 -485.27977
0.15007504 -483.92064
0.16008004 -482.5615
0.17008504 -481.20236
0.18009005 -479.84322
0.19009505 -478.48409
0.20010005 -477.12495
0.21010505 -475.76581
0.22011006 -474.40668
0.23011506 -473.04754
0.24012006 -471.6884
0.25012506 -470.32926
0.26013007 -468.34804
0.27013507 -466.15654
0.28014007 -463.96503
0.29014507 -461.77353
0.30015008 -459.58203
0.31015508 -457.39053
0.32016008 -455.19903
0.33016508 -453.00753
0.34017009 -450.81603
0.35017509 -448.62453
0.36018009 -446.43303
0.37018509 -444.24152
0.3801901 -441.96447
0.3901951 -439.06626
0.4002001 -436.16805
0.4102051 -433.26984
0.42021011 -430.37163
0.43021511 -427.47342
0.44022011 -424.57521
0.45022511 -421.67701
0.46023012 -418.7788
0.47023512 -415.88059
0.48024012 -412.98238
0.49024512 -410.08417
0.50025013 -407.18596
0.51025513 -404.03107
0.52026013 -400.61405
0.53026513 -397.19703
0.54027014 -393.78001
0.55027514 -390.36298
0.56028014 -386.94596
0.57028514 -383.52894
0.58029015 -380.11192
0.59029515 -376.6949
0.60030015 -373.27788
0.61030515 -369.86086
0.62031016 -366.44383
0.63031516 -363.02681
0.64032016 -359.3618
0.65032516 -355.65922
0.66033017 -351.95664
0.67033517 -348.25406
0.68034017 -344.55148
0.69034517 -340.84891
0.70035018 -337.14633
0.71035518 -333.44375
0.72036018 -329.74117
0.73036518 -326.03859
0.74037019 -322.33601
0.75037519 -318.63343
0.76038019 -314.92038
0.77038519 -311.17456
0.7803902 -307.42874
0.7903952 -303.68291
0.8004002 -299.93709
0.8104052 -296.19127
0.82041021 -292.44545
0.83041521 -288.69963
0.84042021 -284.9538
0.85042521 -281.20798
0.86043022 -277.46216
0.87043522 -273.71634
0.88044022 -269.97052
0.89044522 -266.32754
0.90045023 -262.74871
0.91045523 -259.16989
0.92046023 -255.59107
0.93046523 -252.01225
0.94047024 -248.43343
0.95047524 -244.85461
0.96048024 -241.27578
0.97048524 -237.69696
0.98049025 -234.11814
0.99049525 -230.53932
1.0005003 -226.9605
1.0105053 -223.38168
1.0205103 -220.11612
1.0305153 -216.85388
1.0405203 -213.59164
1.0505253 -210.3294
1.0605303 -207.06717
1.0705353 -203.80493
1.0805403 -200.54269
1.0905453 -197.28046
1.1005503 -194.01822
1.1105553 -190.75598
1.1205603 -187.49374
1.1305653 -184.23151
1.1405703 -180.57989
1.1505753 -176.24556
1.1605803 -171.91122
1.1705853 -167.57688
1.1805903 -163.24255
1.1905953 -158.90821
1.2006003 -154.57387
1.2106053 -150.23953
1.2206103 -145.9052
1.2306153 -141.57086
1.2406203 -137.23652
1.2506253 -132.90219
1.2606303 -128.56785
1.2706353 -124.74171
1.2806403 -121.09703
1.2906453 -117.45235
1.3006503 -113.80767
1.3106553 -110.16299
1.3206603 -106.51831
1.3306653 -102.87363
1.3406703 -99.228949
1.3506753 -95.58427
1.3606803 -91.93959
1.3706853 -88.294911
1.3806903 -84.650231
1.3906953 -81.097616
1.4007004 -78.285602
1.4107054 -75.473588
1.4207104 -72.661574
1.4307154 -69.84956
1.4407204 -67.037546
1.4507254 -64.225532
1.4607304 -61.413518
1.4707354 -58.601504
1.4807404 -55.789489
1.4907454 -52.977475
1.5007504 -50.165461
1.5107554 -47.353447
1.5207604 -45.001669
1.5307654 -43.140056
1.5407704 -41.278444
1.5507754 -39.416831
1.5607804 -37.555219
1.5707854 -35.693606
1.5807904 -33.831994
1.5907954 -31.970381
1.6008004 -30.108769
1.6108054 -28.247156
1.6208104 -26.385544
1.6308154 -24.523931
1.6408204 -22.662319
1.6508254 -21.456535
1.6608304 -20.359344
1.6708354 -19.262153
1.6808404 -18.164962
1.6908454 -17.067771
1.7008504 -15.97058
1.7108554 -14.873389
1.7208604 -13.776198
1.7308654 -12.679007
1.7408704 -11.581816
1.7508754 -10.484625
1.7608804 -9.3874335
1.7708854 -8.4084632
1.7808904 -7.8216595
1.7908954 -7.2348559
1.8009005 -6.6480522
1.8109055 -6.0612485
1.8209105 -5.4744448
1.8309155 -4.8876412
1.8409205 -4.3008375
1.8509255 -3.7140338
1.8609305 -3.1272301
1.8709355 -2.5404265
1.8809405 -1.9536228
1.8909455 -1.3668191
1.9009505 -0.99005817
1.9109555 -0.75025061
1.9209605 -0.51044304
1.9309655 -0.27063548
1.9409705 -0.030827922
1.9509755 0.20897964
1.9609805 0.4487872
1.9709855 0.68859476
1.9809905 0.92840232
1.9909955 1.1682099
2.0010005 1.4080174
2.0110055 1.647825
2.0210105 1.8876326
2.0310155 1.9497611
2.0410205 2.0080792
2.0510255 2.0663974
2.0610305 2.1247156
2.0710355 2.1830337
2.0810405 2.2413519
2.0910455 2.2996701
2.1010505 2.3579882
2.1110555 2.4163064
2.1210605 2.4746246
2.1310655 2.5329427
2.1410705 2.5912609
2.1510755 2.6349159
2.1610805 2.6516592
2.1710855 2.6684025
2.1810905 2.6851458
2.1910955 2.7018891
2.2011006 2.7186324
2.2111056 2.7353757
2.2211106 2.752119
2.2311156 2.7688623
2.2411206 2.7856056
2.2511256 2.8023489
2.2611306 2.8190922
2.2711356 2.8358355
2.2811406 2.8747918
2.2911456 2.9221156
2.3011506 2.9694393
2.3111556 3.016763
2.3211606 3.0640868
2.3311656 3.1114105
2.3411706 3.1587342
2.3511756 3.2060579
2.3611806 3.2533817
2.3711856 3.3007054
2.3811906 3.3480291
2.3911956 3.3953529
2.4012006 3.4472156
2.4112056 3.5398977
2.4212106 3.6325799
2.4312156 3.7252621
2.4412206 3.8179442
2.4512256 3.9106264
2.4612306 4.0033086
2.4712356 4.0959907
2.4812406 4.1886729
2.4912456 4.2813551
2.5012506 4.3740373
2.5112556 4.4667194
2.5212606 4.5594016
2.5312656 4.6643988
2.5412706 4.7830755
2.5512756 4.9017522
2.5612806 5.020429
2.5712856 5.1391057
2.5812906 5.2577824
2.5912956 5.3764591
2.6013007 5.4951358
2.6113057 5.6138125
2.6213107 5.7324892
2.6313157 5.8511659
2.6413207 5.9698426
2.6513257 6.0885193
2.6613307 6.1940392
2.6713357 6.2971907
2.6813407 6.4003422
2.6913457 6.5034937
2.7013507 6.6066452
2.7113557 6.7097967
2.7213607 6.8129482
2.7313657 6.9160997
2.7413707 7.0192512
2.7513757 7.1224027
2.7613807 7.2255542
2.7713857 7.3287057
2.7813907 7.4161836
2.7913957 7.4484565
2.8014007 7.4807294
2.8114057 7.5130023
2.8214107 7.5452752
2.8314157 7.5775481
2.8414207 7.609821
2.8514257 7.6420939
2.8614307 7.6743668
2.8714357 7.7066397
2.8814407 7.7389126
2.8914457 7.7711855
2.9014507 7.8034584
2.9114557 7.7676391
2.9214607 7.6854367
2.9314657 7.6032343
2.9414707 7.5210319
2.9514757 7.4388296
2.9614807 7.3566272
2.9714857 7.2744248
2.9814907 7.1922224
2.9914957 7.11002
3.0015008 7.0278176
3.0115058 6.9456152
3.0215108 6.8634128
3.0315158 6.7812105
3.0415208 6.566891
3.0515258 6.3482756
3.0615308 6.1296602
3.0715358 5.9110447
3.0815408 5.6924293
3.0915458 5.4738139
3.1015508 5.2551985
3.1115558 5.0365831
3.1215608 4.8179676
3.1315658 4.5993522
3.1415708 4.3807368
3.1515758 4.1621214
3.1615808 3.9075569
3.1715858 3.5838871
3.1815908 3.2602174
3.1915958 2.9365476
3.2016008 2.6128779
3.2116058 2.2892081
3.2216108 1.9655384
3.2316158 1.6418687
3.2416208 1.3181989
3.2516258 0.99452917
3.2616308 0.67085943
3.2716358 0.34718968
3.2816408 0.02351994
3.2916458 -0.31372509
3.3016508 -0.65635782
3.3116558 -0.99899056
3.3216608 -1.3416233
3.3316658 -1.684256
3.3416708 -2.0268888
3.3516758 -2.3695215
3.3616808 -2.7121542
3.3716858 -3.054787
3.3816908 -3.3974197
3.3916958 -3.7400524
3.4017009 -4.0826852
3.4117059 -4.4202966
3.4217109 -4.7068706
3.4317159 -4.9934445
3.4417209 -5.2800185
3.4517259 -5.5665924
3.4617309 -5.8531664
3.4717359 -6.1397403
3.4817409 -6.4263142
3.4917459 -6.7128882
3.5017509 -6.9994621
3.5117559 -7.2860361
3.5217609 -7.57261
3.5317659 -7.8591839
3.5417709 -8.0834613
3.5517759 -8.2355605
3.5617809 -8.3876597
3.5717859 -8.539759
3.5817909 -8.6918582
3.5917959 -8.8439574
3.6018009 -8.9960566
3.6118059 -9.1481559
3.6218109 -9.3002551
3.6318159 -9.4523543
3.6418209 -9.6044536
3.6518259 -9.7565528
3.6618309 -9.908652
3.6718359 -9.9424613
3.6818409 -9.9532254
3.6918459 -9.9639895
3.7018509 -9.9747536
3.7118559 -9.9855177
3.7218609 -9.9962818
3.7318659 -10.007046
3.7418709 -10.01781
3.7518759 -10.028574
3.7618809 -10.039338
3.7718859 -10.050102
3.7818909 -10.060866
3.7918959 -10.048119
3.801901 -9.9472601
3.811906 -9.8464014
3.821911 -9.7455426
3.831916 -9.6446839
3.841921 -9.5438252
3.851926 -9.4429664
3.861931 -9.3421077
3.871936 -9.241249
3.881941 -9.1403902
3.891946 -9.0395315
3.901951 -8.9386727
3.911956 -8.837814
3.921961 -8.6918044
3.931966 -8.5136751
3.941971 -8.3355459
3.951976 -8.1574167
3.961981 -7.9792874
3.971986 -7.8011582
3.981991 -7.6230289
3.991996 -7.4448997
4.002001 -7.2667704
4.012006 -7.0886412
4.022011 -6.9105119
4.032016 -6.7323827
4.042021 -6.5542535
4.052026 -6.3572598
4.062031 -6.1594393
4.072036 -5.9616188
4.082041 -5.7637983
4.092046 -5.5659778
4.102051 -5.3681573
4.112056 -5.1703368
4.122061 -4.9725163
4.132066 -4.7746958
4.142071 -4.5768753
4.152076 -4.3790548
4.162081 -4.1812343
4.172086 -3.9871508
4.182091 -3.8005966
4.192096 -3.6140424
4.2021011 -3.4274882
4.2121061 -3.240934
4.2221111 -3.0543798
4.2321161 -2.8678256
4.2421211 -2.6812714
4.2521261 -2.4947171
4.2621311 -2.3081629
4.2721361 -2.1216087
4.2821411 -1.9350545
4.2921461 -1.7485003
4.3021511 -1.5753329
4.3121561 -1.4077566
4.3221611 -1.2401803
4.3321661 -1.072604
4.3421711 -0.90502774
4.3521761 -0.73745146
4.3621811 -0.56987518
4.3721861 -0.40229889
4.3821911 -0.23472261
4.3921961 -0.067146326
4.4022011 0.10042996
4.4122061 0.26800624
4.4222111 0.43254346
4.4322161 0.5616864
4.4422211 0.69082933
4.4522261 0.81997226
4.4622311 0.9491152
4.4722361 1.0782581
4.4822411 1.2074011
4.4922461 1.336544
4.5022511 1.4656869
4.5122561 1.5948299
4.5222611 1.7239728
4.5322661 1.8531157
4.5422711 1.9822587
4.5522761 2.0961544
4.5622811 2.1916214
4.5722861 2.2870884
4.5822911 2.3825553
4.5922961 2.4780223
4.6023012 2.5734892
4.6123062 2.6689562
4.6223112 2.7644232
4.6323162 2.8598901
4.6423212 2.9553571
4.6523262 3.050824
4.6623312 3.146291
4.6723362 3.241758
4.6823412 3.3052679
4.6923462 3.3620669
4.7023512 3.418866
4.7123562 3.4756651
4.7223612 3.5324642
4.7323662 3.5892632
4.7423712 3.6460623
4.7523762 3.7028614
4.7623812 3.7596604
4.7723862 3.8164595
4.7823912 3.8732586
4.7923962 3.9300576
4.8024012 3.9794112
4.8124062 3.9990081
4.8224112 4.018605
4.8324162 4.0382019
4.8424212 4.0577988
4.8524262 4.0773957
4.8624312 4.0969926
4.8724362 4.1165895
4.8824412 4.1361865
4.8924462 4.1557834
4.9024512 4.1753803
4.9124562 4.1949772
4.9224612 4.2145741
4.9324662 4.2151982
4.9424712 4.2017312
4.9524762 4.1882643
4.9624812 4.1747974
4.9724862 4.1613305
4.9824912 4.1478636
4.9924962 4.1343967
5.0025013 4.1209297
5.0125063 4.1074628
5.0225113 4.0939959
5.0325163 4.080529
5.0425213 4.0670621
5.0525263 4.0535952
5.0625313 4.006614
5.0725363 3.9577764
5.0825413 3.9089387
5.0925463 3.8601011
5.1025513 3.8112634
5.1125563 3.7624258
5.1225613 3.7135881
5.1325663 3.6647504
5.1425713 3.6159128
5.1525763 3.5670751
5.1625813 3.5182375
5.1725863 3.4693998
5.1825913 3.4118713
5.1925963 3.335976
5.2026013 3.2600808
5.2126063 3.1841856
5.2226113 3.1082904
5.2326163 3.0323952
5.2426213 2.9564999
5.2526263 2.8806047
5.2626313 2.8047095
5.2726363 2.7288143
5.2826413 2.652919
5.2926463 2.5770238
5.3026513 2.5011286
5.3126563 2.406278
5.3226613 2.3031044
5.3326663 2.1999308
5.3426713 2.0967572
5.3526763 1.9935836
5.3626813 1.89041
5.3726863 1.7872364
5.3826913 1.6840628
5.3926963 1.5808892
5.4027014 1.4777156
5.4127064 1.374542
5.4227114 1.2713684
5.4327164 1.1676985
5.4427214 1.0572874
5.4527264 0.94687638
5.4627314 0.83646533
5.4727364 0.72605429
5.4827414 0.61564324
5.4927464 0.50523219
5.5027514 0.39482114
5.5127564 0.28441009
5.5227614 0.17399904
5.5327664 0.063587988
5.5427714 -0.046823062
5.5527764 -0.15723411
5.5627814 -0.27042889
5.5727864 -0.3871342
5.5827914 -0.50383952
5.5927964 -0.62054483
5.6028014 -0.73725015
5.6128064 -0.85395546
5.6228114 -0.97066078
5.6328164 -1.0873661
5.6428214 -1.2040714
5.6528264 -1.3207767
5.6628314 -1.437482
5.6728364 -1.5541873
5.6828414 -1.6708927
5.6928464 -1.7686924
5.7028514 -1.8622277
5.7128564 -1.955763
5.7228614 -2.0492983
5.7328664 -2.1428337
5.7428714 -2.236369
5.7528764 -2.3299043
5.7628814 -2.4234396
5.7728864 -2.5169749
5.7828914 -2.6105103
5.7928964 -2.7040456
5.8029015 -2.7975809
5.8129065 -2.8859972
5.8229115 -2.9525388
5.8329165 -3.0190805
5.8429215 -3.0856221
5.8529265 -3.1521638
5.8629315 -3.2187054
5.8729365 -3.2852471
5.8829415 -3.3517887
5.8929465 -3.4183304
5.9029515 -3.484872
5.9129565 -3.5514137
5.9229615 -3.6179554
5.9329665 -3.684497
5.9429715 -3.7268
5.9529765 -3.7503141
5.9629815 -3.7738281
5.9729865 -3.7973421
5.9829915 -3.8208562
5.9929965 -3.8443702
6.0030015 -3.8678842
6.0130065 -3.8913983
6.0230115 -3.9149123
6.0330165 -3.9384263
6.0430215 -3.9619404
6.0530265 -3.9854544
6.0630315 -4.0089685
6.0730365 -3.9910305
6.0830415 -3.9703063
6.0930465 -3.949582
6.1030515 -3.9288577
6.1130565 -3.9081335
6.1230615 -3.8874092
6.1330665 -3.8666849
6.1430715 -3.8459607
6.1530765 -3.8252364
6.1630815 -3.8045121
6.1730865 -3.7837879
6.1830915 -3.7630636
6.1930965 -3.731453
6.2031016 -3.6756912
6.2131066 -3.6199294
6.2231116 -3.5641676
6.2331166 -3.5084058
6.2431216 -3.452644
6.2531266 -3.3968822
6.2631316 -3.3411203
6.2731366 -3.2853585
6.2831416 -3.2295967
6.2931466 -3.1738349
6.3031516 -3.1180731
6.3131566 -3.0623113
6.3231616 -2.9924692
6.3331666 -2.916134
6.3431716 -2.8397988
6.3531766 -2.7634636
6.3631816 -2.6871284
6.3731866 -2.6107932
6.3831916 -2.534458
6.3931966 -2.4581228
6.4032016 -2.3817876
6.4132066 -2.3054524
6.4232116 -2.2291172
6.4332166 -2.1527819
6.4432216 -2.0758022
6.4532266 -1.9883694
6.4632316 -1.9009366
6.4732366 -1.8135038
6.4832416 -1.726071
6.4932466 -1.6386382
6.5032516 -1.5512054
6.5132566 -1.4637726
6.5232616 -1.3763397
6.5332666 -1.2889069
6.5432716 -1.2014741
6.5532766 -1.1140413
6.5632816 -1.0266085
6.5732866 -0.94136151
6.5832916 -0.85899118
6.5932966 -0.77662084
6.6033017 -0.6942505
6.6133067 -0.61188017
6.6233117 -0.52950983
6.6333167 -0.4471395
6.6433217 -0.36476916
6.6533267 -0.28239883
6.6633317 -0.20002849
6.6733367 -0.11765815
6.6833417 -0.035287819
6.6933467 0.047082516
6.7033517 0.12417959
6.7133567 0.200003
6.7233617 0.2758264
6.7333667 0.3516498
6.7433717 0.4274732
6.7533767 0.5032966
6.7633817 0.57912
6.7733867 0.6549434
6.7833917 0.7307668
6.7933967 0.8065902
6.8034017 0.8824136
6.8134067 0.958237
6.8234117 1.0312595
6.8334167 1.0914479
6.8434217 1.1516364
6.8534267 1.2118248
6.8634317 1.2720132
6.8734367 1.3322016
6.8834417 1.3923901
6.8934467 1.4525785
6.9034517 1.5127669
6.9134567 1.5729553
6.9234617 1.6331438
6.9334667 1.6933322
6.9434717 1.7535206
6.9534767 1.7993885
6.9634817 1.833673
6.9734867 1.8679574
6.9834917 1.9022419
6.9934967 1.9365263
7.0035018 1.9708108
7.0135068 2.0050952
7.0235118 2.0393797
7.0335168 2.0736641
7.0435218 2.1079486
7.0535268 2.142233
7.0635318 2.1765174
7.0735368 2.2108019
7.0835418 2.2290979
7.0935468 2.2461259
7.1035518 2.2631538
7.1135568 2.2801818
7.1235618 2.2972097
7.1335668 2.3142377
7.1435718 2.3312656
7.1535768 2.3482936
7.1635818 2.3653216
7.1735868 2.3823495
7.1835918 2.3993775
7.1935968 2.4164054
7.2036018 2.4263849
7.2136068 2.4199338
7.2236118 2.4134827
7.2336168 2.4070316
7.2436218 2.4005805
7.2536268 2.3941294
7.2636318 2.3876783
7.2736368 2.3812272
7.2836418 2.3747761
7.2936468 2.368325
7.3036518 2.3618739
7.3136568 2.3554228
7.3236618 2.3489717
7.3336668 2.3282079
7.3436718 2.3005181
7.3536768 2.2728283
7.3636818 2.2451385
7.3736868 2.2174487
7.3836918 2.1897588
7.3936968 2.162069
7.4037019 2.1343792
7.4137069 2.1066894
7.4237119 2.0789996
7.4337169 2.0513097
7.4437219 2.0236199
7.4537269 1.9951811
7.4637319 1.9517506
7.4737369 1.9083202
7.4837419 1.8648897
7.4937469 1.8214592
7.5037519 1.7780287
7.5137569 1.7345982
7.5237619 1.6911677
7.5337669 1.6477372
7.5437719 1.6043067
7.5537769 1.5608762
7.5637819 1.5174457
7.5737869 1.4740152
7.5837919 1.4239381
7.5937969 1.3647302
7.6038019 1.3055223
7.6138069 1.2463144
7.6238119 1.1871064
7.6338169 1.1278985
7.6438219 1.0686906
7.6538269 1.0094827
7.6638319 0.95027473
7.6738369 0.8910668
7.6838419 0.83185888
7.6938469 0.77265095
7.7038519 0.71344302
7.7138569 0.6507931
7.7238619 0.58725538
7.7338669 0.52371765
7.7438719 0.46017993
7.7538769 0.39664221
7.7638819 0.33310449
7.7738869 0.26956676
7.7838919 0.20602904
7.7938969 0.14249132
7.803902 0.078953599
7.813907 0.015415877
7.823912 -0.048121845
7.833917 -0.11088452
7.843922 -0.1698265
7.853927 -0.22876847
7.863932 -0.28771045
7.873937 -0.34665243
7.883942 -0.4055944
7.893947 -0.46453638
7.903952 -0.52347836
7.913957 -0.58242033
7.923962 -0.64136231
7.933967 -0.70030429
7.943972 -0.75924626
7.953977 -0.81818824
7.963982 -0.87266893
7.973987 -0.92338479
7.983992 -0.97410065
7.993997 -1.0248165
8.004002 -1.0755324
8.014007 -1.1262482
8.024012 -1.1769641
8.034017 -1.22768
8.044022 -1.2783958
8.054027 -1.3291117
8.064032 -1.3798276
8.074037 -1.4305434
8.084042 -1.4812593
8.094047 -1.5158762
8.104052 -1.5490172
8.114057 -1.5821582
8.124062 -1.6152992
8.134067 -1.6484401
8.144072 -1.6815811
8.154077 -1.7147221
8.164082 -1.7478631
8.174087 -1.7810041
8.184092 -1.8141451
8.194097 -1.8472861
8.2041021 -1.8804271
8.2141071 -1.907693
8.2241121 -1.9205546
8.2341171 -1.9334162
8.2441221 -1.9462779
8.2541271 -1.9591395
8.2641321 -1.9720012
8.2741371 -1.9848628
8.2841421 -1.9977244
8.2941471 -2.0105861
8.3041521 -2.0234477
8.3141571 -2.0363094
8.3241621 -2.049171
8.3341671 -2.0620327
8.3441721 -2.0627574
8.3541771 -2.057324
8.3641821 -2.0518906
8.3741871 -2.0464572
8.3841921 -2.0410238
8.3941971 -2.0355904
8.4042021 -2.030157
8.4142071 -2.0247236
8.4242121 -2.0192902
8.4342171 -2.0138568
8.4442221 -2.0084235
8.4542271 -2.0029901
8.4642321 -1.9967829
8.4742371 -1.9704844
8.4842421 -1.9441859
8.4942471 -1.9178873
8.5042521 -1.8915888
8.5142571 -1.8652903
8.5242621 -1.8389918
8.5342671 -1.8126933
8.5442721 -1.7863947
8.5542771 -1.7600962
8.5642821 -1.7337977
8.5742871 -1.7074992
8.5842921 -1.6812007
8.5942971 -1.6494946
8.6043022 -1.6100317
8.6143072 -1.5705688
8.6243122 -1.5311059
8.6343172 -1.491643
8.6443222 -1.4521801
8.6543272 -1.4127172
8.6643322 -1.3732543
8.6743372 -1.3337914
8.6843422 -1.2943285
8.6943472 -1.2548656
8.7043522 -1.2154027
8.7143572 -1.1759398
8.7243622 -1.1310076
8.7343672 -1.0845725
8.7443722 -1.0381375
8.7543772 -0.99170241
8.7643822 -0.94526735
8.7743872 -0.89883229
8.7843922 -0.85239724
8.7943972 -0.80596218
8.8044022 -0.75952713
8.8144072 -0.71309207
8.8244122 -0.66665701
8.8344172 -0.62022196
8.8444222 -0.57375097
8.8544272 -0.52708872
8.8644322 -0.48042647
8.8744372 -0.43376422
8.8844422 -0.38710197
8.8944472 -0.34043972
8.9044522 -0.29377747
8.9144572 -0.24711522
8.9244622 -0.20045297
8.9344672 -0.15379072
8.9444722 -0.10712847
8.9544772 -0.060466225
8.9644822 -0.013803975
8.9744872 0.03067876
8.9844922 0.073242908
8.9944972 0.11580706
9.0045023 0.1583712
9.0145073 0.20093535
9.0245123 0.2434995
9.0345173 0.28606365
9.0445223 0.32862779
9.0545273 0.37119194
9.0645323 0.41375609
9.0745373 0.45632024
9.0845423 0.49888438
9.0945473 0.54144853
9.1045523 0.57594912
9.1145573 0.6096084
9.1245623 0.64326768
9.1345673 0.67692696
9.1445723 0.71058624
9.1545773 0.74424552
9.1645823 0.7779048
9.1745873 0.81156408
9.1845923 0.84522336
9.1945973 0.87888264
9.2046023 0.91254192
9.2146073 0.9462012
9.2246123 0.97682449
9.2346173 0.99961028
9.2446223 1.0223961
9.2546273 1.0451819
9.2646323 1.0679677
9.2746373 1.0907535
9.2846423 1.1135393
9.2946473 1.1363251
9.3046523 1.1591109
9.3146573 1.1818966
9.3246623 1.2046824
9.3346673 1.2274682
9.3446723 1.250254
9.3546773 1.2650122
9.3646823 1.2755027
9.3746873 1.2859931
9.3846923 1.2964836
9.3946973 1.306974
9.4047024 1.3174645
9.4147074 1.327955
9.4247124 1.3384454
9.4347174 1.3489359
9.4447224 1.3594263
9.4547274 1.3699168
9.4647324 1.3804072
9.4747374 1.390554
9.4847424 1.3881187
9.4947474 1.3856834
9.5047524 1.383248
9.5147574 1.3808127
9.5247624 1.3783773
9.5347674 1.375942
9.5447724 1.3735066
9.5547774 1.3710713
9.5647824 1.3686359
9.5747874 1.3662006
9.5847924 1.3637652
9.5947974 1.3613299
9.6048024 1.35413
9.6148074 1.3397916
9.6248124 1.3254531
9.6348174 1.3111146
9.6448224 1.2967761
9.6548274 1.2824376
9.6648324 1.2680992
9.6748374 1.2537607
9.6848424 1.2394222
9.6948474 1.2250837
9.7048524 1.2107452
9.7148574 1.1964068
9.7248624 1.1820683
9.7348674 1.1589237
9.7448724 1.1332072
9.7548774 1.1074907
9.7648824 1.0817742
9.7748874 1.0560577
9.7848924 1.0303412
9.7948974 1.0046247
9.8049025 0.97890826
9.8149075 0.95319177
9.8249125 0.92747529
9.8349175 0.9017588
9.8449225 0.87604232
9.8549275 0.84964942
9.8649325 0.81935176
9.8749375 0.7890541
9.8849425 0.75875643
9.8949475 0.72845877
9.9049525 0.6981611
9.9149575 0.66786344
9.9249625 0.63756578
9.9349675 0.60726811
9.9449725 0.57697045
9.9549775 0.54667278
9.9649825 0.51637512
9.9749875 0.48607745
9.9849925 0.45331371
9.9949975 0.41828575
10.005003 0.38325779
10.015008 0.34822983
10.025013 0.31320187
10.035018 0.27817391
10.045023 0.24314594
10.055028 0.20811798
10.065033 0.17309002
10.075038 0.13806206
10.085043 0.1030341
10.095048 0.068006141
10.105053 0.032978181
10.115058 -0.001709614
10.125063 -0.036357511
10.135068 -0.071005409
10.145073 -0.10565331
10.155078 -0.1403012
10.165083 -0.1749491
10.175088 -0.209597
10.185093 -0.2442449
10.195098 -0.27889279
10.205103 -0.31354069
10.215108 -0.34818859
10.225113 -0.38283649
10.235118 -0.41557853
10.245123 -0.44313391
10.255128 -0.47068929
10.265133 -0.49824466
10.275138 -0.52580004
10.285143 -0.55335542
10.295148 -0.5809108
10.305153 -0.60846617
10.315158 -0.63602155
10.325163 -0.66357693
10.335168 -0.69113231
10.345173 -0.71868768
10.355178 -0.74624306
10.365183 -0.76881863
10.375188 -0.78862215
10.385193 -0.80842566
10.395198 -0.82822917
10.405203 -0.84803269
10.415208 -0.8678362
10.425213 -0.88763971
10.435218 -0.90744323
10.445223 -0.92724674
10.455228 -0.94705025
10.465233 -0.96685377
10.475238 -0.98665728
10.485243 -1.0062951
10.495248 -1.0158008
10.505253 -1.0253066
10.515258 -1.0348123
10.525263 -1.044318
10.535268 -1.0538237
10.545273 -1.0633295
10.555278 -1.0728352
10.565283 -1.0823409
10.575288 -1.0918466
10.585293 -1.1013523
10.595298 -1.1108581
10.605303 -1.1203638
10.615308 -1.1253769
10.625313 -1.1233567
10.635318 -1.1213364
10.645323 -1.1193161
10.655328 -1.1172958
10.665333 -1.1152756
10.675338 -1.1132553
10.685343 -1.111235
10.695348 -1.1092147
10.705353 -1.1071944
10.715358 -1.1051742
10.725363 -1.1031539
10.735368 -1.1011336
10.745373 -1.0917205
10.755378 -1.080017
10.765383 -1.0683135
10.775388 -1.0566099
10.785393 -1.0449064
10.795398 -1.0332029
10.805403 -1.0214993
10.815408 -1.0097958
10.825413 -0.99809228
10.835418 -0.98638875
10.845423 -0.97468522
10.855428 -0.96298169
10.865433 -0.95019287
10.875438 -0.93057627
10.885443 -0.91095968
10.895448 -0.89134309
10.905453 -0.8717265
10.915458 -0.8521099
10.925463 -0.83249331
10.935468 -0.81287672
10.945473 -0.79326012
10.955478 -0.77364353
10.965483 -0.75402694
10.975488 -0.73441034
10.985493 -0.71479375
10.995498 -0.6929023
11.005503 -0.66883254
11.015508 -0.64476278
11.025513 -0.62069302
11.035518 -0.59662326
11.045523 -0.57255349
11.055528 -0.54848373
11.065533 -0.52441397
11.075538 -0.50034421
11.085543 -0.47627445
11.095548 -0.45220469
11.105553 -0.42813493
11.115558 -0.40406516
11.125563 -0.37788719
11.135568 -0.35143399
11.145573 -0.32498079
11.155578 -0.2985276
11.165583 -0.2720744
11.175588 -0.2456212
11.185593 -0.21916801
11.195598 -0.19271481
11.205603 -0.16626161
11.215608 -0.13980842
11.225613 -0.11335522
11.235618 -0.086902024
11.245623 -0.060994765
11.255628 -0.036655838
11.265633 -0.012316911
11.275638 0.012022015
11.285643 0.036360942
11.295648 0.060699869
11.305653 0.085038796
11.315658 0.10937772
11.325663 0.13371665
11.335668 0.15805558
11.345673 0.1823945
11.355678 0.20673343
11.365683 0.23107236
11.375688 0.25339579
11.385693 0.27454516
11.395698 0.29569454
11.405703 0.31684391
11.415708 0.33799328
11.425713 0.35914266
11.435718 0.38029203
11.445723 0.4014414
11.455728 0.42259077
11.465733 0.44374015
11.475738 0.46488952
11.485743 0.48603889
11.495748 0.50715018
11.505753 0.52148762
11.515758 0.53582507
11.525763 0.55016251
11.535768 0.56449996
11.545773 0.5788374
11.555778 0.59317485
11.565783 0.6075123
11.575788 0.62184974
11.585793 0.63618719
11.595798 0.65052463
11.605803 0.66486208
11.615808 0.67919952
11.625813 0.69113247
11.635818 0.69913026
11.645823 0.70712806
11.655828 0.71512585
11.665833 0.72312364
11.675838 0.73112144
11.685843 0.73911923
11.695848 0.74711702
11.705853 0.75511482
11.715858 0.76311261
11.725863 0.77111041
11.735868 0.7791082
11.745873 0.78710599
11.755878 0.78923929
11.765883 0.78944858
11.775888 0.78965786
11.785893 0.78986714
11.795898 0.79007642
11.805903 0.79028571
11.815908 0.79049499
11.825913 0.79070427
11.835918 0.79091356
11.845923 0.79112284
11.855928 0.79133212
11.865933 0.7915414
11.875938 0.79082385
11.885943 0.78371535
11.895948 0.77660684
11.905953 0.76949834
11.915958 0.76238983
11.925963 0.75528133
11.935968 0.74817282
11.945973 0.74106432
11.955978 0.73395581
11.965983 0.72684731
11.975988 0.7197388
11.985993 0.7126303
11.995998 0.70552179
12.006003 0.69561963
12.016008 0.68292764
12.026013 0.67023564
12.036018 0.65754365
12.046023 0.64485166
12.056028 0.63215966
12.066033 0.61946767
12.076038 0.60677567
12.086043 0.59408368
12.096048 0.58139169
12.106053 0.56869969
12.116058 0.5560077
12.126063 0.54331571
12.136068 0.52767713
12.146073 0.51161387
12.156078 0.49555062
12.166083 0.47948737
12.176088 0.46342411
12.186093 0.44736086
12.196098 0.4312976
12.206103 0.41523435
12.216108 0.39917109
12.226113 0.38310784
12.236118 0.36704458
12.246123 0.35098133
12.256128 0.33407145
12.266133 0.31459051
12.276138 0.29510958
12.286143 0.27562864
12.296148 0.2561477
12.306153 0.23666676
12.316158 0.21718582
12.326163 0.19770488
12.336168 0.17822395
12.346173 0.15874301
12.356178 0.13926207
12.366183 0.11978113
12.376188 0.10030019
12.386193 0.080846143
12.396198 0.061408475
12.406203 0.041970806
12.416208 0.022533138
12.426213 0.0030954697
12.436218 -0.016342199
12.446223 -0.035779867
12.456228 -0.055217535
12.466233 -0.074655204
12.476238 -0.094092872
12.486243 -0.11353054
12.496248 -0.13296821
12.506253 -0.15240588
12.516258 -0.16872107
12.526263 -0.18502087
12.536268 -0.20132067
12.546273 -0.21762047
12.556278 -0.23392026
12.566283 -0.25022006
12.576288 -0.26651986
12.586293 -0.28281966
12.596298 -0.29911946
12.606303 -0.31541926
12.616308 -0.33171906
12.626313 -0.34801885
12.636318 -0.36313287
12.646323 -0.37621725
12.656328 -0.38930163
12.666333 -0.40238601
12.676338 -0.4154704
12.686343 -0.42855478
12.696348 -0.44163916
12.706353 -0.45472354
12.716358 -0.46780793
12.726363 -0.48089231
12.736368 -0.49397669
12.746373 -0.50706107
12.756378 -0.52014546
12.766383 -0.52864788
12.776388 -0.53556102
12.786393 -0.54247416
12.796398 -0.5493873
12.806403 -0.55630044
12.816408 -0.56321358
12.826413 -0.57012673
12.836418 -0.57703987
12.846423 -0.58395301
12.856428 -0.59086615
12.866433 -0.59777929
12.876438 -0.60469243
12.886443 -0.61094663
12.896448 -0.61218689
12.906453 -0.61342715
12.916458 -0.61466742
12.926463 -0.61590768
12.936468 -0.61714794
12.946473 -0.61838821
12.956478 -0.61962847
12.966483 -0.62086874
12.976488 -0.622109
12.986493 -0.62334926
12.996498 -0.62458953
13.006503 -0.62582979
13.016508 -0.62440177
13.026513 -0.62019482
13.036518 -0.61598787
13.046523 -0.61178092
13.056528 -0.60757397
13.066533 -0.60336702
13.076538 -0.59916007
13.086543 -0.59495313
13.096548 -0.59074618
13.106553 -0.58653923
13.116558 -0.58233228
13.126563 -0.57812533
13.136568 -0.57391838
13.146573 -0.56489909
13.156578 -0.55511928
13.166583 -0.54533947
13.176588 -0.53555967
13.186593 -0.52577986
13.196598 -0.51600006
13.206603 -0.50622025
13.216608 -0.49644044
13.226613 -0.48666064
13.236618 -0.47688083
13.246623 -0.46710102
13.256628 -0.45732122
13.266633 -0.44678667
13.276638 -0.43382529
13.286643 -0.42086391
13.296648 -0.40790253
13.306653 -0.39494114
13.316658 -0.38197976
13.326663 -0.36901838
13.336668 -0.356057
13.346673 -0.34309562
13.356678 -0.33013423
13.366683 -0.31717285
13.376688 -0.30421147
13.386693 -0.29125009
13.396698 -0.27713454
13.406703 -0.26228389
13.416708 -0.24743324
13.426713 -0.23258259
13.436718 -0.21773194
13.446723 -0.20288129
13.456728 -0.18803065
13.466733 -0.17318
13.476738 -0.15832935
13.486743 -0.1434787
13.496748 -0.12862805
13.506753 -0.1137774
13.516758 -0.098926755
13.526763 -0.085310909
13.536768 -0.07171438
13.546773 -0.058117852
13.556778 -0.044521323
13.566783 -0.030924794
13.576788 -0.017328266
13.586793 -0.0037317374
13.596798 0.0098647912
13.606803 0.02346132
13.616808 0.037057848
13.626813 0.050654377
13.636818 0.064250905
13.646823 0.077309953
13.656828 0.089406329
13.666833 0.10150271
13.676838 0.11359908
13.686843 0.12569546
13.696848 0.13779183
13.706853 0.14988821
13.716858 0.16198459
13.726863 0.17408096
13.736868 0.18617734
13.746873 0.19827372
13.756878 0.21037009
13.766883 0.22246647
13.776888 0.23347376
13.786893 0.24408226
13.796898 0.25469076
13.806903 0.26529925
13.816908 0.27590775
13.826913 0.28651625
13.836918 0.29712475
13.846923 0.30773325
13.856928 0.31834174
13.866933 0.32895024
13.876938 0.33955874
13.886943 0.35016724
13.896948 0.36025456
13.906953 0.36593049
13.916958 0.37160642
13.926963 0.37728235
13.936968 0.38295828
13.946973 0.38863421
13.956978 0.39431014
13.966983 0.39998606
13.976988 0.40566199
13.986993 0.41133792
13.996998 0.41701385
14.007004 0.42268978
14.017009 0.42836571
14.027014 0.4323126
14.037019 0.43438147
14.047024 0.43645035
14.057029 0.43851922
14.067034 0.44058809
14.077039 0.44265696
14.087044 0.44472583
14.097049 0.44679471
14.107054 0.44886358
14.117059 0.45093245
14.127064 0.45300132
14.137069 0.45507019
14.147074 0.45713907
14.157079 0.45541465
14.167084 0.45303671
14.177089 0.45065876
14.187094 0.44828082
14.197099 0.44590288
14.207104 0.44352494
14.217109 0.441147
14.227114 0.43876906
14.237119 0.43639112
14.247124 0.43401317
14.257129 0.43163523
14.267134 0.42925729
14.277139 0.42617198
14.287144 0.42067406
14.297149 0.41517615
14.307154 0.40967824
14.317159 0.40418032
14.327164 0.39868241
14.337169 0.39318449
14.347174 0.38768658
14.357179 0.38218866
14.367184 0.37669075
14.377189 0.37119283
14.387194 0.36569492
14.397199 0.360197
14.407204 0.35291839
14.417209 0.34445468
14.427214 0.33599097
14.437219 0.32752726
14.447224 0.31906355
14.457229 0.31059984
14.467234 0.30213612
14.477239 0.29367241
14.487244 0.2852087
14.497249 0.27674499
14.507254 0.26828128
14.517259 0.25981757
14.527264 0.25135386
14.537269 0.24035015
14.547274 0.22927891
14.557279 0.21820767
14.567284 0.20713643
14.577289 0.19606519
14.587294 0.18499395
14.597299 0.17392271
14.607304 0.16285147
14.617309 0.15178023
14.627314 0.14070899
14.637319 0.12963775
14.647324 0.11856651
14.657329 0.1077159
14.667334 0.09727905
14.677339 0.086842199
14.687344 0.076405347
14.697349 0.065968496
14.707354 0.055531645
14.717359 0.045094793
14.727364 0.034657942
14.737369 0.024221091
14.747374 0.013784239
14.757379 0.0033473882
14.767384 -0.0070894631
14.777389 -0.017526314
14.787394 -0.028456194
14.797399 -0.039576407
14.807404 -0.05069662
14.817409 -0.061816832
14.827414 -0.072937045
14.837419 -0.084057258
14.847424 -0.095177471
14.857429 -0.10629768
14.867434 -0.1174179
14.877439 -0.12853811
14.887444 -0.13965832
14.897449 -0.15077854
14.907454 -0.16155903
14.917459 -0.16910932
14.927464 -0.17665961
14.937469 -0.18420991
14.947474 -0.1917602
14.957479 -0.19931049
14.967484 -0.20686079
14.977489 -0.21441108
14.987494 -0.22196137
14.997499 -0.22951167
15.007504 -0.23706196
15.017509 -0.24461225
15.027514 -0.25216255
15.037519 -0.25875385
15.047524 -0.26425875
15.057529 -0.26976364
15.067534 -0.27526853
15.077539 -0.28077343
15.087544 -0.28627832
15.097549 -0.29178322
15.107554 -0.29728811
15.117559 -0.302793
15.127564 -0.3082979
15.137569 -0.31380279
15.147574 -0.31930769
15.157579 -0.32481258
15.167584 -0.32720297
15.177589 -0.3290113
15.187594 -0.33081963
15.197599 -0.33262795
15.207604 -0.33443628
15.217609 -0.3362446
15.227614 -0.33805293
15.237619 -0.33986126
15.247624 -0.34166958
15.257629 -0.34347791
15.267634 -0.34528623
15.277639 -0.34709456
15.287644 -0.34835358
15.297649 -0.34762149
15.307654 -0.3468894
15.317659 -0.34615731
15.327664 -0.34542522
15.337669 -0.34469313
15.347674 -0.34396104
15.357679 -0.34322895
15.367684 -0.34249686
15.377689 -0.34176477
15.387694 -0.34103268
15.397699 -0.34030059
15.407704 -0.3395685
15.417709 -0.33707435
15.427714 -0.33335528
15.437719 -0.32963621
15.447724 -0.32591714
15.457729 -0.32219808
15.467734 -0.31847901
15.477739 -0.31475994
15.487744 -0.31104087
15.497749 -0.3073218
15.507754 -0.30360273
15.517759 -0.29988367
15.527764 -0.2961646
15.537769 -0.29244553
15.547774 -0.28621001
15.557779 -0.27987944
15.567784 -0.27354887
15.577789 -0.2672183
15.587794 -0.26088772
15.597799 -0.25455715
15.607804 -0.24822658
15.617809 -0.24189601
15.627814 -0.23556544
15.637819 -0.22923486
15.647824 -0.22290429
15.657829 -0.21657372
15.667834 -0.20968958
15.677839 -0.20171778
15.687844 -0.19374598
15.697849 -0.18577417
15.707854 -0.17780237
15.717859 -0.16983057
15.727864 -0.16185877
15.737869 -0.15388697
15.747874 -0.14591517
15.757879 -0.13794336
15.767884 -0.12997156
15.777889 -0.12199976
15.787894 -0.11402796
15.797899 -0.10616217
15.807904 -0.098339477
15.817909 -0.090516783
15.827914 -0.08269409
15.837919 -0.074871397
15.847924 -0.067048703
15.857929 -0.05922601
15.867934 -0.051403317
15.877939 -0.043580624
15.887944 -0.03575793
15.897949 -0.027935237
15.907954 -0.020112544
15.917959 -0.012272236
15.927964 -0.004241498
15.937969 0.0037892403
15.947974 0.011819979
15.957979 0.019850717
15.967984 0.027881455
15.977989 0.035912194
15.987994 0.043942932
15.997999 0.051973671
16.008004 0.060004409
16.018009 0.068035147
16.028014 0.076065886
16.038019 0.084096624
16.048024 0.091417215
16.058029 0.097898607
16.068034 0.10438
16.078039 0.11086139
16.088044 0.11734278
16.098049 0.12382418
16.108054 0.13030557
16.118059 0.13678696
16.128064 0.14326835
16.138069 0.14974974
16.148074 0.15623114
16.158079 0.16271253
16.168084 0.16919392
16.178089 0.17450899
16.188094 0.17958863
16.198099 0.18466827
16.208104 0.1897479
16.218109 0.19482754
16.228114 0.19990718
16.238119 0.20498682
16.248124 0.21006645
16.258129 0.21514609
16.268134 0.22022573
16.278139 0.22530536
16.288144 0.230385
16.298149 0.23476903
16.308154 0.2364675
16.318159 0.23816597
16.328164 0.23986444
16.338169 0.2415629
16.348174 0.24326137
16.358179 0.24495984
16.368184 0.24665831
16.378189 0.24835677
16.388194 0.25005524
16.398199 0.25175371
16.408204 0.25345218
16.418209 0.25515065
16.428214 0.25590281
16.438219 0.25596809
16.448224 0.25603336
16.458229 0.25609864
16.468234 0.25616391
16.478239 0.25622918
16.488244 0.25629446
16.498249 0.25635973
16.508254 0.25642501
16.518259 0.25649028
16.528264 0.25655555
16.538269 0.25662083
16.548274 0.2566861
16.558279 0.25473862
16.568284 0.2526921
16.578289 0.25064558
16.588294 0.24859907
16.598299 0.24655255
16.608304 0.24450603
16.618309 0.24245951
16.628314 0.240413
16.638319 0.23836648
16.648324 0.23631996
16.658329 0.23427344
16.668334 0.23222693
16.678339 0.2294455
16.688344 0.22515013
16.698349 0.22085477
16.708354 0.2165594
16.718359 0.21226403
16.728364 0.20796866
16.738369 0.20367329
16.748374 0.19937792
16.758379 0.19508255
16.768384 0.19078718
16.778389 0.18649182
16.788394 0.18219645
16.798399 0.17790108
16.808404 0.17276199
16.818409 0.16726213
16.828414 0.16176227
16.838419 0.15626242
16.848424 0.15076256
16.858429 0.1452627
16.868434 0.13976284
16.878439 0.13426299
16.888444 0.12876313
16.898449 0.12326327
16.908454 0.11776341
16.918459 0.11226355
16.928464 0.10672816
16.938469 0.10074917
16.948474 0.094770182
16.958479 0.088791192
16.968484 0.082812203
16.978489 0.076833213
16.988494 0.070854223
16.998499 0.064875234
17.008504 0.058896244
17.018509 0.052917255
17.028514 0.046938265
17.038519 0.040959275
17.048524 0.034980286
17.058529 0.0290934
17.068534 0.023320065
17.078539 0.017546731
17.088544 0.011773396
17.098549 0.0060000615
17.108554 0.00022672694
17.118559 -0.0055466076
17.128564 -0.011319942
17.138569 -0.017093277
17.148574 -0.022866611
17.158579 -0.028639946
17.168584 -0.03441328
17.178589 -0.040186615
17.188594 -0.046064099
17.198599 -0.051964207
17.208604 -0.057864316
17.218609 -0.063764424
17.228614 -0.069664532
17.238619 -0.07556464
17.248624 -0.081464748
17.258629 -0.087364856
17.268634 -0.093264964
17.278639 -0.099165072
17.288644 -0.10506518
17.298649 -0.11096529
17.308654 -0.11650348
17.318659 -0.1205498
17.328664 -0.12459611
17.338669 -0.12864243
17.348674 -0.13268874
17.358679 -0.13673506
17.368684 -0.14078138
17.378689 -0.14482769
17.388694 -0.14887401
17.398699 -0.15292033
17.408704 -0.15696664
17.418709 -0.16101296
17.428714 -0.16505928
17.438719 -0.16820343
17.448724 -0.17066399
17.458729 -0.17312455
17.468734 -0.1755851
17.478739 -0.17804566
17.488744 -0.18050622
17.498749 -0.18296678
17.508754 -0.18542734
17.518759 -0.1878879
17.528764 -0.19034846
17.538769 -0.19280902
17.548774 -0.19526958
17.558779 -0.19773014
17.568784 -0.19815816
17.578789 -0.19846242
17.588794 -0.19876669
17.598799 -0.19907095
17.608804 -0.19937521
17.618809 -0.19967948
17.628814 -0.19998374
17.638819 -0.200288
17.648824 -0.20059227
17.658829 -0.20089653
17.668834 -0.20120079
17.678839 -0.20150506
17.688844 -0.20126823
17.698849 -0.19986176
17.708854 -0.19845529
17.718859 -0.19704882
17.728864 -0.19564235
17.738869 -0.19423589
17.748874 -0.19282942
17.758879 -0.19142295
17.768884 -0.19001648
17.778889 -0.18861002
17.788894 -0.18720355
17.798899 -0.18579708
17.808904 -0.18439061
17.818909 -0.18187164
17.828914 -0.1788528
17.838919 -0.17583396
17.848924 -0.17281512
17.858929 -0.16979628
17.868934 -0.16677744
17.878939 -0.1637586
17.888944 -0.16073976
17.898949 -0.15772092
17.908954 -0.15470209
17.918959 -0.15168325
17.928964 -0.14866441
17.938969 -0.14558122
17.948974 -0.14155168
17.958979 -0.13752214
17.968984 -0.1334926
17.978989 -0.12946306
17.988994 -0.12543353
17.998999 -0.12140399
18.009005 -0.11737445
18.01901 -0.11334491
18.029015 -0.10931537
18.03902 -0.10528583
18.049025 -0.10125629
18.05903 -0.097226756
18.069035 -0.093255037
18.07904 -0.089357698
18.089045 -0.08546036
18.09905 -0.081563022
18.109055 -0.077665683
18.11906 -0.073768345
18.129065 -0.069871007
18.13907 -0.065973668
18.149075 -0.06207633
18.15908 -0.058178991
18.169085 -0.054281653
18.17909 -0.050384315
18.189095 -0.046486976
18.1991 -0.041462978
18.209105 -0.036176494
18.21911 -0.030890011
18.229115 -0.025603528
18.23912 -0.020317044
18.249125 -0.015030561
18.25913 -0.0097440775
18.269135 -0.0044575941
18.27914 0.00082888926
18.289145 0.0061153726
18.29915 0.011401856
18.309155 0.016688339
18.31916 0.02175914
18.329165 0.025878088
18.33917 0.029997037
18.349175 0.034115986
18.35918 0.038234934
18.369185 0.042353883
18.37919 0.046472831
18.389195 0.05059178
18.3992 0.054710728
18.409205 0.058829677
18.41921 0.062948625
18.429215 0.067067574
18.43922 0.071186522
18.449225 0.07450097
18.45923 0.077179247
18.469235 0.079857525
18.47924 0.082535802
18.489245 0.08521408
18.49925 0.087892358
18.509255 0.090570635
18.51926 0.093248913
18.529265 0.095927191
18.53927 0.098605468
18.549275 0.10128375
18.55928 0.10396202
18.569285 0.1066403
18.57929 0.10904336
18.589295 0.11142637
18.5993 0.11380938
18.609305 0.11619239
18.61931 0.1185754
18.629315 0.12095841
18.63932 0.12334142
18.649325 0.12572443
18.65933 0.12810744
18.669335 0.13049045
18.67934 0.13287346
18.689345 0.13525647
18.69935 0.13729349
18.709355 0.13854505
18.71936 0.13979662
18.729365 0.14104818
18.73937 0.14229975
18.749375 0.14355131
18.75938 0.14480287
18.769385 0.14605444
18.77939 0.147306
18.789395 0.14855757
18.7994 0.14980913
18.809405 0.15106069
18.81941 0.15231226
18.829415 0.15216234
18.83942 0.15135135
18.849425 0.15054035
18.85943 0.14972935
18.869435 0.14891835
18.87944 0.14810736
18.889445 0.14729636
18.89945 0.14648536
18.909455 0.14567436
18.91946 0.14486337
18.929465 0.14405237
18.93947 0.14324137
18.949475 0.14238393
18.95948 0.14069939
18.969485 0.13901485
18.97949 0.13733031
18.989495 0.13564576
18.9995 0.13396122
19.009505 0.13227668
19.01951 0.13059214
19.029515 0.1289076
19.03952 0.12722306
19.049525 0.12553852
19.05953 0.12385398
19.069535 0.12216944
19.07954 0.12003019
19.089545 0.1172804
19.09955 0.11453061
19.109555 0.11178083
19.11956 0.10903104
19.129565 0.10628125
19.13957 0.10353146
19.149575 0.10078168
19.15958 0.098031891
19.169585 0.095282103
19.17959 0.092532316
19.189595 0.089782529
19.1996 0.087032742
19.209605 0.083871049
19.21961 0.080606732
19.229615 0.077342415
19.23962 0.074078098
19.249625 0.070813781
19.25963 0.067549465
19.269635 0.064285148
19.27964 0.061020831
19.289645 0.057756514
19.29965 0.054492197
19.309655 0.05122788
19.31966 0.047963563
19.329665 0.044715541
19.33967 0.041544747
19.349675 0.038373953
19.35968 0.035203159
19.369685 0.032032365
19.37969 0.028861571
19.389695 0.025690777
19.3997 0.022519983
19.409705 0.019349189
19.41971 0.016178395
19.429715 0.013007601
19.43972 0.0098368068
19.449725 0.0066660127
19.45973 0.0032432584
19.469735 -0.00038738098
19.47974 -0.0040180204
19.489745 -0.0076486597
19.49975 -0.011279299
19.509755 -0.014909939
19.51976 -0.018540578
19.529765 -0.022171217
19.53977 -0.025801857
19.549775 -0.029432496
19.55978 -0.033063135
19.569785 -0.036693775
19.57979 -0.040324414
19.589795 -0.043049536
19.5998 -0.045697639
19.609805 -0.048345741
19.61981 -0.050993844
19.629815 -0.053641946
19.63982 -0.056290049
19.649825 -0.058938151
19.65983 -0.061586254
19.669835 -0.064234356
19.67984 -0.066882459
19.689845 -0.069530561
19.69985 -0.072178664
19.709855 -0.074715882
19.71986 -0.076988488
19.729865 -0.079261094
19.73987 -0.081533699
19.749875 -0.083806305
19.75988 -0.086078911
19.769885 -0.088351517
19.77989 -0.090624123
19.789895 -0.092896728
19.7999 -0.095169334
19.809905 -0.09744194
19.81991 -0.099714546
19.829915 -0.10198715
19.83992 -0.10321483
19.849925 -0.10392548
19.85993 -0.10463612
19.869935 -0.10534677
19.87994 -0.10605742
19.889945 -0.10676807
19.89995 -0.10747872
19.909955 -0.10818937
19.91996 -0.10890002
19.929965 -0.10961066
19.93997 -0.11032131
19.949975 -0.11103196
19.95998 -0.11170539
19.969985 -0.11154392
19.97999 -0.11138245
19.989995 -0.11122097
20 -0.1110595
