0	-440.0140563871419
0.01	-440.1172890421273
0.02	-440.2723607335299
0.03	-440.47398602704504
0.04	-440.7168794883681
0.05	-440.9957556831944
0.06	-441.3053291772192
0.07	-441.640314536138
0.08	-441.99542632564606
0.09	-442.36537911143876
0.1	-442.74488745921144
0.11	-443.1286659346594
0.12	-443.5114291034781
0.13	-443.88789153136275
0.14	-444.2527677840088
0.15	-444.60077242711156
0.16	-444.9266200263664
0.17	-445.2250251474686
0.18	-445.487383409662
0.19	-445.7099654527064
0.2	-445.8906841750031
0.21	-446.02515568116695
0.22	-446.10899607581285
0.23	-446.1378214635555
0.24	-446.10365940479585
0.25	-446.0020237043695
0.26	-445.8340566731867
0.27	-445.59663470721864
0.28	-445.2866342024365
0.29	-444.9009315548114
0.3	-444.43368970104837
0.31	-443.8792316578747
0.32	-443.24148762788406
0.33	-442.51868736066194
0.34	-441.7090606057938
0.35	-440.8108371128653
0.36	-439.8205691428705
0.37	-438.73114126490367
0.38	-437.5495236727048
0.39	-436.27539636779176
0.4	-434.90843935168203
0.41	-433.4483326258934
0.42	-431.8944581625295
0.43	-430.2411348423345
0.44	-428.494728684607
0.45	-426.65589902796427
0.46	-424.72530521102345
0.47	-422.7036065724017
0.48	-420.59146245071634
0.49	-418.38561433359854
0.5	-416.0908942817588
0.51	-413.70904490154805
0.52	-411.24142517544067
0.53	-408.6893940859108
0.54	-406.0543106154329
0.55	-403.33516580608836
0.56	-400.5353791455626
0.57	-397.65749433796185
0.58	-394.7033641387384
0.59	-391.6748413033445
0.6	-388.57377858723277
0.61	-385.4019118519133
0.62	-382.16116355961935
0.63	-378.8534818772512
0.64	-375.4807489515744
0.65	-372.0448469293544
0.66	-368.5476579573565
0.67	-364.99092350831853
0.68	-361.37655094099733
0.69	-357.70660514955574
0.7	-353.98301299359196
0.71	-350.2077013327042
0.72	-346.38259702649054
0.73	-342.5096566917048
0.74	-338.59082322290095
0.75	-334.6279600262997
0.76	-330.6229810597052
0.77	-326.5778002809213
0.78	-322.49433164775195
0.79	-318.3745957606582
0.8	-314.2207289798802
0.81	-310.03422615241254
0.82	-305.81692819006065
0.83	-301.57067600463
0.84	-297.29731050792594
0.85	-292.99862458806996
0.86	-288.676077839773
0.87	-284.33202700960953
0.88	-279.96839184813325
0.89	-275.58709210589774
0.9	-271.19004753345655
0.91	-266.7791778813633
0.92	-262.3560974204682
0.93	-257.923068645301
0.94	-253.48207586841772
0.95	-249.03509076164772
0.96	-244.58408499682025
0.97	-240.13103024576463
0.98	-235.67762828446098
0.99	-231.22610630880905
1.	-226.7785472505856
1.01	-222.33697586424066
1.02	-217.9034169042242
1.03	-213.47989512498629
1.04	-209.06860432688094
1.05	-204.67144990699933
1.06	-200.29034006398402
1.07	-195.92725996946237
1.08	-191.58419479506173
1.09	-187.26312971240952
1.1	-182.96654322974865
1.11	-178.69624718322132
1.12	-174.45368424366993
1.13	-170.2406963487482
1.14	-166.05912543610984
1.15	-161.91081344340876
1.16	-157.79829391151318
1.17	-153.7235671355899
1.18	-149.68724915491146
1.19	-145.6909166891464
1.2	-141.7361464579632
1.21	-137.82451518103034
1.22	-133.95822481628446
1.23	-130.13970428216703
1.24	-126.36859829206992
1.25	-122.64612885835612
1.26	-118.97351799338868
1.27	-115.35198770953065
1.28	-111.78311986473702
1.29	-108.26979109121595
1.3	-104.81075746772967
1.31	-101.40684691781114
1.32	-98.0588873649933
1.33	-94.76770673280915
1.34	-91.53415731291537
1.35	-88.36146179005036
1.36	-85.2476247191461
1.37	-82.19307366791519
1.38	-79.19823620407021
1.39	-76.26353989532379
1.4	-73.38941230938858
1.41	-70.57823856881313
1.42	-67.82845873246414
1.43	-65.13984750891845
1.44	-62.51246805917895
1.45	-59.94638354424862
1.46	-57.44165712513038
1.47	-54.99971186128086
1.48	-52.61952058566914
1.49	-50.30035893703237
1.5	-48.04199203177045
1.51	-45.84418498628329
1.52	-43.70670291697079
1.53	-41.63027885073941
1.54	-39.614197923506126
1.55	-37.65732280665558
1.56	-35.75915985200084
1.57	-33.91921541135498
1.58	-32.13699583653107
1.59	-30.41261683637781
1.6	-28.74557473930967
1.61	-27.134469288810138
1.62	-25.57859723594702
1.63	-24.077255331788116
1.64	-22.62974032740124
1.65	-21.235696683822347
1.66	-19.894717118538374
1.67	-18.605230777720287
1.68	-17.366366057793783
1.69	-16.177251355184513
1.7	-15.037015066318142
1.71	-13.944942659295467
1.72	-12.900621549456886
1.73	-11.902409966194993
1.74	-10.94930728169831
1.75	-10.040312868155361
1.76	-9.174426097754662
1.77	-8.350676193474522
1.78	-7.568499629466441
1.79	-6.826342320198915
1.8	-6.12312189315962
1.81	-5.457755975836228
1.82	-4.8291621957164175
1.83	-4.2362581802878605
1.84	-3.678158836422136
1.85	-3.153569347351336
1.86	-2.6613554629283778
1.87	-2.2003999344476055
1.88	-1.7695855132033649
1.89	-1.3677949504900004
1.9	-0.9938275677725292
1.91	-0.6466400525413389
1.92	-0.3251553572057748
1.93	-0.02827342264915189
1.94	0.24510581024522227
1.95	0.4960824005940405
1.96	0.7260205438557883
1.97	0.9358566550140924
1.98	1.1264822861951813
1.99	1.2989320515213598
2.	1.4542405651149357
2.01	1.5934424410982044
2.02	1.7179209884733144
2.03	1.8286354569100638
2.04	1.9261823929752984
2.05	2.0114876399082413
2.06	2.085477040948105
2.07	2.149076439334115
2.08	2.203544044280494
2.09	2.2499621470595916
2.1	2.288574167910385
2.11	2.320165511226814
2.12	2.345521581402815
2.13	2.365427782832328
2.14	2.3809140562524855
2.15	2.393234822287063
2.16	2.402262077932216
2.17	2.4086204045153763
2.18	2.412934383363974
2.19	2.415828595805439
2.2	2.418042782902179
2.21	2.4210110037428283
2.22	2.4242429609617027
2.23	2.4281913467223615
2.24	2.4333088531883624
2.25	2.440048172523265
2.26	2.448861996890627
2.27	2.4612426024788734
2.28	2.4764652373888594
2.29	2.4947754863460623
2.3	2.5164510051626205
2.31	2.5417694496506757
2.32	2.5710084756223694
2.33	2.605331600860119
2.34	2.644165133060285
2.35	2.6874360921074847
2.36	2.7352498508158662
2.37	2.78771178199957
2.38	2.844927258472744
2.39	2.907692294534791
2.4	2.9756106957557273
2.41	3.0483277187010427
2.42	3.125789205868514
2.43	3.2079409997559054
2.44	3.294728942860995
2.45	3.3865701802302937
2.46	3.483230416459951
2.47	3.5841540635039126
2.48	3.689152445341185
2.49	3.798036885950753
2.5	3.910618709311624
2.51	4.02697007504913
2.52	4.146948079437471
2.53	4.269917895598501
2.54	4.395593071323728
2.55	4.523687154404641
2.56	4.653913692632742
2.57	4.78608876892058
2.58	4.920053820286692
2.59	5.05521935068052
2.6	5.191242667482079
2.61	5.327781078071407
2.62	5.464491889828518
2.63	5.601050972909528
2.64	5.737193227497567
2.65	5.872457784281498
2.66	6.006482889694409
2.67	6.138906790169411
2.68	6.269367732139592
2.69	6.397503022698191
2.7	6.522905729277405
2.71	6.645268082846027
2.72	6.764236046332058
2.73	6.879455582663525
2.74	6.990572654768429
2.75	7.097233225574797
2.76	7.198934514109409
2.77	7.295475410734606
2.78	7.386549297940349
2.79	7.47182953658846
2.8	7.550989487540749
2.81	7.623702511659031
2.82	7.68943194552448
2.83	7.74802325853772
2.84	7.799267153886184
2.85	7.842882443114808
2.86	7.878587937768534
2.87	7.906102449392298
2.88	7.924881111039899
2.89	7.934780402545387
2.9	7.935756985251539
2.91	7.927599067325162
2.92	7.910094856933068
2.93	7.883032562242065
2.94	7.845907948286451
2.95	7.79852665150376
2.96	7.741097346774611
2.97	7.673506806914474
2.98	7.59564180473881
2.99	7.507389113063094
3.	7.408364056315895
3.01	7.298245347554784
3.02	7.177570353642811
3.03	7.046353545678339
3.04	6.9046093947597065
3.05	6.752352371985277
3.06	6.589409011863719
3.07	6.41528904838458
3.08	6.230876735395684
3.09	6.036333664901635
3.1	5.831821428907066
3.11	5.617501619416573
3.12	5.393472488379408
3.13	5.159119521134835
3.14	4.915602533243277
3.15	4.663231798079373
3.16	4.402317589017806
3.17	4.1331701794332165
3.18	3.85609984270029
3.19	3.570689427343238
3.2	3.2780409752220807
3.21	2.97864640256614
3.22	2.672943304949688
3.23	2.361369277946941
3.24	2.0443619171321727
3.25	1.7219384837868499
3.26	1.3949156578448212
3.27	1.0639259973270159
3.28	0.7294926806629511
3.29	0.39213888628208443
3.3	0.05238779261393295
3.31	-0.28937127463766843
3.32	-0.6325292191834073
3.33	-0.9764606521610664
3.34	-1.3206097016425096
3.35	-1.6644204956995536
3.36	-2.0073371624040774
3.37	-2.348722550428458
3.38	-2.688041245306642
3.39	-3.024836137410781
3.4	-3.3585762467973757
3.41	-3.688730593522866
3.42	-4.014768197643753
3.43	-4.335966018496752
3.44	-4.651715111627062
3.45	-4.9618643955626744
3.46	-5.265962032649597
3.47	-5.563556185233778
3.48	-5.854195015661224
3.49	-6.137235613681136
3.5	-6.411889222435894
3.51	-6.678383346029578
3.52	-6.936386994746349
3.53	-7.185569178870321
3.54	-7.425598908685656
3.55	-7.656036866638136
3.56	-7.875872874975228
3.57	-8.085728962139482
3.58	-8.28542237596512
3.59	-8.474770364286364
3.6	-8.653590174937406
3.61	-8.821699055752475
3.62	-8.978012950395039
3.63	-9.123379420098507
3.64	-9.257784437424947
3.65	-9.381195580400615
3.66	-9.49358042705174
3.67	-9.594906555404574
3.68	-9.684438885994506
3.69	-9.762830100477577
3.7	-9.830314616311894
3.71	-9.886995154953615
3.72	-9.932974437858887
3.73	-9.96835518648387
3.74	-9.992792326127349
3.75	-10.006722574864034
3.76	-10.010536839481796
3.77	-10.004439899020277
3.78	-9.98863653251912
3.79	-9.963331519017967
3.8	-9.928512519055177
3.81	-9.884473772485215
3.82	-9.831643555928217
3.83	-9.7702875855584
3.84	-9.700671577549983
3.85	-9.623061248077198
3.86	-9.537659333676677
3.87	-9.444723687970827
3.88	-9.344624052539533
3.89	-9.237649238244138
3.9	-9.124088055945972
3.91	-9.004229316506375
3.92	-8.878375040828663
3.93	-8.746829085760767
3.94	-8.60984288253413
3.95	-8.467698228710608
3.96	-8.320676921852037
3.97	-8.169060759520272
3.98	-8.013159488668238
3.99	-7.853361422049716
4.	-7.6897824207265115
4.01	-7.522677267739408
4.02	-7.352300746129236
4.03	-7.17890763893678
4.04	-7.00275938203273
4.05	-6.824319460214683
4.06	-6.6435898085819565
4.07	-6.460788775845053
4.08	-6.276134710714498
4.09	-6.089845961900811
4.1	-5.902140878114498
4.11	-5.713446632926208
4.12	-5.523764278281954
4.13	-5.33324856528988
4.14	-5.142079773758786
4.15	-4.950438183497526
4.16	-4.758504074314902
4.17	-4.56662608654618
4.18	-4.374843628331751
4.19	-4.1832462625104405
4.2	-3.9919782865828357
4.21	-3.8011839980495434
4.22	-3.611007694411153
4.23	-3.421716843251086
4.24	-3.233388304007665
4.25	-3.046058888899647
4.26	-2.8598409745854987
4.27	-2.674846937723737
4.28	-2.4911891549728287
4.29	-2.309062517374925
4.3	-2.1285710643273625
4.31	-1.9497125010178822
4.32	-1.7725719425267643
4.33	-1.5972345039343065
4.34	-1.4237853003207905
4.35	-1.2523621518770485
4.36	-1.0830863520830256
4.37	-0.9159215963533295
4.38	-0.7509288893872264
4.39	-0.5881692358839676
4.4	-0.42770364054284893
4.41	-0.2696206384434022
4.42	-0.11404918301663702
4.43	0.039070167935886024
4.44	0.18969698416881103
4.45	0.33779083543682314
4.46	0.4833112914945935
4.47	0.6262093618714144
4.48	0.7663550725590389
4.49	0.9038250445089135
4.5	1.0385964302601176
4.51	1.1706463823517417
4.52	1.2999520533228417
4.53	1.4264905957125087
4.54	1.550164556620995
4.55	1.6710331406141095
4.56	1.7890911601686856
4.57	1.9043286980013223
4.58	2.016735836828607
4.59	2.126302659367137
4.6	2.2329751040586294
4.61	2.33678374128693
4.62	2.4377383520862197
4.63	2.5358379027737667
4.64	2.6310813596668483
4.65	2.723467689082717
4.66	2.8129803722228406
4.67	2.8996286545575165
4.68	2.983422934765633
4.69	3.0643659079191092
4.7	3.142460269089887
4.71	3.217708713349899
4.72	3.2901092309550264
4.73	3.359665862495161
4.74	3.4263868329168994
4.75	3.4902762523626265
4.76	3.5513382309747343
4.77	3.6095768788955973
4.78	3.6649937756958018
4.79	3.7175921602583575
4.8	3.7673809671101655
4.81	3.8143653239567845
4.82	3.8585503585037877
4.83	3.8999411984567427
4.84	3.9385405531120563
4.85	3.97434963222568
4.86	4.007381759059438
4.87	4.037643534456197
4.88	4.065141559258821
4.89	4.089882434310179
4.9	4.111871186999483
4.91	4.131105554819932
4.92	4.147604815685385
4.93	4.161377559783678
4.94	4.172432377302638
4.95	4.180777858430098
4.96	4.186422593353891
4.97	4.189361321871759
4.98	4.189618610116756
4.99	4.187205477745692
5.	4.182132803673219
5.01	4.174411466813983
5.02	4.164052346082636
5.03	4.151056379650873
5.04	4.135444274782761
5.05	4.1172305293731535
5.06	4.09642791339353
5.07	4.073049196815363
5.08	4.047107149610127
5.09	4.0186050750042694
5.1	3.9875629849109395
5.11	3.953999532982233
5.12	3.9179296184245356
5.13	3.8793681404442304
5.14	3.8383299982476986
5.15	3.794818052285449
5.16	3.7488525096143452
5.17	3.7004602597784335
5.18	3.6496595255500006
5.19	3.5964685297013466
5.2	3.5409054950047576
5.21	3.482970524337487
5.22	3.422680465540807
5.23	3.3600824411648755
5.24	3.2952011756999755
5.25	3.228061393636393
5.26	3.15868781946441
5.27	3.0870857957234232
5.28	3.013259939858156
5.29	2.937287532333613
5.3	2.859203267866123
5.31	2.779041841172034
5.32	2.6968379469676744
5.33	2.6126118869578834
5.34	2.5263482264065
5.35	2.438161618418174
5.36	2.348099898021071
5.37	2.2562109002433646
5.38	2.1625424601132273
5.39	2.067138757875831
5.4	1.9699635431693996
5.41	1.871167985026013
5.42	1.7708149303446112
5.43	1.6689672260241246
5.44	1.5656877189635112
5.45	1.4610392560617016
5.46	1.3549978801623193
5.47	1.2477178320415627
5.48	1.1392871705977576
5.49	1.0297844045436133
5.5	0.9192880425918486
5.51	0.807876593455172
5.52	0.6955625736537419
5.53	0.5824808205805654
5.54	0.468744121376013
5.55	0.35444491588379634
5.56	0.23967564394765772
5.57	0.12452874541130893
5.58	0.009056971319662876
5.59	-0.10662452974443926
5.6	-0.2223898142798053
5.61	-0.3381363114814912
5.62	-0.45376145054454264
5.63	-0.5691626606640052
5.64	-0.6842519521574767
5.65	-0.7989247001434698
5.66	-0.9130587438814739
5.67	-1.0265467884363704
5.68	-1.1392815388730508
5.69	-1.2511557002563771
5.7	-1.362057429807942
5.71	-1.4718766519758293
5.72	-1.5805161528034049
5.73	-1.6878706625566717
5.74	-1.793834911501663
5.75	-1.8983036299044012
5.76	-2.0011576697795532
5.77	-2.1022602651524016
5.78	-2.201563657681327
5.79	-2.298972499885672
5.8	-2.3943914442847882
5.81	-2.487725143398002
5.82	-2.5788692594470835
5.83	-2.66764693796367
5.84	-2.7540711768461423
5.85	-2.838063043672914
5.86	-2.919543606022422
5.87	-2.9984339314730946
5.88	-3.0746550876033596
5.89	-3.1480009936128464
5.9	-3.2185339730520264
5.91	-3.2862035709927833
5.92	-3.3509526778518657
5.93	-3.4127241840460276
5.94	-3.471460979992006
5.95	-3.5269804447726303
5.96	-3.579342460525528
5.97	-3.6285437660346256
5.98	-3.6745522198171305
5.99	-3.717335680390262
6.	-3.756862006271236
6.01	-3.792991646907551
6.02	-3.8257660494478603
6.03	-3.8552297267310123
6.04	-3.8813760407176523
6.05	-3.904198353368427
6.06	-3.923690026643978
6.07	-3.939761588181933
6.08	-3.9524328305919343
6.09	-3.9617913012946744
6.1	-3.967854838660504
6.11	-3.9706412810597773
6.12	-3.9701684668628467
6.13	-3.966397888563979
6.14	-3.959331294588277
6.15	-3.9490901012255493
6.16	-3.935714269527203
6.17	-3.9192437605446453
6.18	-3.8997185353292805
6.19	-3.877148578663433
6.2	-3.8515292777647474
6.21	-3.8229975400665444
6.22	-3.7916109369882727
6.23	-3.75742703994939
6.24	-3.720503420369345
6.25	-3.6808871590356147
6.26	-3.6385825231169164
6.27	-3.5937248688940913
6.28	-3.5463840847157226
6.29	-3.4966300589303985
6.3	-3.4445326798867004
6.31	-3.3901618359332257
6.32	-3.33353719458714
6.33	-3.2747870816793756
6.34	-3.21398961335091
6.35	-3.1512229005831345
6.36	-3.0865650543574246
6.37	-3.0200941856551613
6.38	-2.951880157216058
6.39	-2.8820093453926554
6.4	-2.8105627372857174
6.41	-2.737619996048768
6.42	-2.663260784835332
6.43	-2.5875647667989274
6.44	-2.5106176461670695
6.45	-2.4324943522771445
6.46	-2.3532709234757556
6.47	-2.2730256817939276
6.48	-2.191836949262707
6.49	-2.109783047913118
6.5	-2.026959852840744
6.51	-1.9434374613708838
6.52	-1.8592772746096462
6.53	-1.7745528457876332
6.54	-1.6893377281354538
6.55	-1.60370547488371
6.56	-1.5177499112685446
6.57	-1.4315451780158295
6.58	-1.345133599195121
6.59	-1.2585816069957734
6.6	-1.1719556336071644
6.61	-1.085322111218648
6.62	-0.9987638514799304
6.63	-0.9123627153653356
6.64	-0.8261425374754124
6.65	-0.740161578111675
6.66	-0.6544780975756457
6.67	-0.5691503561688462
6.68	-0.4842459295008218
6.69	-0.3998527868505033
6.7	-0.31598062042316766
6.71	-0.2326796325915855
6.72	-0.15000002572851986
6.73	-0.06799200220675594
6.74	0.013291660868973487
6.75	0.09375444510254516
6.76	0.1734039096117999
6.77	0.25219831269853993
6.78	0.3300959126645887
6.79	0.40705496781176276
6.8	0.4830337364418851
6.81	0.5579519649413696
6.82	0.6318089242663836
6.83	0.7045735264245138
6.84	0.7762109077387376
6.85	0.8466862045320135
6.86	0.9159645531273186
6.87	0.9839805015119756
6.88	1.0507257978705913
6.89	1.1161808882941755
6.9	1.1803172883098216
6.91	1.2431065134446164
6.92	1.3045200792256468
6.93	1.3645062927051708
6.94	1.4230505037917416
6.95	1.4801431779473535
6.96	1.5357616671357028
6.97	1.5898833233204905
6.98	1.6424854984654027
6.99	1.6935262987590047
7.	1.7429865251312964
7.01	1.7908685313096135
7.02	1.8371557864550858
7.03	1.881831759728855
7.04	1.924879920292059
7.05	1.9662717513214167
7.06	2.0059842546483027
7.07	2.044026468047602
7.08	2.080387058756355
7.09	2.1150546940116053
7.1	2.148018041050388
7.11	2.1792576300442206
7.12	2.2087451438015613
7.13	2.236501245647228
7.14	2.262520178772238
7.15	2.2867961863676194
7.16	2.309323511624395
7.17	2.3300932137683725
7.18	2.3490742217830545
7.19	2.3662950169604144
7.2	2.381755074878183
7.21	2.3954538711140874
7.22	2.4073908812458575
7.23	2.4175655808512184
7.24	2.4259521605221472
7.25	2.4325784624168225
7.26	2.4374493092256624
7.27	2.4405684745482468
7.28	2.4419397319841574
7.29	2.4415668551329746
7.3	2.439426847693676
7.31	2.4355488236975
7.32	2.429947596762022
7.33	2.4226322061563903
7.34	2.413611691149752
7.35	2.4028950910112563
7.36	2.3904707060185917
7.37	2.376362214140617
7.38	2.36059295906217
7.39	2.3431768368626917
7.4	2.3241277436216197
7.41	2.3034595754183926
7.42	2.2811640863284053
7.43	2.257262944932309
7.44	2.2317944042057505
7.45	2.204778790018532
7.46	2.1762364282404576
7.47	2.1461876447413286
7.48	2.114637538369845
7.49	2.081602940030621
7.5	2.047131176315284
7.51	2.0112484138834774
7.52	1.973980819394857
7.53	1.9353545595090673
7.54	1.8953852158294993
7.55	1.8540845273412971
7.56	1.811511368714674
7.57	1.7676979116658247
7.58	1.7226763279109465
7.59	1.6764787891662332
7.6	1.6291320607854938
7.61	1.5806434305004342
7.62	1.531082147438302
7.63	1.480486308122511
7.64	1.428894009076489
7.65	1.3763433468236501
7.66	1.322872201453263
7.67	1.2684971733134547
7.68	1.2132816989722737
7.69	1.1572674678960897
7.7	1.1004961695512585
7.71	1.0430094934041396
7.72	0.984849128921088
7.73	0.9260343991890122
7.74	0.8666296995078828
7.75	0.8066841822155805
7.76	0.7462437009059482
7.77	0.6853541091728449
7.78	0.6240612606101134
7.79	0.5624035801026943
7.8	0.5004328772737119
7.81	0.4381993076892171
7.82	0.3757503530629954
7.83	0.3131334951088379
7.84	0.25039621554052977
7.85	0.18758182596358375
7.86	0.12473987489635152
7.87	0.061921733426893416
7.88	-0.000824001714536865
7.89	-0.06344873379766874
7.9	-0.1259038660922485
7.91	-0.18813958641482575
7.92	-0.2501073174764413
7.93	-0.311760271551983
7.94	-0.37305027007973635
7.95	-0.43392913449798126
7.96	-0.4943486862449978
7.97	-0.5542566163903659
7.98	-0.6136012269397041
7.99	-0.6723446497305174
8.	-0.7304407066506076
8.01	-0.7878432195877757
8.02	-0.8445060104298237
8.03	-0.9003777498807556
8.04	-0.9553971929187819
8.05	-1.0095434346546217
8.06	-1.0627745305165237
8.07	-1.1150485359327358
8.08	-1.1663235063315065
8.09	-1.216555662292495
8.1	-1.2656761389185938
8.11	-1.3136770726889613
8.12	-1.3605215523076821
8.13	-1.4061726664788674
8.14	-1.4505935039066191
8.15	-1.4937471532950393
8.16	-1.5355509951427113
8.17	-1.576017334436986
8.18	-1.615121285866147
8.19	-1.6528340195316071
8.2	-1.6891267055347858
8.21	-1.7239705139770833
8.22	-1.7572935566758976
8.23	-1.7891051552987267
8.24	-1.8193972359120747
8.25	-1.8481498412855257
8.26	-1.8753430141886642
8.27	-1.9009567973910741
8.28	-1.9249276468026217
8.29	-1.9472625993163413
8.3	-1.9679761169444956
8.31	-1.987059043781445
8.32	-2.0045022239215506
8.33	-2.020296501459172
8.34	-2.0343985484526548
8.35	-2.0468065941461036
8.36	-2.05755441297425
8.37	-2.066643508529249
8.38	-2.07407538440326
8.39	-2.0798515441884424
8.4	-2.083948217455872
8.41	-2.0863549939286896
8.42	-2.0871252905701647
8.43	-2.08627129296371
8.44	-2.0838051866927394
8.45	-2.079739157340665
8.46	-2.07407273490022
8.47	-2.0667938107704953
8.48	-2.0579618668969033
8.49	-2.047597415425707
8.5	-2.0357209685031687
8.51	-2.022353038275551
8.52	-2.0075094869150636
8.53	-1.991178101500649
8.54	-1.9734244577279678
8.55	-1.9542760149810345
8.56	-1.9337602326438663
8.57	-1.9119045701004795
8.58	-1.8887364867348917
8.59	-1.864256167260624
8.6	-1.838521962322089
8.61	-1.8115667649738654
8.62	-1.7834226268536535
8.63	-1.7541215995991402
8.64	-1.7236957348480166
8.65	-1.6921605480759652
8.66	-1.659563980472233
8.67	-1.6259446316371082
8.68	-1.5913377694961253
8.69	-1.5557786619748115
8.7	-1.519302576998714
8.71	-1.4819352151057605
8.72	-1.4437187904196493
8.73	-1.4046949470753223
8.74	-1.3649011632637633
8.75	-1.3243749171759556
8.76	-1.2831536870028826
8.77	-1.241274376370372
8.78	-1.1987746828958652
8.79	-1.1556926962726584
8.8	-1.1120660587119495
8.81	-1.0679324124249443
8.82	-1.023329399622848
8.83	-0.978294176585358
8.84	-0.9328642999888276
8.85	-0.8870782435184943
8.86	-0.8409738315828397
8.87	-0.7945888885903702
8.88	-0.7479612389495676
8.89	-0.7011318131626867
8.9	-0.6541423133673583
8.91	-0.60702137970685
8.92	-0.5598051323177071
8.93	-0.5125296913364753
8.94	-0.46523117689969157
8.95	-0.4179481460714851
8.96	-0.37072691525343215
8.97	-0.3235880788404517
8.98	-0.2765652530312255
8.99	-0.229692054024435
9.	-0.1830020980187617
9.01	-0.13652940423743207
9.02	-0.09032707774941973
9.03	-0.044405450707280136
9.04	0.00120518861266794
9.05	0.04647455193413029
9.06	0.09137235098080446
9.07	0.13586829747638798
9.08	0.17990819646795797
9.09	0.22348633583199337
9.1	0.26658005242206273
9.11	0.3091634620215673
9.12	0.3512106804138858
9.13	0.3926958233824197
9.14	0.4335728757419858
9.15	0.47383244972867145
9.16	0.5134599084121212
9.17	0.5524337240367201
9.18	0.5907323688468537
9.19	0.6283343150869136
9.2	0.6652001947509114
9.21	0.7013177899336995
9.22	0.7366816710337484
9.23	0.7712750062915038
9.24	0.8050809639474119
9.25	0.8380827122419187
9.26	0.8702512684216606
9.27	0.9015705195734458
9.28	0.9320411104462271
9.29	0.9616503054860874
9.3	0.9903853691391263
9.31	1.0182335658514376
9.32	1.0451739596079928
9.33	1.0711875225152943
9.34	1.096281181672715
9.35	1.1204460604892241
9.36	1.1436732823737963
9.37	1.1659539707353928
9.38	1.1872753293341538
9.39	1.207617954541503
9.4	1.2269911100714186
9.41	1.2453889877170778
9.42	1.262805779271657
9.43	1.279235676528333
9.44	1.2946714715921894
9.45	1.3090901763005456
9.46	1.3225080756376424
9.47	1.3349226517482533
9.48	1.3463313867771525
9.49	1.3567317628691131
9.5	1.3661212621689094
9.51	1.374482867034955
9.52	1.381829840247653
9.53	1.3881632866077633
9.54	1.3934832264376305
9.55	1.397789680059603
9.56	1.4010826677960284
9.57	1.4033413026724308
9.58	1.404584457401134
9.59	1.4048218536108699
9.6	1.4040577690847533
9.61	1.4022964816058985
9.62	1.3995422689574208
9.63	1.3957864317080875
9.64	1.3910415773185278
9.65	1.3853218929730189
9.66	1.3786348261251682
9.67	1.3709878242285838
9.68	1.3623883347368728
9.69	1.3528298153622265
9.7	1.3423232297176915
9.71	1.330893029945935
9.72	1.3185509486289977
9.73	1.3053087183489196
9.74	1.2911780716877415
9.75	1.276162560911166
9.76	1.2602705925812903
9.77	1.2435300862339833
9.78	1.2259561461682884
9.79	1.207563876683258
9.8	1.1883683820779354
9.81	1.1683798014997313
9.82	1.1476044765553173
9.83	1.1260751735589347
9.84	1.103810138366114
9.85	1.0808276168323854
9.86	1.0571458548132742
9.87	1.0327816388073319
9.88	1.007744054388506
9.89	0.982064198357392
9.9	0.9557623152914152
9.91	0.9288586497680009
9.92	0.9013734463645743
9.93	0.8733269496585608
9.94	0.8447243886565421
9.95	0.8156031711637224
9.96	0.7859863545255074
9.97	0.755896688036261
9.98	0.7253569209903471
9.99	0.6943898026821297
10.	0.6630137820385794
10.01	0.6312558006762342
10.02	0.5991402416900693
10.03	0.5666906815663061
10.04	0.5339306967911834
10.05	0.5008838638509229
10.06	0.46756746749667605
10.07	0.4340097757588506
10.08	0.4002384157054969
10.09	0.36627839797415196
10.1	0.3321547332023527
10.11	0.2978924320276301
10.12	0.26351549204920255
10.13	0.2290493410175531
10.14	0.1945200327341785
10.15	0.15995286221289934
10.16	0.12537312446753615
10.17	0.09080611451190954
10.18	0.05627843583930858
10.19	0.02181554684121914
10.2	-0.012559418714220644
10.21	-0.04682164563262062
10.22	-0.08094631871958441
10.23	-0.11490862278071573
10.24	-0.14868317297219788
10.25	-0.18224450466888859
10.26	-0.21556941529251236
10.27	-0.24863339217471098
10.28	-0.28141192264713194
10.29	-0.3138804940414054
10.3	-0.34601226969143317
10.31	-0.3777738718409833
10.32	-0.4091545951637353
10.33	-0.44013217461466186
10.34	-0.4706843451487357
10.35	-0.5007888417209296
10.36	-0.5304230460804218
10.37	-0.5595535722791196
10.38	-0.5881716267098595
10.39	-0.6162568853664904
10.4	-0.6437890242428613
10.41	-0.6707477193328215
10.42	-0.6971126466302198
10.43	-0.72284361224137
10.44	-0.747940967913551
10.45	-0.7723904409833078
10.46	-0.7961753297197764
10.47	-0.8192789323920886
10.48	-0.8416845472693759
10.49	-0.8633548452366423
10.5	-0.8842903804927376
10.51	-0.9044855699992879
10.52	-0.9239281210466062
10.53	-0.9426057409250086
10.54	-0.9605061369248015
10.55	-0.9776016438230186
10.56	-0.993888381699082
10.57	-1.0093674773669612
10.58	-1.0240306226959741
10.59	-1.0378695095554389
10.6	-1.0508758298146739
10.61	-1.0630259513156004
10.62	-1.074313107849025
10.63	-1.0847502947573135
10.64	-1.094334267780478
10.65	-1.1030617826585287
10.66	-1.1109295951314768
10.67	-1.1179258353704462
10.68	-1.1240413313371391
10.69	-1.1292927180130508
10.7	-1.1336806980967291
10.71	-1.1372059742867253
10.72	-1.1398692492815896
10.73	-1.141665764684493
10.74	-1.1425827327681164
10.75	-1.142644762422562
10.76	-1.1418566395293357
10.77	-1.140223149969943
10.78	-1.1377490796258891
10.79	-1.1344371388647283
10.8	-1.1302703691634288
10.81	-1.1252819757648365
10.82	-1.1194810131749116
10.83	-1.1128765358996155
10.84	-1.1054775984449092
10.85	-1.0972932553167536
10.86	-1.08831475035455
10.87	-1.0785707244000933
10.88	-1.0680744503051323
10.89	-1.0568380697280086
10.9	-1.0448737243270643
10.91	-1.0321935557606403
10.92	-1.0187922079503533
10.93	-1.0046978683282772
10.94	-0.9899304897126571
10.95	-0.9745057354968526
10.96	-0.958439269074216
10.97	-0.9417467538381018
10.98	-0.9244307417643525
10.99	-0.9065155995348803
11.	-0.8880266704027612
11.01	-0.8689827749274809
11.02	-0.849402733668525
11.03	-0.8293053671853757
11.04	-0.8087058350040255
11.05	-0.7876240034412538
11.06	-0.766082997570923
11.07	-0.7441027392704636
11.08	-0.7217031504173055
11.09	-0.698904152888879
11.1	-0.6757219852819816
11.11	-0.6521752990597717
11.12	-0.6282910407075438
11.13	-0.6040906135484323
11.14	-0.5795954209055757
11.15	-0.5548268661021125
11.16	-0.5298073190188693
11.17	-0.5045597502129927
11.18	-0.4791022859005823
11.19	-0.4534557404068775
11.2	-0.4276409280571316
11.21	-0.40167866317658407
11.22	-0.3755904323495542
11.23	-0.34940083680512835
11.24	-0.3231252746071421
11.25	-0.29678371013250227
11.26	-0.2703961077581158
11.27	-0.24398243186088953
11.28	-0.21756264681772566
11.29	-0.19116543013971818
11.3	-0.1648006967972217
11.31	-0.1384868817842046
11.32	-0.11224250954625842
11.33	-0.08608610452897465
11.34	-0.0600361911779449
11.35	-0.03412004249017059
11.36	-0.008347534494249034
11.37	0.017265994721541944
11.38	0.04270368516146039
11.39	0.06794867682975983
11.4	0.0929841097306937
11.41	0.11778189505328399
11.42	0.14233376052043462
11.43	0.16662982748152966
11.44	0.19065576183767224
11.45	0.21439722948995282
11.46	0.23783989633947458
11.47	0.2609636085509404
11.48	0.28375659622577865
11.49	0.30621032356679506
11.5	0.32831206341341324
11.51	0.3500490886050566
11.52	0.37140867198114885
11.53	0.39237252150996743
11.54	0.41292748502124405
11.55	0.4330697140668487
11.56	0.45278847869654437
11.57	0.4720730489600941
11.58	0.49091269490726086
11.59	0.5092928698947233
11.6	0.5271988806199253
11.61	0.544630350954989
11.62	0.5615785149152973
11.63	0.578034606516242
11.64	0.5939898597732124
11.65	0.6094328925876427
11.66	0.6243458189424869
11.67	0.6387344160415551
11.68	0.6525923076857226
11.69	0.6659131176758666
11.7	0.6786904698128574
11.71	0.6909175077604892
11.72	0.7025767777433579
11.73	0.7136755150674146
11.74	0.724209320804848
11.75	0.7341737960278472
11.76	0.7435645418086007
11.77	0.7523771592192977
11.78	0.7605914223150297
11.79	0.7682195958555226
11.8	0.7752618778031642
11.81	0.7817167248407311
11.82	0.7875825936509995
11.83	0.7928579409167457
11.84	0.7975298657194744
11.85	0.8016065172990006
11.86	0.8050922540516271
11.87	0.8079879305486071
11.88	0.8102944013611955
11.89	0.8120125210606469
11.9	0.8131342088407253
11.91	0.8136654295904361
11.92	0.8136145833464338
11.93	0.8129848058778766
11.94	0.8117792329539218
11.95	0.8100010003437281
11.96	0.8076464321667952
11.97	0.8047196210951122
11.98	0.8012328576805896
11.99	0.7971914850742752
12.	0.7926008464272172
12.01	0.7874662848904636
12.02	0.7817888338047513
12.03	0.7755712011527494
12.04	0.768828283383506
12.05	0.761567342847012
12.06	0.7537956418932586
12.07	0.7455204428722367
12.08	0.7367468119977852
12.09	0.7274770232797563
12.1	0.7177274448476021
12.11	0.70750690985567
12.12	0.6968242514583125
12.13	0.685688302809877
12.14	0.674106964386174
12.15	0.6620806016479083
12.16	0.6496293016846801
12.17	0.6367636025469646
12.18	0.6234940422852373
12.19	0.609831158949971
12.2	0.5957854905916457
12.21	0.5813596037162163
12.22	0.5665728914847968
12.23	0.5514376783760148
12.24	0.5359658707559672
12.25	0.5201693749907514
12.26	0.5040600974464644
12.27	0.48764313063977494
12.28	0.47093673122873647
12.29	0.4539557301322513
12.3	0.4367133893628425
12.31	0.41922297093303296
12.32	0.4014977368553456
12.33	0.3835482898361851
12.34	0.36538971326861913
12.35	0.34703716768995585
12.36	0.3285045466347828
12.37	0.3098057436376974
12.38	0.2909546522332873
12.39	0.27196331062759777
12.4	0.25284620372865874
12.41	0.2336193353634704
12.42	0.21429714739011116
12.43	0.19489408166665925
12.44	0.1754245800511895
12.45	0.15590356114199103
12.46	0.13634560321546974
12.47	0.11676427143377335
12.48	0.09717382043034553
12.49	0.07758850483863003
12.5	0.058022579292070525
12.51	0.03849086363587867
12.52	0.019008453696108513
12.53	-0.0004122247267695778
12.54	-0.019757249175613605
12.55	-0.03901269719327819
12.56	-0.0581646463226179
12.57	-0.07719813884829595
12.58	-0.09609399198687645
12.59	-0.11484595937161046
12.6	-0.13344133402909159
12.61	-0.15186740898591666
12.62	-0.17011147726867276
12.63	-0.18816083190395674
12.64	-0.20599661266541985
12.65	-0.2236132719505227
12.66	-0.24099911160065185
12.67	-0.25814243219272237
12.68	-0.27503153430364913
12.69	-0.2916547185103501
12.7	-0.30799060012772855
12.71	-0.32403718378637736
12.72	-0.33978614878139957
12.73	-0.355227618485921
12.74	-0.3703517162730675
12.75	-0.3851485655159649
12.76	-0.3996025704676835
12.77	-0.4137083350017032
12.78	-0.4274594153967998
12.79	-0.4408472048675089
12.8	-0.4538630966283631
12.81	-0.46649848389389537
12.82	-0.47873662954425383
12.83	-0.4905727362415239
12.84	-0.5020060346992488
12.85	-0.5130301269667117
12.86	-0.5236386150931979
12.87	-0.5338251011279866
12.88	-0.543577829622616
12.89	-0.5528902448584022
12.9	-0.5617642050774673
12.91	-0.5701951946616131
12.92	-0.5781786979926412
12.93	-0.5857101994523536
12.94	-0.592781762380837
12.95	-0.5993856454117557
12.96	-0.6055262337264444
12.97	-0.6112007190311114
12.98	-0.6164062930319643
12.99	-0.6211401474352108
13.	-0.6253960420036487
13.01	-0.6291602132206089
13.02	-0.6324477576942835
13.03	-0.6352588374388223
13.04	-0.6375936144683767
13.05	-0.6394522507970973
13.06	-0.640834291340322
13.07	-0.6417287717268179
13.08	-0.6421497277371708
13.09	-0.6420993533866498
13.1	-0.6415798426905233
13.11	-0.6405933896640598
13.12	-0.6391421883225281
13.13	-0.6372126568863484
13.14	-0.6348237876120119
13.15	-0.6319821408599938
13.16	-0.628692728412586
13.17	-0.6249605620520804
13.18	-0.6207906535607688
13.19	-0.6161793542951457
13.2	-0.6111392091608057
13.21	-0.6056795662388152
13.22	-0.5998072436701942
13.23	-0.5935290595959624
13.24	-0.5868518321571393
13.25	-0.5797750055170305
13.26	-0.5723097915923109
13.27	-0.56446903151616
13.28	-0.5562613981108773
13.29	-0.5476955641987575
13.3	-0.5387802026020969
13.31	-0.5295222391823158
13.32	-0.5199306591697398
13.33	-0.51001640562483
13.34	-0.49978870675322684
13.35	-0.489256790760571
13.36	-0.478429885852501
13.37	-0.4673146399765297
13.38	-0.4559188890452627
13.39	-0.4442573654693651
13.4	-0.43234041645737065
13.41	-0.4201783892178129
13.42	-0.40778163095922565
13.43	-0.3951604822660272
13.44	-0.382325276508431
13.45	-0.3692863869557938
13.46	-0.3560541653577191
13.47	-0.3426389634638128
13.48	-0.32905113302368083
13.49	-0.3153005863368748
13.5	-0.30139417673908414
13.51	-0.28734698681215826
13.52	-0.2731700912232617
13.53	-0.25887456463956665
13.54	-0.24447148172823757
13.55	-0.22997191715644155
13.56	-0.2153906338850941
13.57	-0.20073456915831522
13.58	-0.18601401718260255
13.59	-0.17123942560321187
13.6	-0.1564212420653989
13.61	-0.1415699142144168
13.62	-0.12669393748827587
13.63	-0.11180560747005985
13.64	-0.0969161768994033
13.65	-0.08203647742121051
13.66	-0.0671773406803858
13.67	-0.052349598321833564
13.68	-0.03756839188907043
13.69	-0.022841511758150544
13.7	-0.008176815845457555
13.71	0.006415873655952677
13.72	0.020926734553021627
13.73	0.0353459446526908
13.74	0.04966247312393805
13.75	0.06386692165020083
13.76	0.07795079803110512
13.77	0.09190463111094795
13.78	0.10571894973401894
13.79	0.11938428274461516
13.8	0.13288804221817063
13.81	0.14622003986662874
13.82	0.15937633326535414
13.83	0.17234864707452952
13.84	0.18512870595433767
13.85	0.19770823456496134
13.86	0.2100764877719805
13.87	0.22222182080012803
13.88	0.23414359356244166
13.89	0.245834932365369
13.9	0.2572889635153577
13.91	0.26849881331885544
13.92	0.2794563083358849
13.93	0.2901485865134969
13.94	0.3005776949240282
13.95	0.31073818523847074
13.96	0.32062460912782215
13.97	0.3302315182630781
13.98	0.3395533821401595
13.99	0.34857650311466787
14.	0.3573051559613691
14.01	0.3657352708686449
14.02	0.37386277802487844
14.03	0.38168360761844866
14.04	0.3891936898377388
14.05	0.39637984848954916
14.06	0.40324725713423376
14.07	0.40979488583437274
14.08	0.41602036037217205
14.09	0.4219213065298377
14.1	0.4274953500895759
14.11	0.43273545550425435
14.12	0.4376429849974978
14.13	0.4422182647482364
14.14	0.44645994229663455
14.15	0.45036666518285695
14.16	0.4539370809470681
14.17	0.45716467402735567
14.18	0.46005065084338914
14.19	0.46259847443165336
14.2	0.4648081728540782
14.21	0.46667977417259515
14.22	0.4682133064491349
14.23	0.4694048232527001
14.24	0.47025441443592464
14.25	0.4707680255350498
14.26	0.4709470522791483
14.27	0.4707928903972925
14.28	0.47030693561855513
14.29	0.4694882490133984
14.3	0.4683362348785621
14.31	0.4668581192563055
14.32	0.465056428954913
14.33	0.4629336907826688
14.34	0.4604924315478573
14.35	0.45773346182350994
14.36	0.4546542841193094
14.37	0.45126585081065695
14.38	0.4475720999564744
14.39	0.44357696961568427
14.4	0.4392843978472091
14.41	0.4346978429448884
14.42	0.4298142039577145
14.43	0.42464633020946635
14.44	0.41919947582910816
14.45	0.41347889494560736
14.46	0.4074898416879283
14.47	0.40123757018503625
14.48	0.39472167183124934
14.49	0.38795349743768986
14.5	0.38093979178711423
14.51	0.3736868102924609
14.52	0.3662008083666669
14.53	0.3584880414226733
14.54	0.3505521744415209
14.55	0.34240175765125863
14.56	0.3340442956529238
14.57	0.32548657771418177
14.58	0.3167353931026979
14.59	0.3077975310861374
14.6	0.2986758689853388
14.61	0.2893796178835283
14.62	0.2799186572627737
14.63	0.27030074596180775
14.64	0.2605336428193646
14.65	0.2506251066741784
14.66	0.24058382894329777
14.67	0.23041736726799666
14.68	0.2201323084848762
14.69	0.20973612047190687
14.7	0.19923627110706477
14.71	0.18864022826832041
14.72	0.17795451992423192
14.73	0.167186170246712
14.74	0.15634457845541327
14.75	0.14543760978245862
14.76	0.134473129459971
14.77	0.12345900272007142
14.78	0.11240308384851111
14.79	0.1013132170461326
14.8	0.0901973084748882
14.81	0.07906323057187098
14.82	0.06791885577417395
14.83	0.056772056518890154
14.84	0.04563087229194491
14.85	0.03450435259858029
14.86	0.02339874931774316
14.87	0.012321685075250145
14.88	0.0012807824969119294
14.89	-0.009716335791458822
14.9	-0.020662047164049437
14.91	-0.031544843508334745
14.92	-0.042361502504407275
14.93	-0.053105176093858904
14.94	-0.06376889592935717
14.95	-0.0743456936635639
14.96	-0.0848286009491467
14.97	-0.09521043151451186
14.98	-0.10548442641238413
14.99	-0.11564370358829522
15.	-0.1256813370810448
15.01	-0.13559040092943256
15.02	-0.14536396917225988
15.03	-0.1549915116175579
15.04	-0.16446871835483512
15.05	-0.17379106631673594
15.06	-0.18295246229813977
15.07	-0.19194681309392594
15.08	-0.2007680254989739
15.09	-0.20940641991968098
15.1	-0.2178572716706169
15.11	-0.22611830579307343
15.12	-0.23418445306146457
15.13	-0.24205064425020878
15.14	-0.24971181013372296
15.15	-0.2571614761057065
15.16	-0.26439432482055447
15.17	-0.2714076926837778
15.18	-0.2781970375408198
15.19	-0.28475781723712495
15.2	-0.2910854896181342
15.21	-0.2971718100420063
15.22	-0.3030076139831881
15.23	-0.30859930694980814
15.24	-0.31394437828922256
15.25	-0.3190403173487877
15.26	-0.3238846134758598
15.27	-0.3284740541082802
15.28	-0.3328031889265613
15.29	-0.3368739824719326
15.3	-0.34068464575520735
15.31	-0.34423338978719875
15.32	-0.3475184255787199
15.33	-0.35053777777385053
15.34	-0.3532805963755905
15.35	-0.35575591638387266
15.36	-0.3579634957233379
15.37	-0.3599030923186259
15.38	-0.36157446409437755
15.39	-0.3629773689752333
15.4	-0.36410313757970314
15.41	-0.36496019003169766
15.42	-0.36555097344339127
15.43	-0.36587679837611203
15.44	-0.36593897539118775
15.45	-0.36573881504994643
15.46	-0.3652741877457064
15.47	-0.3645492224878754
15.48	-0.3635671525934054
15.49	-0.36233003319299195
15.5	-0.36083991941733085
15.51	-0.3590988663971177
15.52	-0.3571041261174117
15.53	-0.35486025892930717
15.54	-0.35237365556168326
15.55	-0.34964763565485174
15.56	-0.3466855188491244
15.57	-0.34349062478481307
15.58	-0.34006378177119395
15.59	-0.3364084557478645
15.6	-0.3325315508420616
15.61	-0.3284372267179385
15.62	-0.3241296430396463
15.63	-0.31961295947133694
15.64	-0.31488932997765934
15.65	-0.3099613735151563
15.66	-0.3048380608926376
15.67	-0.29952449589007024
15.68	-0.29402578228742127
15.69	-0.2883470238646567
15.7	-0.2824928298219203
15.71	-0.27646697448869934
15.72	-0.27027685194501144
15.73	-0.26392795333457403
15.74	-0.2574257698011047
15.75	-0.25077579248832094
15.76	-0.2439833641512834
15.77	-0.237052154579368
15.78	-0.2299899971264158
15.79	-0.2228027317643426
15.8	-0.2154961984650654
15.81	-0.20807623720050125
15.82	-0.2005486879425672
15.83	-0.19291816688186944
15.84	-0.1851918457346028
15.85	-0.1773758703875154
15.86	-0.16947629505347245
15.87	-0.16149917394533486
15.88	-0.153450561275965
15.89	-0.1453375209303984
15.9	-0.1371651968477628
15.91	-0.128939174552095
15.92	-0.12066530262655253
15.93	-0.11234942965429293
15.94	-0.10399740421847219
15.95	-0.09561537514039342
15.96	-0.0872089983554741
15.97	-0.07878389310371767
15.98	-0.07034583462325147
15.99	-0.06190059815220291
16.	-0.05345395892869787
16.01	-0.04501155993621922
16.02	-0.036579209651445066
16.03	-0.02816284406877515
16.04	-0.01976827893648404
16.05	-0.011401330002858229
16.06	-0.003067813016172317
16.07	0.005224418752890411
16.08	0.013468719809751596
16.09	0.021663307729535525
16.1	0.029803206780311828
16.11	0.037883441230161755
16.12	0.04589903534715501
16.13	0.05384552645460304
16.14	0.06171884506808885
16.15	0.069512189502029
16.16	0.07722025927531792
16.17	0.08483775390685011
16.18	0.0923593729155282
16.19	0.09977903084089504
16.2	0.1070864943166855
16.21	0.11428338191212739
16.22	0.12136546918824358
16.23	0.1283285317060492
16.24	0.13516834502655958
16.25	0.14188068471079737
16.26	0.14845958895373912
16.27	0.15490281915492976
16.28	0.1612064763229759
16.29	0.16736662582385825
16.3	0.17337933302354863
16.31	0.1792406632880275
16.32	0.18494269129439672
16.33	0.19048537227836887
16.34	0.19586628839732628
16.35	0.20108227271767412
16.36	0.20613015830582515
16.37	0.21100677822818478
16.38	0.21570340110740843
16.39	0.22022100812456066
16.4	0.22456001598459435
16.41	0.2287185262990983
16.42	0.23269464067966164
16.43	0.2364864607378776
16.44	0.24008992688893926
16.45	0.24350402995113432
16.46	0.2467290977589197
16.47	0.2497638387108454
16.48	0.25260696120545784
16.49	0.25525717364130385
16.5	0.2577098103096899
16.51	0.2599631565747952
16.52	0.2620214959459877
16.53	0.2638847743873886
16.54	0.26555293786312145
16.55	0.2670259323373076
16.56	0.26830187382665066
16.57	0.2693786200779744
16.58	0.27026129974008006
16.59	0.2709508309363554
16.6	0.27144813179018734
16.61	0.27175412042496344
16.62	0.2718692316772732
16.63	0.27179253839794554
16.64	0.2715278320322061
16.65	0.2710764983910125
16.66	0.2704399232853228
16.67	0.2696194925260951
16.68	0.2686165060324744
16.69	0.2674296352819341
16.7	0.2660635536500224
16.71	0.264520120598484
16.72	0.2628011955890618
16.73	0.2609086380834999
16.74	0.25884430754354304
16.75	0.25660599564349795
16.76	0.2541997941247793
16.77	0.25162880190067516
16.78	0.24889562008310553
16.79	0.24600284978398643
16.8	0.24295309211523788
16.81	0.23974784266280447
16.82	0.2363906273567112
16.83	0.2328846432130142
16.84	0.22923272764443606
16.85	0.22543771806370452
16.86	0.22150245188354198
16.87	0.2174277781872721
16.88	0.21321762202040295
16.89	0.20887655710814976
16.9	0.20440793631489515
16.91	0.1998151125050264
16.92	0.19510143854293088
16.93	0.19026828897950795
16.94	0.185319214910244
16.95	0.1802603204135642
16.96	0.17509561222650608
16.97	0.16982909708609994
16.98	0.16446478172938156
16.99	0.1590060450384448
17.	0.15345646177155853
17.01	0.14782148626898073
17.02	0.14210541265343526
17.03	0.13631253504765406
17.04	0.13044714757436088
17.05	0.12451298565498756
17.06	0.11851296324747988
17.07	0.11245382020333959
17.08	0.10634026837779888
17.09	0.10017701962608343
17.1	0.09396878580342763
17.11	0.08772031526324386
17.12	0.0814367028303829
17.13	0.07512215991230667
17.14	0.06878132320418136
17.15	0.062418829401173145
17.16	0.05603931519844146
17.17	0.04964741729115474
17.18	0.04324750911658301
17.19	0.036844516843256556
17.2	0.030443139552262348
17.21	0.024048059574308427
17.22	0.01766395924009372
17.23	0.011295520880323984
17.24	0.004950422073998664
17.25	-0.0013694010833887257
17.26	-0.007660603906447957
17.27	-0.013919106984412165
17.28	-0.02014083090650557
17.29	-0.026321696261961264
17.3	-0.03245720418894475
17.31	-0.03854355361256211
17.32	-0.04457697490112652
17.33	-0.050553489660375366
17.34	-0.05646911949605243
17.35	-0.06231988601389304
17.36	-0.06810063109039782
17.37	-0.07380771290563935
17.38	-0.07943854062430733
17.39	-0.0849894908056559
17.4	-0.09045694000893928
17.41	-0.09583726479341748
17.42	-0.1011252512325581
17.43	-0.10631672631807021
17.44	-0.11141110106708677
17.45	-0.1164053919047603
17.46	-0.12129661525623618
17.47	-0.1260817875466668
17.48	-0.1307572886974741
17.49	-0.13531910216239923
17.5	-0.13976640348189592
17.51	-0.14409659709931283
17.52	-0.14830708745800486
17.53	-0.1523952790013208
17.54	-0.1563582616088308
17.55	-0.16019166583413147
17.56	-0.16389543275614846
17.57	-0.16746736484845798
17.58	-0.17090526458463637
17.59	-0.17420693443826363
17.6	-0.17737017688291495
17.61	-0.18038790734425098
17.62	-0.1832635647781945
17.63	-0.1859958094584199
17.64	-0.18858325148698665
17.65	-0.1910245009659544
17.66	-0.19331816799738544
17.67	-0.19545860655790953
17.68	-0.19744863358170112
17.69	-0.19928840998913566
17.7	-0.20097735570806946
17.71	-0.20251489066635625
17.72	-0.2039004347918521
17.73	-0.20513035064733978
17.74	-0.20620639581689523
17.75	-0.20712989178481714
17.76	-0.20790094631948633
17.77	-0.20851966718928483
17.78	-0.2089861621625937
17.79	-0.20929661706086827
17.8	-0.20945286657006634
17.81	-0.20945892731687366
17.82	-0.20931599019484023
17.83	-0.20902524609751624
17.84	-0.2085878859184516
17.85	-0.2080035691730921
17.86	-0.20727336977091107
17.87	-0.2064009218969222
17.88	-0.2053879660489353
17.89	-0.20423624272476126
17.9	-0.20294749242221108
17.91	-0.20152214073520477
17.92	-0.1999605614072103
17.93	-0.19826806352157023
17.94	-0.19644706439595228
17.95	-0.19449998134802168
17.96	-0.1924292316954464
17.97	-0.19023707963250908
17.98	-0.18792540818353076
17.99	-0.18549748646147884
18.	-0.18295587174023048
18.01	-0.1803031212936664
18.02	-0.17754179239566356
18.03	-0.17467450512119415
18.04	-0.17170526976448605
18.05	-0.1686348584756573
18.06	-0.16546556923499647
18.07	-0.1621997000227955
18.08	-0.15883954881934628
18.09	-0.1553874136049373
18.1	-0.15184200789788657
18.11	-0.14820940317724202
18.12	-0.14449293903090926
18.13	-0.1406955602389645
18.14	-0.13682021158148788
18.15	-0.13286983783855966
18.16	-0.12884927702698412
18.17	-0.12475985856672556
18.18	-0.12060354308739213
18.19	-0.11638287560649616
18.2	-0.112100401141544
18.21	-0.10775866471004807
18.22	-0.10335771721963344
18.23	-0.0989015294936028
18.24	-0.0943947534186377
18.25	-0.08984057085617438
18.26	-0.08524216366765548
18.27	-0.0806027137145172
18.28	-0.07592466771518117
18.29	-0.07121131050791299
18.3	-0.0664668123218509
18.31	-0.0616945932962447
18.32	-0.05689807357034933
18.33	-0.05208067328341972
18.34	-0.04724557508785529
18.35	-0.04239605373762323
18.36	-0.03753605600757024
18.37	-0.03266910782316131
18.38	-0.02779873510985451
18.39	-0.02292846379311309
18.4	-0.0180615044610248
18.41	-0.013200666767219977
18.42	-0.008350784105838309
18.43	-0.003515607949709081
18.44	0.0013011102283315493
18.45	0.006095618955454279
18.46	0.010864013520216473
18.47	0.015601149251344482
18.48	0.020305125978425757
18.49	0.0249724726591506
18.5	0.029599718251214283
18.51	0.03418339171230548
18.52	0.03872002200011939
18.53	0.043203737007258596
18.54	0.047633732617387334
18.55	0.05200707618076779
18.56	0.05632070883911322
18.57	0.06057157173413223
18.58	0.0647566060075335
18.59	0.06886944165750072
18.6	0.07291010523165355
18.61	0.07687695963313908
18.62	0.080767604861053
18.63	0.08457964091449656
18.64	0.08831066779256687
18.65	0.09195607126390347
18.66	0.0955149678414821
18.67	0.0989865382943688
18.68	0.10236890844690841
18.69	0.10566020412344086
18.7	0.10885855114831089
18.71	0.11195860964620344
18.72	0.1149596089657217
18.73	0.11786361823438585
18.74	0.12066978769900392
18.75	0.12337726760638691
18.76	0.1259852082033419
18.77	0.12849343379745412
18.78	0.1309012879156181
18.79	0.13320668078532466
18.8	0.13540849787294912
18.81	0.13750562464486996
18.82	0.13949694656746325
18.83	0.1413796167514154
18.84	0.1431499401403046
18.85	0.1448124101818987
18.86	0.1463669308255124
18.87	0.14781340602045817
18.88	0.14915173971605056
18.89	0.15038162809970532
18.9	0.1515019183479169
18.91	0.1525140561725729
18.92	0.1534181896332215
18.93	0.15421446678941222
18.94	0.15490303570069336
18.95	0.1554840444266143
18.96	0.15595930807402053
18.97	0.15632703524920927
18.98	0.15658710050516203
18.99	0.1567393789087676
19.	0.15678374552691482
19.01	0.1567200754264925
19.02	0.15654284496990428
19.03	0.15625733766612834
19.04	0.1558653127741181
19.05	0.15536766152648274
19.06	0.15476527515583074
19.07	0.1540590448947711
19.08	0.15324933514386802
19.09	0.1523374497691032
19.1	0.15132459634955603
19.11	0.15021178310828454
19.12	0.1490000182683482
19.13	0.14769031005280495
19.14	0.14628179793322318
19.15	0.14477636522041934
19.16	0.14317682220665479
19.17	0.14148468490737007
19.18	0.13970146933800345
19.19	0.13782869151399568
19.2	0.13586641886214765
19.21	0.13381612471448273
19.22	0.13168155742916143
19.23	0.12946474197542718
19.24	0.12716770332252356
19.25	0.12479246643969163
19.26	0.12234053013439959
19.27	0.11981342275225257
19.28	0.11721453880308647
19.29	0.11454616592292777
19.3	0.11181059174780675
19.31	0.10901010391374981
19.32	0.10614683431181728
19.33	0.10322257297180285
19.34	0.10024042059226732
19.35	0.09720279967778511
19.36	0.09411213273292647
19.37	0.0909708422622659
19.38	0.08778134722447938
19.39	0.08454600604369818
19.4	0.08126732111634866
19.41	0.07794772664738862
19.42	0.07458965684178052
19.43	0.07119554590448211
19.44	0.06776782804045592
19.45	0.06430889331785479
19.46	0.060821222938462594
19.47	0.0573072633231374
19.48	0.05376945656022255
19.49	0.05021024473806138
19.5	0.04663206994499345
19.51	0.04303790855437932
19.52	0.039429738003259884
19.53	0.03580973276025628
19.54	0.03218022346229439
19.55	0.028543540746305246
19.56	0.024902015249214714
19.57	0.021256375898077242
19.58	0.01760990731734907
19.59	0.013966248854740095
19.6	0.010328134066069018
19.61	0.0066982965071493705
19.62	0.00307946973379986
19.63	-0.0005236160142799637
19.64	-0.004108583472528349
19.65	-0.0076752947450972
19.66	-0.011221651174045418
19.67	-0.014745554101426847
19.68	-0.01824490486930036
19.69	-0.021718522440224576
19.7	-0.02516480396126563
19.71	-0.02857969253808162
19.72	-0.031960691453147484
19.73	-0.0353053039889345
19.74	-0.038611033427914006
19.75	-0.041874642910212485
19.76	-0.0450920881664532
19.77	-0.04826378592346904
19.78	-0.051387747075673486
19.79	-0.05446198251748447
19.8	-0.05748450314331555
19.81	-0.06045332232233348
19.82	-0.06336647067585485
19.83	-0.06622193242686478
19.84	-0.06901771439449038
19.85	-0.07175182339785476
19.86	-0.07442226625608496
19.87	-0.07702704978830417
19.88	-0.07955957535534858
19.89	-0.08202301553434291
