
12                                        
#    charge    sigma    epsilon    x    y    z    Z    BENZENE    chipot    et    al,    JACS    118,11219(1996)                                                
-0.138    1.90800    0.35980    1.38600    0.000000    0.000000    6.000000     C            
-0.138    1.90800    0.35980    0.69300    -1.200000    0.000000    6.000000     C            
-0.138    1.90800    0.35980    -0.69300    -1.200000    0.000000    6.000000     C            
-0.138    1.90800    0.35980    -1.38600    0.000000    0.000000    6.000000     C            
-0.138    1.90800    0.35980    -0.69300    1.200000    0.000000    6.000000     C            
-0.138    1.90800    0.35980    0.69300    1.200000    0.000000    6.000000     C            
    0.13800    1.45900    0.06276    2.462000    0.000000    0.000000    1     H        
    0.13800    1.45900    0.06276    1.231000    -2.132000    0.000000    1     H        
    0.13800    1.45900    0.06276    -1.231000    -2.132000    0.000000    1     H        
    0.13800    1.45900    0.06276    -2.462000    0.000000    0.000000    1     H        
    0.13800    1.45900    0.06276    -1.231000    2.132000    0.000000    1     H        
    0.13800    1.45900    0.06276    1.231000    2.132000    0.000000    1     H        
