Butane from Roux Data, using Charmm parameters
14 14
#    charge     sigma            epsilon     lambda1_mol   lambda2_mol     x            y        z      Zatomic   Atom Name  Surname
1     -0.092600    3.39967     0.45773         0.0            0.0        3.5860    1.1360    0.9320           6           c3       C1    
2     -0.080420    3.39967     0.45773         0.0            0.0        2.5590    0.8280    1.9980           6           c3       C2   
3     -0.080420    3.39967     0.45773         0.0            0.0        1.7180    2.0490    2.3340           6           c3       C3  
4     -0.092600    3.39967     0.45773         0.0            0.0        0.6910    1.7400    3.4000           6           c3       C4  
5      0.032230    2.64953     0.0656888       0.0            0.0        3.1140    1.4730    0.0000           1           hc       H1  
6      0.032140    2.64953     0.0656888       0.0            0.0        4.1900    0.2520    0.6920           1           hc       H2  
7      0.032210    2.64953     0.0656888       0.0            0.0        4.2770    1.9280    1.2510           1           hc       H3  
8      0.038220    2.64953     0.0656888       0.0            0.0        3.0620    0.4550    2.9120           1           hc       H4  
9      0.038220    2.64953     0.0656888       0.0            0.0        1.9030    0.0000    1.6630           1           hc       H5  
10     0.038230    2.64953     0.0656888       0.0            0.0        1.2150    2.4210    1.4190           1           hc       H6  
11     0.038220    2.64953     0.0656888       0.0            0.0        2.3750    2.8770    2.6680           1           hc       H7  
12     0.032210    2.64953     0.0656888       0.0            0.0        0.0000    0.9500    3.0790           1           hc       H8  
13     0.032140    2.64953     0.0656888       0.0            0.0        0.0880    2.6250    3.6400           1           hc       H9  
14     0.032230    2.64953     0.0656888       0.0            0.0        1.1630    1.4020    4.3310           1           hc       H10 
