DNA as hard spheres	Lx=53	Ly=68	Lz=72
486	486
#	charge	sigma	epsilon	x		y		z		Zatomic	Name	Surname
1	0.0	0.0	0.0	31.570000	43.023998	49.478001	8	O	O
2	0.0	0.0	0.0	30.872999	41.848000	49.889000	6	C	C
3	0.0	0.0	0.0	31.805000	40.660000	49.895000	6	C	C
4	0.0	0.0	0.0	31.166000	39.537001	50.535999	8	O	O
5	0.0	0.0	0.0	32.252001	40.161999	48.524000	6	C	C
6	0.0	0.0	0.0	33.617001	39.746000	48.648001	8	O	O
7	0.0	0.0	0.0	31.343000	38.969000	48.264999	6	C	C
8	0.0	0.0	0.0	31.110001	38.419001	49.665001	6	C	C
9	0.0	0.0	0.0	29.816999	37.764999	49.905001	7	N	N
10	0.0	0.0	0.0	29.799000	36.549999	50.605000	6	C	C
11	0.0	0.0	0.0	30.878000	36.046000	50.961000	8	O	O
12	0.0	0.0	0.0	28.608999	35.966000	50.878000	7	N	N
13	0.0	0.0	0.0	27.472000	36.549000	50.482000	6	C	C
14	0.0	0.0	0.0	26.323000	35.945999	50.781000	7	N	N
15	0.0	0.0	0.0	27.466000	37.778000	49.757000	6	C	C
16	0.0	0.0	0.0	28.648001	38.340000	49.486000	6	C	C
17	0.0	0.0	0.0	34.448000	39.312000	47.349001	15	P	P
18	0.0	0.0	0.0	35.875999	39.596001	47.627001	8	O	O
19	0.0	0.0	0.0	33.799000	39.905001	46.152000	8	O	O
20	0.0	0.0	0.0	34.264999	37.736000	47.301001	8	O	O
21	0.0	0.0	0.0	35.002001	36.892000	48.190001	6	C	C
22	0.0	0.0	0.0	34.816000	35.452999	47.787001	6	C	C
23	0.0	0.0	0.0	33.490000	35.002001	48.129000	8	O	O
24	0.0	0.0	0.0	34.974001	35.195999	46.290001	6	C	C
25	0.0	0.0	0.0	35.540001	33.900000	46.174999	8	O	O
26	0.0	0.0	0.0	33.539000	35.134001	45.792999	6	C	C
27	0.0	0.0	0.0	32.844000	34.493000	46.976999	6	C	C
28	0.0	0.0	0.0	31.412001	34.726000	47.127001	7	N	N
29	0.0	0.0	0.0	30.684999	35.822001	46.732000	6	C	C
30	0.0	0.0	0.0	29.416000	35.725000	47.028000	7	N	N
31	0.0	0.0	0.0	29.301001	34.490000	47.653000	6	C	C
32	0.0	0.0	0.0	28.167000	33.830000	48.188999	6	C	C
33	0.0	0.0	0.0	26.999000	34.214001	48.215000	8	O	O
34	0.0	0.0	0.0	28.500000	32.593000	48.730000	7	N	N
35	0.0	0.0	0.0	29.760000	32.054001	48.746000	6	C	C
36	0.0	0.0	0.0	29.888000	30.847000	49.316000	7	N	N
37	0.0	0.0	0.0	30.820000	32.653999	48.243000	7	N	N
38	0.0	0.0	0.0	30.521000	33.861000	47.718000	6	C	C
39	0.0	0.0	0.0	36.525000	33.547001	44.969000	15	P	P
40	0.0	0.0	0.0	37.912001	33.837999	45.403000	8	O	O
41	0.0	0.0	0.0	35.999001	34.141001	43.712999	8	O	O
42	0.0	0.0	0.0	36.353001	31.972000	44.896000	8	O	O
43	0.0	0.0	0.0	36.309999	31.212000	46.110001	6	C	C
44	0.0	0.0	0.0	35.207001	30.177999	46.059999	6	C	C
45	0.0	0.0	0.0	33.886000	30.733000	46.261999	8	O	O
46	0.0	0.0	0.0	35.138000	29.318001	44.802999	6	C	C
47	0.0	0.0	0.0	35.191999	27.945999	45.163000	8	O	O
48	0.0	0.0	0.0	33.792000	29.666000	44.190001	6	C	C
49	0.0	0.0	0.0	32.961000	30.107000	45.385000	6	C	C
50	0.0	0.0	0.0	31.910000	31.091000	45.052000	7	N	N
51	0.0	0.0	0.0	30.582001	30.826000	45.419001	6	C	C
52	0.0	0.0	0.0	30.319000	29.775000	46.014999	8	O	O
53	0.0	0.0	0.0	29.618000	31.726999	45.108000	7	N	N
54	0.0	0.0	0.0	29.934000	32.846001	44.455999	6	C	C
55	0.0	0.0	0.0	28.948000	33.704000	44.163000	7	N	N
56	0.0	0.0	0.0	31.274000	33.141001	44.072001	6	C	C
57	0.0	0.0	0.0	32.221001	32.245001	44.389000	6	C	C
58	0.0	0.0	0.0	35.895000	26.891001	44.176001	15	P	P
59	0.0	0.0	0.0	36.938999	26.167000	44.951000	8	O	O
60	0.0	0.0	0.0	36.264999	27.573999	42.917999	8	O	O
61	0.0	0.0	0.0	34.712999	25.884001	43.865000	8	O	O
62	0.0	0.0	0.0	33.982000	25.290001	44.938000	6	C	C
63	0.0	0.0	0.0	32.636999	24.829000	44.441999	6	C	C
64	0.0	0.0	0.0	31.698999	25.927999	44.334000	8	O	O
65	0.0	0.0	0.0	32.705000	24.184999	43.059000	6	C	C
66	0.0	0.0	0.0	31.830000	23.068000	43.054001	8	O	O
67	0.0	0.0	0.0	32.167000	25.266001	42.139999	6	C	C
68	0.0	0.0	0.0	31.143000	25.938999	43.027000	6	C	C
69	0.0	0.0	0.0	30.823000	27.316000	42.669001	7	N	N
70	0.0	0.0	0.0	31.653999	28.250999	42.098000	6	C	C
71	0.0	0.0	0.0	31.066999	29.399000	41.892000	7	N	N
72	0.0	0.0	0.0	29.770000	29.211000	42.356001	6	C	C
73	0.0	0.0	0.0	28.665001	30.108000	42.396999	6	C	C
74	0.0	0.0	0.0	28.612000	31.292000	42.018000	8	O	O
75	0.0	0.0	0.0	27.538000	29.502001	42.948000	7	N	N
76	0.0	0.0	0.0	27.480000	28.204000	43.402000	6	C	C
77	0.0	0.0	0.0	26.305000	27.801001	43.906000	7	N	N
78	0.0	0.0	0.0	28.500999	27.361000	43.367001	7	N	N
79	0.0	0.0	0.0	29.605000	27.929001	42.836000	6	C	C
80	0.0	0.0	0.0	31.652000	22.191000	41.727000	15	P	P
81	0.0	0.0	0.0	32.343000	20.898000	41.948000	8	O	O
82	0.0	0.0	0.0	31.987000	23.019000	40.528000	8	O	O
83	0.0	0.0	0.0	30.087999	21.921000	41.725000	8	O	O
84	0.0	0.0	0.0	29.381001	21.803000	42.966000	6	C	C
85	0.0	0.0	0.0	27.923000	22.138000	42.773001	6	C	C
86	0.0	0.0	0.0	27.756001	23.559000	42.549999	8	O	O
87	0.0	0.0	0.0	27.250999	21.434000	41.597000	6	C	C
88	0.0	0.0	0.0	25.959000	20.993000	42.013000	8	O	O
89	0.0	0.0	0.0	27.160000	22.519000	40.532000	6	C	C
90	0.0	0.0	0.0	27.034000	23.795000	41.353000	6	C	C
91	0.0	0.0	0.0	27.582001	25.006001	40.738000	7	N	N
92	0.0	0.0	0.0	28.851999	25.231001	40.259000	6	C	C
93	0.0	0.0	0.0	29.028999	26.436001	39.777000	7	N	N
94	0.0	0.0	0.0	27.792999	27.046000	39.945000	6	C	C
95	0.0	0.0	0.0	27.322001	28.337999	39.639000	6	C	C
96	0.0	0.0	0.0	28.070000	29.284000	39.072000	7	N	N
97	0.0	0.0	0.0	26.040000	28.627001	39.942000	7	N	N
98	0.0	0.0	0.0	25.288000	27.680000	40.515000	6	C	C
99	0.0	0.0	0.0	25.614000	26.431999	40.852000	7	N	N
100	0.0	0.0	0.0	26.894000	26.176001	40.535000	6	C	C
101	0.0	0.0	0.0	25.073000	20.085000	41.039000	15	P	P
102	0.0	0.0	0.0	24.268000	19.168000	41.890000	8	O	O
103	0.0	0.0	0.0	25.962000	19.528000	39.983000	8	O	O
104	0.0	0.0	0.0	24.087000	21.147000	40.383000	8	O	O
105	0.0	0.0	0.0	23.215000	21.915000	41.222000	6	C	C
106	0.0	0.0	0.0	22.295000	22.779000	40.394000	6	C	C
107	0.0	0.0	0.0	22.976000	23.961000	39.918000	8	O	O
108	0.0	0.0	0.0	21.646000	22.123000	39.179000	6	C	C
109	0.0	0.0	0.0	20.248000	22.424000	39.209000	8	O	O
110	0.0	0.0	0.0	22.382000	22.752000	38.002000	6	C	C
111	0.0	0.0	0.0	22.796000	24.122000	38.528000	6	C	C
112	0.0	0.0	0.0	24.050000	24.660999	37.991000	7	N	N
113	0.0	0.0	0.0	25.243000	24.004999	37.804000	6	C	C
114	0.0	0.0	0.0	26.194000	24.764999	37.318000	7	N	N
115	0.0	0.0	0.0	25.589000	26.006001	37.170000	6	C	C
116	0.0	0.0	0.0	26.069000	27.252001	36.701000	6	C	C
117	0.0	0.0	0.0	27.316999	27.457001	36.275000	7	N	N
118	0.0	0.0	0.0	25.208000	28.292000	36.685000	7	N	N
119	0.0	0.0	0.0	23.955000	28.089001	37.113000	6	C	C
120	0.0	0.0	0.0	23.389000	26.975000	37.575000	7	N	N
121	0.0	0.0	0.0	24.268000	25.957001	37.579000	6	C	C
122	0.0	0.0	0.0	19.279000	21.921000	38.033000	15	P	P
123	0.0	0.0	0.0	17.949000	21.636000	38.617000	8	O	O
124	0.0	0.0	0.0	19.957000	20.884000	37.206000	8	O	O
125	0.0	0.0	0.0	19.141000	23.234000	37.159000	8	O	O
126	0.0	0.0	0.0	18.882000	24.482000	37.799000	6	C	C
127	0.0	0.0	0.0	18.954000	25.601999	36.798000	6	C	C
128	0.0	0.0	0.0	20.322000	25.958000	36.483000	8	O	O
129	0.0	0.0	0.0	18.252000	25.318001	35.470000	6	C	C
130	0.0	0.0	0.0	17.328000	26.363001	35.193000	8	O	O
131	0.0	0.0	0.0	19.386000	25.285999	34.455000	6	C	C
132	0.0	0.0	0.0	20.414000	26.208000	35.089000	6	C	C
133	0.0	0.0	0.0	21.815000	25.987000	34.665000	7	N	N
134	0.0	0.0	0.0	22.532000	27.082001	34.211000	6	C	C
135	0.0	0.0	0.0	22.065000	28.212999	34.144000	8	O	O
136	0.0	0.0	0.0	23.822000	26.802999	33.832000	7	N	N
137	0.0	0.0	0.0	24.457000	25.575001	33.854000	6	C	C
138	0.0	0.0	0.0	25.630000	25.486000	33.482000	8	O	O
139	0.0	0.0	0.0	23.649000	24.469000	34.335000	6	C	C
140	0.0	0.0	0.0	24.248000	23.098000	34.389000	6	C	C
141	0.0	0.0	0.0	22.386000	24.729000	34.714000	6	C	C
142	0.0	0.0	0.0	16.286000	26.216999	33.976000	15	P	P
143	0.0	0.0	0.0	14.964000	26.611000	34.529000	8	O	O
144	0.0	0.0	0.0	16.438000	24.910000	33.278000	8	O	O
145	0.0	0.0	0.0	16.781000	27.346001	32.975000	8	O	O
146	0.0	0.0	0.0	17.144000	28.624001	33.487000	6	C	C
147	0.0	0.0	0.0	17.919000	29.403999	32.458000	6	C	C
148	0.0	0.0	0.0	19.302000	28.990999	32.368000	8	O	O
149	0.0	0.0	0.0	17.354000	29.385000	31.040000	6	C	C
150	0.0	0.0	0.0	17.210000	30.733000	30.615000	8	O	O
151	0.0	0.0	0.0	18.414000	28.646000	30.237000	6	C	C
152	0.0	0.0	0.0	19.690000	28.966000	31.003000	6	C	C
153	0.0	0.0	0.0	20.797000	27.997999	30.857000	7	N	N
154	0.0	0.0	0.0	22.056000	28.486000	30.560000	6	C	C
155	0.0	0.0	0.0	22.295000	29.677000	30.410000	8	O	O
156	0.0	0.0	0.0	23.031000	27.525000	30.447000	7	N	N
157	0.0	0.0	0.0	22.877000	26.160999	30.597000	6	C	C
158	0.0	0.0	0.0	23.844000	25.422001	30.472000	8	O	O
159	0.0	0.0	0.0	21.532000	25.718000	30.901000	6	C	C
160	0.0	0.0	0.0	21.268000	24.254000	31.071000	6	C	C
161	0.0	0.0	0.0	20.574000	26.648001	31.017000	6	C	C
162	0.0	0.0	0.0	16.728000	31.062000	29.124000	15	P	P
163	0.0	0.0	0.0	15.754000	32.170000	29.215000	8	O	O
164	0.0	0.0	0.0	16.358000	29.808001	28.420000	8	O	O
165	0.0	0.0	0.0	18.054000	31.627001	28.464000	8	O	O
166	0.0	0.0	0.0	18.837000	32.606001	29.157000	6	C	C
167	0.0	0.0	0.0	20.048000	32.983000	28.340000	6	C	C
168	0.0	0.0	0.0	21.001000	31.898001	28.332000	8	O	O
169	0.0	0.0	0.0	19.778000	33.334999	26.878000	6	C	C
170	0.0	0.0	0.0	20.579000	34.478001	26.560000	8	O	O
171	0.0	0.0	0.0	20.231000	32.087000	26.123000	6	C	C
172	0.0	0.0	0.0	21.352000	31.552999	27.002000	6	C	C
173	0.0	0.0	0.0	21.609000	30.103001	26.983000	7	N	N
174	0.0	0.0	0.0	22.892000	29.653000	26.640000	6	C	C
175	0.0	0.0	0.0	23.758000	30.482000	26.334000	8	O	O
176	0.0	0.0	0.0	23.155000	28.327000	26.656000	7	N	N
177	0.0	0.0	0.0	22.198000	27.459000	26.997000	6	C	C
178	0.0	0.0	0.0	22.514000	26.158001	27.009000	7	N	N
179	0.0	0.0	0.0	20.880000	27.886000	27.341000	6	C	C
180	0.0	0.0	0.0	20.631000	29.205999	27.318000	6	C	C
181	0.0	0.0	0.0	20.145000	35.473000	25.368000	15	P	P
182	0.0	0.0	0.0	20.698000	36.812000	25.689000	8	O	O
183	0.0	0.0	0.0	18.699000	35.330000	25.074000	8	O	O
184	0.0	0.0	0.0	20.972000	34.900999	24.135000	8	O	O
185	0.0	0.0	0.0	22.413000	34.849001	24.192000	6	C	C
186	0.0	0.0	0.0	22.950000	33.944000	23.111000	6	C	C
187	0.0	0.0	0.0	22.846000	32.551001	23.480000	8	O	O
188	0.0	0.0	0.0	22.224000	34.080999	21.770000	6	C	C
189	0.0	0.0	0.0	23.197000	33.955000	20.738000	8	O	O
190	0.0	0.0	0.0	21.355000	32.841000	21.715000	6	C	C
191	0.0	0.0	0.0	22.313000	31.875999	22.360000	6	C	C
192	0.0	0.0	0.0	21.827000	30.573999	22.782000	7	N	N
193	0.0	0.0	0.0	20.550000	30.188000	23.103000	6	C	C
194	0.0	0.0	0.0	20.468000	28.924999	23.429000	7	N	N
195	0.0	0.0	0.0	21.773000	28.459999	23.319000	6	C	C
196	0.0	0.0	0.0	22.320000	27.177000	23.553000	6	C	C
197	0.0	0.0	0.0	21.742000	26.149000	23.921000	8	O	O
198	0.0	0.0	0.0	23.693000	27.157000	23.318000	7	N	N
199	0.0	0.0	0.0	24.441000	28.229000	22.914000	6	C	C
200	0.0	0.0	0.0	25.750000	28.018000	22.737000	7	N	N
201	0.0	0.0	0.0	23.944000	29.427000	22.699000	7	N	N
202	0.0	0.0	0.0	22.616000	29.469999	22.919000	6	C	C
203	0.0	0.0	0.0	23.625000	35.242001	19.886000	15	P	P
204	0.0	0.0	0.0	23.590000	36.441000	20.766000	8	O	O
205	0.0	0.0	0.0	22.800000	35.214001	18.648000	8	O	O
206	0.0	0.0	0.0	25.145000	34.934999	19.531000	8	O	O
207	0.0	0.0	0.0	26.133000	34.878000	20.571000	6	C	C
208	0.0	0.0	0.0	27.063000	33.705999	20.360000	6	C	C
209	0.0	0.0	0.0	26.404000	32.448000	20.630000	8	O	O
210	0.0	0.0	0.0	27.655001	33.583000	18.960000	6	C	C
211	0.0	0.0	0.0	29.010000	33.170000	19.111000	8	O	O
212	0.0	0.0	0.0	26.840000	32.466000	18.328000	6	C	C
213	0.0	0.0	0.0	26.550000	31.573000	19.518000	6	C	C
214	0.0	0.0	0.0	25.343000	30.738001	19.447000	7	N	N
215	0.0	0.0	0.0	25.484000	29.351000	19.555000	6	C	C
216	0.0	0.0	0.0	26.615000	28.872999	19.667000	8	O	O
217	0.0	0.0	0.0	24.381000	28.570999	19.542000	7	N	N
218	0.0	0.0	0.0	23.173000	29.128000	19.427000	6	C	C
219	0.0	0.0	0.0	22.109000	28.322001	19.440000	7	N	N
220	0.0	0.0	0.0	23.002000	30.537001	19.296000	6	C	C
221	0.0	0.0	0.0	24.104000	31.297001	19.306000	6	C	C
222	0.0	0.0	0.0	30.052000	33.389000	17.918000	15	P	P
223	0.0	0.0	0.0	31.392000	33.563000	18.540000	8	O	O
224	0.0	0.0	0.0	29.516001	34.448000	17.015000	8	O	O
225	0.0	0.0	0.0	30.016001	31.997000	17.142000	8	O	O
226	0.0	0.0	0.0	30.729000	30.854000	17.650000	6	C	C
227	0.0	0.0	0.0	30.746000	29.743000	16.626000	6	C	C
228	0.0	0.0	0.0	29.538000	28.948999	16.698000	8	O	O
229	0.0	0.0	0.0	30.889000	30.187000	15.170000	6	C	C
230	0.0	0.0	0.0	31.841000	29.354000	14.501000	8	O	O
231	0.0	0.0	0.0	29.487000	30.004000	14.602000	6	C	C
232	0.0	0.0	0.0	28.923000	28.848000	15.418000	6	C	C
233	0.0	0.0	0.0	27.474001	28.872000	15.625000	7	N	N
234	0.0	0.0	0.0	26.642000	29.966999	15.566000	6	C	C
235	0.0	0.0	0.0	25.395000	29.677000	15.823000	7	N	N
236	0.0	0.0	0.0	25.397000	28.306999	16.060000	6	C	C
237	0.0	0.0	0.0	24.328000	27.421000	16.389000	6	C	C
238	0.0	0.0	0.0	23.129000	27.674999	16.544000	8	O	O
239	0.0	0.0	0.0	24.776000	26.115999	16.541000	7	N	N
240	0.0	0.0	0.0	26.072000	25.705000	16.401000	6	C	C
241	0.0	0.0	0.0	26.286000	24.399000	16.590000	7	N	N
242	0.0	0.0	0.0	27.079000	26.513000	16.099000	7	N	N
243	0.0	0.0	0.0	26.671000	27.792999	15.940000	6	C	C
244	0.0	0.0	0.0	18.947000	19.694000	17.060000	8	O	O
245	0.0	0.0	0.0	19.614000	18.700000	16.279000	6	C	C
246	0.0	0.0	0.0	21.086000	18.619000	16.606000	6	C	C
247	0.0	0.0	0.0	21.706000	19.898000	16.350000	8	O	O
248	0.0	0.0	0.0	21.401000	18.281000	18.060000	6	C	C
249	0.0	0.0	0.0	22.547000	17.434000	18.090000	8	O	O
250	0.0	0.0	0.0	21.719000	19.627000	18.684000	6	C	C
251	0.0	0.0	0.0	22.301000	20.424000	17.529000	6	C	C
252	0.0	0.0	0.0	21.972000	21.859000	17.577000	7	N	N
253	0.0	0.0	0.0	22.979000	22.797000	17.337000	6	C	C
254	0.0	0.0	0.0	24.133000	22.399000	17.115000	8	O	O
255	0.0	0.0	0.0	22.671000	24.114000	17.354000	7	N	N
256	0.0	0.0	0.0	21.418000	24.504999	17.607000	6	C	C
257	0.0	0.0	0.0	21.162000	25.813999	17.619000	7	N	N
258	0.0	0.0	0.0	20.374000	23.570000	17.861000	6	C	C
259	0.0	0.0	0.0	20.694000	22.271000	17.840000	6	C	C
260	0.0	0.0	0.0	22.966000	16.691000	19.455000	15	P	P
261	0.0	0.0	0.0	23.357000	15.303000	19.089000	8	O	O
262	0.0	0.0	0.0	21.914000	16.915000	20.483000	8	O	O
263	0.0	0.0	0.0	24.274000	17.482000	19.899000	8	O	O
264	0.0	0.0	0.0	25.328000	17.705000	18.953000	6	C	C
265	0.0	0.0	0.0	26.331000	18.693000	19.493000	6	C	C
266	0.0	0.0	0.0	25.907000	20.065000	19.313000	8	O	O
267	0.0	0.0	0.0	26.686000	18.528000	20.966000	6	C	C
268	0.0	0.0	0.0	28.096001	18.557000	21.104000	8	O	O
269	0.0	0.0	0.0	26.054000	19.742000	21.624000	6	C	C
270	0.0	0.0	0.0	26.078000	20.789000	20.522000	6	C	C
271	0.0	0.0	0.0	24.991000	21.760000	20.627000	7	N	N
272	0.0	0.0	0.0	23.680000	21.495000	20.937000	6	C	C
273	0.0	0.0	0.0	22.935000	22.567000	20.974000	7	N	N
274	0.0	0.0	0.0	23.803000	23.604000	20.665000	6	C	C
275	0.0	0.0	0.0	23.561000	24.989000	20.553000	6	C	C
276	0.0	0.0	0.0	22.496000	25.591000	20.707000	8	O	O
277	0.0	0.0	0.0	24.721000	25.691999	20.226000	7	N	N
278	0.0	0.0	0.0	25.955000	25.125000	20.030000	6	C	C
279	0.0	0.0	0.0	26.956000	25.966000	19.712000	7	N	N
280	0.0	0.0	0.0	26.194000	23.825000	20.134000	7	N	N
281	0.0	0.0	0.0	25.078000	23.129000	20.450000	6	C	C
282	0.0	0.0	0.0	28.764999	18.246000	22.522000	15	P	P
283	0.0	0.0	0.0	29.912001	17.335000	22.305000	8	O	O
284	0.0	0.0	0.0	27.711000	17.879000	23.486000	8	O	O
285	0.0	0.0	0.0	29.350000	19.660000	22.926000	8	O	O
286	0.0	0.0	0.0	30.193001	20.362000	22.013000	6	C	C
287	0.0	0.0	0.0	30.131001	21.846000	22.278000	6	C	C
288	0.0	0.0	0.0	28.806999	22.349000	22.036000	8	O	O
289	0.0	0.0	0.0	30.448000	22.259000	23.706000	6	C	C
290	0.0	0.0	0.0	31.868000	22.375000	23.828000	8	O	O
291	0.0	0.0	0.0	29.754000	23.605000	23.827000	6	C	C
292	0.0	0.0	0.0	28.620001	23.527000	22.807000	6	C	C
293	0.0	0.0	0.0	27.246000	23.517000	23.312000	7	N	N
294	0.0	0.0	0.0	26.508000	24.697001	23.236000	6	C	C
295	0.0	0.0	0.0	27.049999	25.709000	22.779000	8	O	O
296	0.0	0.0	0.0	25.231000	24.707001	23.661000	7	N	N
297	0.0	0.0	0.0	24.687000	23.597000	24.160000	6	C	C
298	0.0	0.0	0.0	23.424000	23.656000	24.574000	7	N	N
299	0.0	0.0	0.0	25.419000	22.376000	24.258000	6	C	C
300	0.0	0.0	0.0	26.687000	22.382000	23.827000	6	C	C
301	0.0	0.0	0.0	32.534000	22.598000	25.269000	15	P	P
302	0.0	0.0	0.0	33.927999	22.100000	25.213000	8	O	O
303	0.0	0.0	0.0	31.599001	22.064000	26.302000	8	O	O
304	0.0	0.0	0.0	32.583000	24.180000	25.417000	8	O	O
305	0.0	0.0	0.0	33.195000	24.990999	24.404000	6	C	C
306	0.0	0.0	0.0	32.875000	26.441999	24.654000	6	C	C
307	0.0	0.0	0.0	31.434999	26.598000	24.665000	8	O	O
308	0.0	0.0	0.0	33.372000	26.968000	26.003000	6	C	C
309	0.0	0.0	0.0	33.846001	28.309000	25.813000	8	O	O
310	0.0	0.0	0.0	32.139000	26.902000	26.893000	6	C	C
311	0.0	0.0	0.0	30.999001	27.127001	25.916000	6	C	C
312	0.0	0.0	0.0	29.757000	26.452000	26.284000	7	N	N
313	0.0	0.0	0.0	29.608999	25.174000	26.771000	6	C	C
314	0.0	0.0	0.0	28.365999	24.853001	27.000000	7	N	N
315	0.0	0.0	0.0	27.648001	25.988001	26.645000	6	C	C
316	0.0	0.0	0.0	26.245000	26.247000	26.676000	6	C	C
317	0.0	0.0	0.0	25.321000	25.497000	27.039000	8	O	O
318	0.0	0.0	0.0	25.954000	27.535000	26.227000	7	N	N
319	0.0	0.0	0.0	26.887000	28.452999	25.809000	6	C	C
320	0.0	0.0	0.0	26.413000	29.648001	25.418000	7	N	N
321	0.0	0.0	0.0	28.190001	28.223000	25.775000	7	N	N
322	0.0	0.0	0.0	28.496000	26.983000	26.203000	6	C	C
323	0.0	0.0	0.0	33.874001	29.350000	27.040000	15	P	P
324	0.0	0.0	0.0	34.944000	30.330999	26.728000	8	O	O
325	0.0	0.0	0.0	33.916000	28.601999	28.322000	8	O	O
326	0.0	0.0	0.0	32.469999	30.091999	26.932000	8	O	O
327	0.0	0.0	0.0	32.098000	30.783001	25.732000	6	C	C
328	0.0	0.0	0.0	30.979000	31.757000	26.017000	6	C	C
329	0.0	0.0	0.0	29.802000	31.025000	26.412000	8	O	O
330	0.0	0.0	0.0	31.250000	32.750000	27.145000	6	C	C
331	0.0	0.0	0.0	30.667999	33.999001	26.771000	8	O	O
332	0.0	0.0	0.0	30.548000	32.129999	28.345000	6	C	C
333	0.0	0.0	0.0	29.391001	31.360001	27.730000	6	C	C
334	0.0	0.0	0.0	29.040001	30.099001	28.384000	7	N	N
335	0.0	0.0	0.0	29.891001	29.066000	28.706000	6	C	C
336	0.0	0.0	0.0	29.285000	28.023001	29.218000	7	N	N
337	0.0	0.0	0.0	27.948000	28.399000	29.253000	6	C	C
338	0.0	0.0	0.0	26.796000	27.731001	29.682000	6	C	C
339	0.0	0.0	0.0	26.811000	26.493000	30.168000	7	N	N
340	0.0	0.0	0.0	25.615000	28.384001	29.590000	7	N	N
341	0.0	0.0	0.0	25.607000	29.625000	29.091000	6	C	C
342	0.0	0.0	0.0	26.626000	30.358999	28.647000	7	N	N
343	0.0	0.0	0.0	27.783001	29.680000	28.756000	6	C	C
344	0.0	0.0	0.0	30.853001	35.289000	27.707000	15	P	P
345	0.0	0.0	0.0	30.761000	36.499001	26.856000	8	O	O
346	0.0	0.0	0.0	32.058001	35.073000	28.546000	8	O	O
347	0.0	0.0	0.0	29.547001	35.247999	28.612000	8	O	O
348	0.0	0.0	0.0	28.256001	35.103001	27.999000	6	C	C
349	0.0	0.0	0.0	27.163000	35.076000	29.042000	6	C	C
350	0.0	0.0	0.0	26.838000	33.742001	29.512000	8	O	O
351	0.0	0.0	0.0	27.368000	35.950001	30.278000	6	C	C
352	0.0	0.0	0.0	26.211000	36.775999	30.435000	8	O	O
353	0.0	0.0	0.0	27.527000	34.937000	31.406000	6	C	C
354	0.0	0.0	0.0	26.709000	33.739000	30.929000	6	C	C
355	0.0	0.0	0.0	27.163000	32.431000	31.423000	7	N	N
356	0.0	0.0	0.0	28.455000	31.986000	31.533000	6	C	C
357	0.0	0.0	0.0	28.559000	30.768000	32.008000	7	N	N
358	0.0	0.0	0.0	27.247000	30.378000	32.227000	6	C	C
359	0.0	0.0	0.0	26.680000	29.177000	32.723000	6	C	C
360	0.0	0.0	0.0	27.398001	28.107000	33.090000	7	N	N
361	0.0	0.0	0.0	25.336000	29.114000	32.826000	7	N	N
362	0.0	0.0	0.0	24.615000	30.184000	32.451000	6	C	C
363	0.0	0.0	0.0	25.030000	31.361000	31.969000	7	N	N
364	0.0	0.0	0.0	26.372000	31.393000	31.879000	6	C	C
365	0.0	0.0	0.0	25.975000	37.597000	31.799000	15	P	P
366	0.0	0.0	0.0	25.246000	38.829000	31.428000	8	O	O
367	0.0	0.0	0.0	27.257000	37.687000	32.551000	8	O	O
368	0.0	0.0	0.0	24.969000	36.663000	32.600000	8	O	O
369	0.0	0.0	0.0	23.813000	36.135000	31.931000	6	C	C
370	0.0	0.0	0.0	22.969000	35.313000	32.875000	6	C	C
371	0.0	0.0	0.0	23.567000	34.018000	33.141000	8	O	O
372	0.0	0.0	0.0	22.656000	35.944000	34.232000	6	C	C
373	0.0	0.0	0.0	21.259000	35.780001	34.498000	8	O	O
374	0.0	0.0	0.0	23.505000	35.134001	35.200000	6	C	C
375	0.0	0.0	0.0	23.567000	33.767000	34.536000	6	C	C
376	0.0	0.0	0.0	24.758000	32.957001	34.851000	7	N	N
377	0.0	0.0	0.0	24.555000	31.684000	35.341000	6	C	C
378	0.0	0.0	0.0	23.446000	31.207001	35.517000	8	O	O
379	0.0	0.0	0.0	25.702000	30.985001	35.611000	7	N	N
380	0.0	0.0	0.0	27.000999	31.414000	35.438000	6	C	C
381	0.0	0.0	0.0	27.931000	30.662001	35.715000	8	O	O
382	0.0	0.0	0.0	27.145000	32.760000	34.923000	6	C	C
383	0.0	0.0	0.0	28.518000	33.316000	34.713000	6	C	C
384	0.0	0.0	0.0	26.030000	33.454000	34.658000	6	C	C
385	0.0	0.0	0.0	20.574000	36.535999	35.742000	15	P	P
386	0.0	0.0	0.0	19.325000	37.171000	35.257000	8	O	O
387	0.0	0.0	0.0	21.592000	37.364000	36.425000	8	O	O
388	0.0	0.0	0.0	20.174000	35.320000	36.684000	8	O	O
389	0.0	0.0	0.0	19.557000	34.162001	36.114000	6	C	C
390	0.0	0.0	0.0	19.540000	33.023001	37.101000	6	C	C
391	0.0	0.0	0.0	20.833000	32.384001	37.220000	8	O	O
392	0.0	0.0	0.0	19.091000	33.365000	38.520000	6	C	C
393	0.0	0.0	0.0	18.182000	32.334000	38.925000	8	O	O
394	0.0	0.0	0.0	20.388000	33.320000	39.324000	6	C	C
395	0.0	0.0	0.0	21.179000	32.243999	38.591000	6	C	C
396	0.0	0.0	0.0	22.654000	32.250999	38.684000	7	N	N
397	0.0	0.0	0.0	23.267000	31.073000	39.054000	6	C	C
398	0.0	0.0	0.0	22.647000	30.061001	39.340000	8	O	O
399	0.0	0.0	0.0	24.638000	31.121000	39.076000	7	N	N
400	0.0	0.0	0.0	25.441000	32.205000	38.775000	6	C	C
401	0.0	0.0	0.0	26.664000	32.097000	38.827000	8	O	O
402	0.0	0.0	0.0	24.734000	33.412001	38.411000	6	C	C
403	0.0	0.0	0.0	25.524000	34.636999	38.075000	6	C	C
404	0.0	0.0	0.0	23.391000	33.377001	38.388000	6	C	C
405	0.0	0.0	0.0	17.100000	32.613001	40.076000	15	P	P
406	0.0	0.0	0.0	15.832000	31.975000	39.660000	8	O	O
407	0.0	0.0	0.0	17.125000	34.056000	40.429000	8	O	O
408	0.0	0.0	0.0	17.700000	31.781000	41.283000	8	O	O
409	0.0	0.0	0.0	19.091000	31.509001	41.305000	6	C	C
410	0.0	0.0	0.0	19.371000	30.270000	42.110001	6	C	C
411	0.0	0.0	0.0	20.773000	29.975000	41.964000	8	O	O
412	0.0	0.0	0.0	19.120000	30.450001	43.601999	6	C	C
413	0.0	0.0	0.0	18.644000	29.214001	44.139000	8	O	O
414	0.0	0.0	0.0	20.488000	30.823000	44.148001	6	C	C
415	0.0	0.0	0.0	21.462000	30.149000	43.190001	6	C	C
416	0.0	0.0	0.0	22.662000	30.940001	42.893999	7	N	N
417	0.0	0.0	0.0	23.904000	30.316000	42.968000	6	C	C
418	0.0	0.0	0.0	23.948000	29.122999	43.299999	8	O	O
419	0.0	0.0	0.0	25.023000	31.025000	42.674999	7	N	N
420	0.0	0.0	0.0	24.924000	32.308001	42.323000	6	C	C
421	0.0	0.0	0.0	26.047000	32.965000	42.037001	7	N	N
422	0.0	0.0	0.0	23.666000	32.974001	42.247000	6	C	C
423	0.0	0.0	0.0	22.570000	32.257999	42.540001	6	C	C
424	0.0	0.0	0.0	17.846000	29.197001	45.531000	15	P	P
425	0.0	0.0	0.0	16.987000	27.979000	45.555000	8	O	O
426	0.0	0.0	0.0	17.242000	30.535000	45.749001	8	O	O
427	0.0	0.0	0.0	19.002000	29.007999	46.608000	8	O	O
428	0.0	0.0	0.0	19.725000	27.767000	46.702999	6	C	C
429	0.0	0.0	0.0	20.901000	27.919001	47.638000	6	C	C
430	0.0	0.0	0.0	21.960000	28.695999	47.030001	8	O	O
431	0.0	0.0	0.0	20.578000	28.611000	48.965000	6	C	C
432	0.0	0.0	0.0	21.359000	27.969999	49.969999	8	O	O
433	0.0	0.0	0.0	21.125000	30.014999	48.771999	6	C	C
434	0.0	0.0	0.0	22.351000	29.702000	47.947001	6	C	C
435	0.0	0.0	0.0	22.989000	30.791000	47.219000	7	N	N
436	0.0	0.0	0.0	22.431000	31.964001	46.775000	6	C	C
437	0.0	0.0	0.0	23.294000	32.742001	46.176001	7	N	N
438	0.0	0.0	0.0	24.489000	32.035000	46.226000	6	C	C
439	0.0	0.0	0.0	25.777000	32.367001	45.746000	6	C	C
440	0.0	0.0	0.0	26.142000	33.386999	45.156000	8	O	O
441	0.0	0.0	0.0	26.698000	31.361000	46.014999	7	N	N
442	0.0	0.0	0.0	26.418000	30.188000	46.660000	6	C	C
443	0.0	0.0	0.0	27.438999	29.341999	46.822001	7	N	N
444	0.0	0.0	0.0	25.223000	29.867001	47.114000	7	N	N
445	0.0	0.0	0.0	24.314000	30.829000	46.863001	6	C	C
446	0.0	0.0	0.0	20.863000	27.940001	51.493000	15	P	P
447	0.0	0.0	0.0	19.734000	26.995001	51.582001	8	O	O
448	0.0	0.0	0.0	20.694000	29.341000	51.966999	8	O	O
449	0.0	0.0	0.0	22.118000	27.304001	52.240000	8	O	O
450	0.0	0.0	0.0	22.665000	26.042000	51.809999	6	C	C
451	0.0	0.0	0.0	24.164000	26.142000	51.621000	6	C	C
452	0.0	0.0	0.0	24.499000	26.975000	50.493999	8	O	O
453	0.0	0.0	0.0	24.951000	26.728001	52.784000	6	C	C
454	0.0	0.0	0.0	25.247000	25.716000	53.747000	8	O	O
455	0.0	0.0	0.0	26.218000	27.228001	52.115999	6	C	C
456	0.0	0.0	0.0	25.729000	27.660000	50.742001	6	C	C
457	0.0	0.0	0.0	25.480000	29.101000	50.579000	7	N	N
458	0.0	0.0	0.0	26.528000	29.924000	50.176001	6	C	C
459	0.0	0.0	0.0	27.646999	29.424999	50.004999	8	O	O
460	0.0	0.0	0.0	26.295000	31.239000	49.982000	7	N	N
461	0.0	0.0	0.0	25.072000	31.736000	50.187000	6	C	C
462	0.0	0.0	0.0	24.878000	33.041000	49.983000	7	N	N
463	0.0	0.0	0.0	23.995000	30.920000	50.613001	6	C	C
464	0.0	0.0	0.0	24.239000	29.625000	50.799000	6	C	C
465	0.0	0.0	0.0	25.643000	26.139999	55.239000	15	P	P
466	0.0	0.0	0.0	25.570000	24.915001	56.075001	8	O	O
467	0.0	0.0	0.0	24.815000	27.330999	55.594000	8	O	O
468	0.0	0.0	0.0	27.165001	26.600000	55.129000	8	O	O
469	0.0	0.0	0.0	28.211000	25.674000	54.790001	6	C	C
470	0.0	0.0	0.0	29.493000	26.431000	54.528999	6	C	C
471	0.0	0.0	0.0	29.285999	27.325001	53.415001	8	O	O
472	0.0	0.0	0.0	29.916000	27.327999	55.688999	6	C	C
473	0.0	0.0	0.0	30.739000	26.558001	56.556999	8	O	O
474	0.0	0.0	0.0	30.648001	28.465000	55.000999	6	C	C
475	0.0	0.0	0.0	29.914000	28.580999	53.663000	6	C	C
476	0.0	0.0	0.0	28.882000	29.615000	53.576000	7	N	N
477	0.0	0.0	0.0	27.559000	29.500000	53.931999	6	C	C
478	0.0	0.0	0.0	26.870000	30.586000	53.707001	7	N	N
479	0.0	0.0	0.0	27.795000	31.472000	53.174999	6	C	C
480	0.0	0.0	0.0	27.629000	32.802000	52.731001	6	C	C
481	0.0	0.0	0.0	26.600000	33.476999	52.707001	8	O	O
482	0.0	0.0	0.0	28.826000	33.343000	52.273001	7	N	N
483	0.0	0.0	0.0	30.031000	32.684999	52.245001	6	C	C
484	0.0	0.0	0.0	31.082001	33.386999	51.775000	7	N	N
485	0.0	0.0	0.0	30.197001	31.436001	52.646999	7	N	N
486	0.0	0.0	0.0	29.042999	30.893999	53.098000	6	C	C
