polyacrylamide by Elsa Perrin, as given to Maximilien Levesque 6/6/2016
202
#	q	sigma(Å)	epsilon(kJ/mol)	x	y	z	Z
1	2.7763	3.88	0.23	12.5161348817	14.947920605	22.6876068139	12
2	0.0386	3.88	0.23	14.4445649349	13.5743367728	21.900386086	12
3	-0.0417	2.36	0.092	13.9359394459	13.9406334105	24.0090722995	1
4	0.0137	2.36	0.092	13.632396876	13.0025670688	21.4647858037	1
5	-0.0276	2.36	0.092	14.7891182479	14.2416691098	21.1047648661	1
6	-1.8594	3.03	0.5	11.5736096246	14.7431528646	23.4360732542	16
7	-1.8726	3.03	0.5	14.1308863679	10.939082304	23.1941704053	16
8	0.0322	3.88	0.23	15.6318944852	12.6927532701	22.4470088011	12
9	0.0552	3.88	0.23	13.9474124102	14.4854130384	23.0694392394	12
10	-2.9725	3.3	0.83	12.3674758019	15.7871430486	21.4429719738	14
11	0.9983	2.36	0.092	11.5162079243	16.4549653524	21.3334177563	1
12	-0.0035	2.36	0.092	16.3593375211	13.2881272175	22.9936901611	1
13	0.9995	2.36	0.092	13.1126687427	15.6299217901	20.683361009	1
14	0.0863	2.36	0.092	14.8716334704	16.2838436386	22.4761238529	1
15	0.0207	3.88	0.23	14.8354356273	15.6973704891	23.3589105252	12
16	-0.0043	2.36	0.092	15.8225199169	15.2075706999	23.6731476203	1
17	-0.0651	3.88	0.23	14.4093939669	16.6765312745	24.4146561939	12
18	-1.9005	3.03	0.5	14.0953863874	18.8300565338	23.3850024108	16
19	2.8604	3.88	0.23	14.8719846132	18.0897980536	23.9762128409	12
20	-0.0501	2.36	0.092	16.2668609671	16.1265776398	32.2584067105	1
21	0.0381	2.36	0.092	13.3111636667	16.9222809823	24.5051450334	1
22	2.8052	3.88	0.23	15.210435283	11.5180309381	23.2518982492	12
23	0.0137	2.36	0.092	15.55034295	13.4696203838	35.895883359	1
24	0.0386	3.88	0.23	16.0621913443	13.7477091022	34.9249918251	12
25	-3.006	3.3	0.83	16.3674357067	18.2529070603	23.7893669777	14
26	0.0322	3.88	0.23	15.1738435981	14.7840988393	34.2319434175	12
27	0.9995	2.36	0.092	15.0661548955	11.8751413693	31.8127966209	1
28	0.0388	3.88	0.23	15.6706035748	13.5498979712	27.3806478901	12
29	0.9992	2.36	0.092	13.0921197545	11.1473550576	27.086471727	1
30	-2.9467	3.3	0.83	13.716549948	12.0185591427	26.8416867618	14
31	2.7354	3.88	0.23	14.8268338336	12.3827652557	27.8305068209	12
32	-1.853	3.03	0.5	15.1377830643	11.7139662584	28.7795859551	16
33	0.9995	2.36	0.092	13.7526658374	12.5432635924	25.9183299495	1
34	0.0242	2.36	0.092	15.9389346345	13.4474928855	26.2946759151	1
35	0.999	2.36	0.092	16.1120359015	10.1025039138	24.7712403024	1
36	0.0712	3.88	0.23	16.0025409589	16.8212680726	33.1255555413	12
37	0.9983	2.36	0.092	14.0687067014	10.4238606937	32.3028632057	1
38	-2.9725	3.3	0.83	14.7371979696	11.1911519405	32.5470283769	14
39	0.0434	2.36	0.092	16.2557141997	11.197311948	20.9972125164	1
40	-0.0417	2.36	0.092	16.3414612627	12.9262506844	32.9930776512	1
41	0.9998	2.36	0.092	15.015131413	16.3293356007	30.7570805895	1
42	-0.0069	2.36	0.092	16.1211422247	12.8864150369	20.2948721931	1
43	-0.0035	2.36	0.092	15.1303786319	14.6127846559	33.1610307387	1
44	0.0434	2.36	0.092	15.2457007382	16.9511590899	35.0041800877	1
45	0.0131	2.36	0.092	14.4376998267	14.6832593562	28.6862412096	1
46	-1.8477	3.03	0.5	14.2184041922	18.4728577675	33.1829670568	16
47	2.7069	3.88	0.23	14.7656250613	17.5002269314	32.7129101797	12
48	0.0199	2.36	0.092	13.6374653199	14.7278979108	26.136925997	1
49	-0.0706	2.36	0.092	16.029385515	15.8252603657	25.4829784132	1
50	-0.0408	2.36	0.092	15.3542926327	17.2034988704	26.3946410958	1
51	0.0085	2.36	0.092	15.8117548853	15.6080829122	28.0145553268	1
52	0.9998	2.36	0.092	12.2860248336	14.8012369861	28.3656739709	1
53	-3.0052	3.3	0.83	12.3434453283	15.8614160324	28.3570530479	14
54	0.9987	2.36	0.092	11.8982163023	16.4859795802	29.1631769856	1
55	0.1337	3.88	0.23	15.1020054498	16.3396942273	25.7293582925	12
56	0.0317	3.88	0.23	15.8037040379	16.1335362421	34.4971005503	12
57	-2.962	3.3	0.83	14.4661209019	17.1163965346	31.3082351998	14
58	-1.8558	3.03	0.5	13.4431994279	17.7461384573	27.3706676314	16
59	2.7981	3.88	0.23	13.3263484574	16.5173625869	27.451665267	12
60	0.0258	3.88	0.23	14.2292195859	15.5064201668	26.6351432055	12
61	0.0066	3.88	0.23	15.0886791517	14.8769620611	27.7600474093	12
62	0.9991	2.36	0.092	13.736249194	17.7558707931	30.9321475968	1
63	0.0552	3.88	0.23	16.1858258919	12.5182932676	33.9884312645	12
64	-2.9979	3.3	0.83	16.3247738999	10.9332253457	24.1975415776	14
65	2.8052	3.88	0.23	13.8454593604	14.7583558797	34.8668270013	12
66	-1.8726	3.03	0.5	13.6477698243	14.8564382346	36.0999120731	16
67	0.9996	2.36	0.092	12.9865883079	14.1875693177	32.8864065181	1
68	2.7763	3.88	0.23	14.9335693664	11.6138603333	33.9988983784	12
69	-2.9979	3.3	0.83	12.7404263595	14.7109373489	33.83102756	14
70	-1.8594	3.03	0.5	14.5516338395	10.9697810057	34.9499160186	16
71	0.999	2.36	0.092	11.7726250792	14.793858399	34.200869082	1
72	0.0317	3.88	0.23	16.4684386158	12.2738881626	21.1809923654	12
73	-1.853	3.03	0.5	16.6129463006	6.7881432928	34.0061703892	16
74	-0.0501	2.36	0.092	18.2336778032	12.7178535893	22.4428511017	1
75	0.0712	3.88	0.23	17.9403871784	12.5527682448	21.4081061448	12
76	-1.8477	3.03	0.5	18.4782249319	10.9620016002	19.7737036356	16
77	2.7069	3.88	0.23	18.6444441415	11.3507224751	20.8859202166	12
78	-2.962	3.3	0.83	19.6021055813	10.7290277344	21.8905346918	14
79	0.9991	2.36	0.092	20.029890726	9.7722813837	21.6816765545	1
80	0.9998	2.36	0.092	19.8372263276	11.212732819	22.8090697973	1
81	0.0048	2.36	0.092	20.6859489903	13.6385932844	21.3874157672	1
82	0.0201	3.88	0.23	18.4052642397	13.8372871934	20.6801826646	12
83	0.0417	2.36	0.092	18.3364688526	13.5776964193	19.558777087	1
84	0.0068	2.36	0.092	24.2391385317	16.4302658719	22.7550365017	1
85	0.0026	2.36	0.092	17.6011465442	14.6562111295	20.8998235415	1
86	-0.021	2.36	0.092	25.2299280405	14.7765107974	21.106268002	1
87	0.0764	3.88	0.23	24.7025001705	15.4981022715	23.1817214455	12
88	0.1016	3.88	0.23	25.666771274	15.1038349163	22.026720078	12
89	0.1016	3.88	0.23	16.9803594646	13.2836811528	28.2310083905	12
90	-0.0115	2.36	0.092	18.4190423715	6.9452687338	31.416338019	1
91	0.0388	3.88	0.23	17.5694811811	7.3743120002	31.9063429623	12
92	0.0417	2.36	0.092	17.0421178589	18.6494776424	33.7872392959	1
93	0.9988	2.36	0.092	16.8003589547	19.2205795711	23.4423751928	1
94	-0.0217	2.36	0.092	26.2716387992	14.2626619684	22.3587497933	1
95	-0.0532	2.36	0.092	26.3170221832	15.9475067374	21.7996032056	1
96	0.0575	3.88	0.23	23.6770797495	14.4822564554	23.7351902099	12
97	0.0461	2.36	0.092	24.2702517446	13.8240735924	24.4257042722	1
98	0.0044	2.36	0.092	21.1492794758	13.7794851688	23.6994725232	1
99	-1.8653	3.03	0.5	21.6314016546	14.9864477466	19.6597678293	16
100	0.0307	3.88	0.23	19.7922073061	14.3404964623	21.0992314228	12
101	2.75	3.88	0.23	20.4125326783	15.0598333019	19.9148529221	12
102	-2.9714	3.3	0.83	19.4639373458	15.9731340864	19.2069534023	14
103	0.0562	3.88	0.23	19.5237659992	15.3063931474	22.2483085972	12
104	-0.0158	2.36	0.092	18.7409794088	14.9141117878	22.9626135116	1
105	0.0031	2.36	0.092	19.2318059449	16.3121519963	21.7710522888	1
106	1	2.36	0.092	21.3907096728	19.1771131981	22.6671381458	1
107	0.0252	2.36	0.092	21.684088326	15.7079072177	22.1353243876	1
108	0.0008	3.88	0.23	20.846922252	15.7422103752	22.860706365	12
109	-2.9974	3.3	0.83	21.4613852785	18.137485393	22.4015793899	14
110	0.9993	2.36	0.092	22.1941841136	17.7644367532	21.7026859585	1
111	2.7573	3.88	0.23	20.6901832234	17.2452386711	23.2594592293	12
112	-1.8475	3.03	0.5	19.8050794253	17.5369564514	24.0763258922	16
113	0.1028	3.88	0.23	21.1850738634	14.8173093632	24.0246459576	12
114	0.0429	3.88	0.23	22.5574564403	15.1543938603	24.691481024	12
115	0.9996	2.36	0.092	19.8809894835	16.429041903	18.3796513226	1
116	0.9989	2.36	0.092	18.4005146855	16.1114587668	19.4045689621	1
117	-2.9605	3.3	0.83	25.2197285617	17.1387854062	25.0391119285	14
118	0.9999	2.36	0.092	24.3000964468	17.5147971447	24.812958725	1
119	-0.0218	2.36	0.092	22.6396714611	16.2003599138	24.7863456704	1
120	0.9996	2.36	0.092	22.7524248255	16.6289924385	26.8281543052	1
121	-0.0449	2.36	0.092	20.3523511476	14.8234898984	24.6681023553	1
122	0.0863	2.36	0.092	16.9652185291	10.6290187463	34.4239782005	1
123	-1.8952	3.03	0.5	26.5976017481	15.2538973259	24.6698285985	16
124	2.7562	3.88	0.23	25.6579135303	15.9334601008	24.2546576019	12
125	0.9986	2.36	0.092	25.865467562	17.4672144477	25.8324084528	1
126	0.0131	2.36	0.092	17.1072640912	9.2996602531	30.9294143561	1
127	-0.0529	2.36	0.092	23.2337670605	13.9586955132	22.8967507448	1
128	-1.8952	3.03	0.5	18.5132302832	12.9441482048	25.2861907999	16
129	-1.8558	3.03	0.5	18.9592441651	9.495942301	29.6795278421	16
130	0.9988	2.36	0.092	20.1721324794	14.7058144904	34.828702008	1
131	0.9987	2.36	0.092	21.4084082602	8.7445581229	29.8333805689	1
132	0.0258	3.88	0.23	18.7728515173	9.6550502911	32.0949395826	12
133	0.1337	3.88	0.23	18.5285008034	11.1472577462	32.2149304675	12
134	2.7981	3.88	0.23	19.5130883577	9.459103905	30.7445557752	12
135	-2.9605	3.3	0.83	19.6323232557	11.7953714767	27.0090287711	14
136	-1.9005	3.03	0.5	18.7032067101	14.0110095915	32.5921181406	16
137	-0.021	2.36	0.092	17.254204866	12.2548063035	28.2002599751	1
138	0.9999	2.36	0.092	20.177944678	11.2312133514	26.252136801	1
139	0.9986	2.36	0.092	19.8782789684	11.7226755159	28.0179895024	1
140	2.7562	3.88	0.23	18.5494873602	12.8131069385	26.5083943214	12
141	-3.0052	3.3	0.83	20.9134205547	8.8159009084	30.7561445945	14
142	2.8604	3.88	0.23	19.0964074788	13.1896726888	33.4380485058	12
143	0.9998	2.36	0.092	21.3919263219	8.825068612	31.6821136519	1
144	0.0199	2.36	0.092	19.4412428394	9.293866633	32.9246123171	1
145	-3.006	3.3	0.83	19.9144485278	13.6583387626	34.7271430402	14
146	-0.0706	2.36	0.092	17.5508049787	11.4284601135	31.771591187	1
147	-0.0408	2.36	0.092	19.3129993065	11.6250689816	31.5915591969	1
148	0.9995	2.36	0.092	20.2690456262	12.9007188002	35.3576604197	1
149	-0.0651	3.88	0.23	18.6395021318	11.7465415211	33.6575075885	12
150	0.0381	2.36	0.092	19.3918126169	11.2104153079	34.2020140824	1
151	0.0026	2.36	0.092	18.0027833978	17.1028699314	33.9013114936	1
152	-2.9714	3.3	0.83	17.9292971243	20.4381312103	31.0537681346	14
153	0.9996	2.36	0.092	17.0738694744	17.4203749554	28.6730146543	1
154	0.9995	2.36	0.092	19.7776567956	6.5996370113	33.2047471895	1
155	-3.0244	3.3	0.83	22.7508357292	15.6005088355	27.1238274825	14
156	0.9996	2.36	0.092	22.7989432213	15.2962135023	28.1691531416	1
157	2.7994	3.88	0.23	22.4583452781	14.5249467986	26.0946174313	12
158	-0.0529	2.36	0.092	19.3680866872	13.5986608589	29.2121039254	1
159	0.0764	3.88	0.23	18.1631600838	13.950077544	27.4317937367	12
160	-1.8617	3.03	0.5	22.4125931729	13.3239984705	26.3880330543	16
161	2.75	3.88	0.23	18.519237922	19.5897237113	32.2151217149	12
162	0.0461	2.36	0.092	20.1924471458	14.3953220879	27.8083270366	1
163	0.0575	3.88	0.23	19.2812469877	14.3174632467	28.3838701666	12
164	-2.9974	3.3	0.83	22.0330881845	19.0374075635	30.6329838936	14
165	1	2.36	0.092	21.3006701923	19.6731885036	30.1432744629	1
166	-1.8617	3.03	0.5	20.0184597597	17.0551217806	27.2554561987	16
167	0.0252	2.36	0.092	19.9212126791	18.1048102866	29.9409685581	1
168	0.0068	2.36	0.092	17.6525380085	14.8259109434	26.8753839984	1
169	-1.8475	3.03	0.5	22.4368533526	16.86375662	31.578259907	16
170	0.9996	2.36	0.092	17.7325237908	18.2432416267	27.1140705214	1
171	2.7573	3.88	0.23	21.5801697502	17.6397767795	31.0927233186	12
172	0.1028	3.88	0.23	20.259584684	15.8854760385	30.011178027	12
173	0.0044	2.36	0.092	20.2395341619	15.1163267179	30.7663705637	1
174	-0.0449	2.36	0.092	21.2348653751	15.5818592701	29.5226917333	1
175	2.7994	3.88	0.23	19.0318301809	16.7057563709	27.9237042348	12
176	0.0429	3.88	0.23	19.0406577071	15.6785711526	29.0218087597	12
177	0.0008	3.88	0.23	20.1984497273	17.2946375435	30.6561545296	12
178	-3.0244	3.3	0.83	17.752150981	17.4679555564	27.8554869904	14
179	-0.0218	2.36	0.092	18.0850072013	15.6792429699	29.624447304	1
180	0.0562	3.88	0.23	19.3120722158	17.2921755734	31.919859647	12
181	0.9993	2.36	0.092	23.0332064405	19.3316045539	30.7986979504	1
182	0.0307	3.88	0.23	18.0510892159	18.1187592755	32.00301706	12
183	-0.0158	2.36	0.092	18.9765101446	16.1637890025	32.2126806998	1
184	0.0048	2.36	0.092	17.4576532931	17.9667014442	31.0552015212	1
185	0.9995	2.36	0.092	16.9904494654	17.5234046647	24.2496130297	1
186	0.0201	3.88	0.23	17.317020997	17.7600258086	33.24571882	12
187	-0.0276	2.36	0.092	17.081443303	14.1138060443	35.0230530771	1
188	0.0031	2.36	0.092	19.9306484684	17.4984514964	32.8141270941	1
189	0.9992	2.36	0.092	19.0959674445	6.1273726755	34.8519579471	1
190	0.0207	3.88	0.23	17.3138318859	11.6900899071	34.4125205803	12
191	-0.0043	2.36	0.092	17.4438133979	11.9765290266	35.4791057524	1
192	0.9989	2.36	0.092	18.4213127599	21.3613006898	30.8725567092	1
193	0.9996	2.36	0.092	17.3458895374	19.9571258113	30.3618061164	1
194	-1.8653	3.03	0.5	19.3647541074	20.0738888475	33.0003716854	16
195	2.7354	3.88	0.23	17.6494934613	6.9686593899	33.3510955888	12
196	-2.9467	3.3	0.83	19.0210932008	6.5842359521	33.8665412452	14
197	0.0066	3.88	0.23	17.4135799305	8.9485699519	31.9267401908	12
198	-0.0532	2.36	0.092	16.9221745886	13.5485021234	29.2725539189	1
199	-0.0069	2.36	0.092	16.8353285662	16.0096961349	34.8811590933	1
200	0.0085	2.36	0.092	16.7602347884	9.2557712391	32.7543671311	1
201	0.9996	2.36	0.092	17.2611769927	11.4311436906	24.1245500943	1
202	0.0242	2.36	0.092	16.8169742162	6.9105478734	31.327355085	1

