Pyrophillite, as small a supercell can be while being orthorhombique, as given by Virginie Marry, 2012 dec 8 Lx=,Ly=,Lz=
40 5
#    charge     sigma     epsilon       x          y         z       Zatomic   Name  Surname
1   1.57500    4.27120    0.00000    1.72700    8.97000   -2.68000     13       Al     Alp
1   1.57500    4.27120    0.00000    1.72700    2.99000   -2.68000     13       Al     Alp
1   1.57500    4.27120    0.00000    4.31700    4.48500   -2.68000     13       Al     Alp
1   1.57500    4.27120    0.00000    4.31700    7.47500   -2.68000     13       Al     Alp
2   2.10000    3.30203    0.00000    0.00000    2.99000    0.00000     14       Si     Sip
2   2.10000    3.30203    0.00000    0.00000    5.98000    0.00000     14       Si     Sip
2   2.10000    3.30203    0.00000    2.59000    1.49500    0.00000     14       Si     Sip
2   2.10000    3.30203    0.00000    2.59000    7.47500    0.00000     14       Si     Sip
2   2.10000    3.30203    0.00000    0.86300    1.49500   -5.36000     14       Si     Sip
2   2.10000    3.30203    0.00000    0.86300    4.48500   -5.36000     14       Si     Sip
2   2.10000    3.30203    0.00000    3.45300    0.00000   -5.36000     14       Si     Sip
2   2.10000    3.30203    0.00000    3.45300    5.98000   -5.36000     14       Si     Sip
3  -1.05000    3.16554    0.65019    1.29500    2.24300    0.59000      8        O      Op
3  -1.05000    3.16554    0.65019    3.88500    2.24300    0.59000      8        O      Op
3  -1.05000    3.16554    0.65019    3.88500    6.72800    0.59000      8        O      Op
3  -1.05000    3.16554    0.65019    1.29500    6.72800    0.59000      8        O      Op
3  -1.05000    3.16554    0.65019    0.00000    4.48500    0.59000      8        O      Op
3  -1.05000    3.16554    0.65019    2.59000    8.97000    0.59000      8        O      Op
3  -1.05000    3.16554    0.65019    2.15800    0.74800   -5.95000      8        O      Op
3  -1.05000    3.16554    0.65019    2.15800    5.23200   -5.95000      8        O      Op
3  -1.05000    3.16554    0.65019    4.74800    0.74800   -5.95000      8        O      Op
3  -1.05000    3.16554    0.65019    4.74800    5.23200   -5.95000      8        O      Op
3  -1.05000    3.16554    0.65019    3.45300    7.47500   -5.95000      8        O      Op
3  -1.05000    3.16554    0.65019    0.86300    2.99000   -5.95000      8        O      Op
3  -1.05000    3.16554    0.65019    0.00000    2.99000   -1.59000      8        O      Op
3  -1.05000    3.16554    0.65019    2.59000    1.49500   -1.59000      8        O      Op
3  -1.05000    3.16554    0.65019    2.59000    7.47500   -1.59000      8        O      Op
3  -1.05000    3.16554    0.65019    0.00000    5.98000   -1.59000      8        O      Op
3  -1.05000    3.16554    0.65019    0.86300    1.49500   -3.77000      8        O      Op
3  -1.05000    3.16554    0.65019    0.86300    4.48500   -3.77000      8        O      Op
3  -1.05000    3.16554    0.65019    3.45300    5.98000   -3.77000      8        O      Op
3  -1.05000    3.16554    0.65019    3.45300    8.97000   -3.77000      8        O      Op
4  -0.95000    3.16554    0.65019    2.59000    4.48500   -1.59000      8        O      Op
4  -0.95000    3.16554    0.65019    0.00000    8.97000   -1.59000      8        O      Op
4  -0.95000    3.16554    0.65019    3.45300    2.99000   -3.77000      8        O      Op
4  -0.95000    3.16554    0.65019    0.86300    7.47500   -3.77000      8        O      Op
5   0.42500    0.00000    0.00000    2.12700    5.28500   -1.68000      1        H      Hp
5   0.42500    0.00000    0.00000   -0.46300    9.77000   -1.68000      1        H      Hp
5   0.42500    0.00000    0.00000    1.32600    6.67500   -3.68000      1        H      Hp
5   0.42500    0.00000    0.00000    3.91600    2.19000   -3.68000      1        H      Hp
