
15
#    charge    sigma    epsilon    x    y    z    Z    TOLUENE, Chipot et al., JACS 118, 11219 (1996)
-0.189    1.90800    0.35980    1.38500    0.000000    0.000000    6
 0.15100    1.45900    0.06276    2.462000    0.000000    0.000000    1     H1
-0.128    1.90800    0.35980    0.69300    -1.200000    0.000000    6     C2
-0.128    1.90800    0.35980    0.69300    1.200000    0.000000    6     C2
 0.14700    1.45900    0.06276    1.231000    -2.132000    0.000000    1     H2
 0.14700    1.45900    0.06276    1.231000    2.132000    0.000000    1     H2
-0.279    1.90800    0.35980    -0.69300    -1.200000    0.000000    6     C3
-0.279    1.90800    0.35980    -0.69300    1.200000    0.000000    6     C3
 0.15800    1.45900    0.06276    -1.231000    -2.132000    0.000000    1     H3
 0.15800    1.45900    0.06276    -1.231000    2.132000    0.000000    1     H3
 0.35300    1.90800    0.35980    -1.385000    0.000000    0.000000    6     C4
-0.574    1.90800    0.45773    -2.89600    0.000000    0.000000    6     CT
 0.15400    1.48700    0.06569    -3.257000    1.022000    0.000000    1     HC1        
 0.15400    1.48700    0.06569    -3.257000    -0.511500    -0.885900    1     HC2
 0.15400    1.48700    0.06569    -3.257000    -0.511500    0.885900    1     HC3
