Urea, Bertran et al., J. Braz. Chem. Soc. 13 (2), 238-244 (2002)
8
#    q        sigma     epsilon     x            y           z        Z 
1  -0.39     2.96000    0.87900   -1.30420   -0.000800    0.000000    8   
2   0.142    3.75000    0.43900   -0.07490   -0.000100    0.000000    6   
3  -0.542    3.25000    0.71100    0.68880    1.148900    0.000000    7   
4  -0.542    3.25000    0.71100    0.69030   -1.147900    0.000000    7   
5   0.333    0.00000    0.00000    1.70410   -1.111100    0.000000    1   
6   0.333    0.00000    0.00000    0.26050   -2.066900    0.000000    1   
7   0.333    0.00000    0.00000    0.25780    2.067200    0.000000    1   
8   0.333    0.00000    0.00000    1.70260    1.113400    0.000000    1   
