









 alpha           1
 m               0
 n               0
 mu              0
 nu              0
 khi             0

   0.0000000000000000      ( -14.6487198    ,  0.00000000    )
   6.1358999999999997E-002 ( -14.6820927    ,  0.00000000    )
  0.12271799999999999      ( -14.7552271    ,  0.00000000    )
  0.18407799999999999      ( -14.8252888    ,  0.00000000    )
  0.24543699999999999      ( -14.8516283    ,  0.00000000    )
  0.30679600000000001      ( -14.8005342    ,  0.00000000    )
  0.36815500000000001      ( -14.6479826    ,  0.00000000    )
  0.42951499999999998      ( -14.3803558    ,  0.00000000    )
  0.49087399999999998      ( -13.9952011    ,  0.00000000    )
  0.55223299999999997      ( -13.4975863    ,  0.00000000    )
  0.61359200000000003      ( -12.8979616    ,  0.00000000    )
  0.67495200000000000      ( -12.2105627    ,  0.00000000    )
  0.73631100000000005      ( -11.4498892    ,  0.00000000    )
  0.79766999999999999      ( -10.6307468    ,  0.00000000    )
  0.85902900000000004      ( -9.76785564    ,  0.00000000    )
  0.92038799999999998      ( -8.87537289    ,  0.00000000    )
  0.98174799999999995      ( -7.96804667    ,  0.00000000    )
   1.0431070000000000      ( -7.06107044    ,  0.00000000    )
   1.1044659999999999      ( -6.17000055    ,  0.00000000    )
   1.1658249999999999      ( -5.31010389    ,  0.00000000    )
   1.2271850000000000      ( -4.49553204    ,  0.00000000    )
   1.2885439999999999      ( -3.73843813    ,  0.00000000    )
   1.3499030000000001      ( -3.04820609    ,  0.00000000    )
   1.4112620000000000      ( -2.43120265    ,  0.00000000    )
   1.4726220000000001      ( -1.89070809    ,  0.00000000    )
   1.5339810000000000      ( -1.42722571    ,  0.00000000    )
   1.5953400000000000      ( -1.03893971    ,  0.00000000    )
   1.6566989999999999      (-0.722053647    ,  0.00000000    )
   1.7180580000000001      (-0.471159399    ,  0.00000000    )
   1.7794179999999999      (-0.279551238    ,  0.00000000    )
   1.8407770000000001      (-0.139540106    ,  0.00000000    )
   1.9021360000000000      ( -4.27985378E-02,  0.00000000    )
   1.9634950000000000      (  1.92655474E-02,  0.00000000    )
   2.0248550000000001      (  5.51124550E-02,  0.00000000    )
   2.0862140000000000      (  7.26977140E-02,  0.00000000    )
   2.1475730000000000      (  7.91422054E-02,  0.00000000    )
   2.2089319999999999      (  8.04859847E-02,  0.00000000    )
   2.2702920000000000      (  8.15323740E-02,  0.00000000    )
   2.3316509999999999      (  8.57627690E-02,  0.00000000    )
   2.3930099999999999      (  9.53124538E-02,  0.00000000    )
   2.4543689999999998      ( 0.110991783    ,  0.00000000    )
   2.5157280000000002      ( 0.132384270    ,  0.00000000    )
   2.5770879999999998      ( 0.158039376    ,  0.00000000    )
   2.6384470000000002      ( 0.185753286    ,  0.00000000    )
   2.6998060000000002      ( 0.212890953    ,  0.00000000    )
   2.7611650000000001      ( 0.236670360    ,  0.00000000    )
   2.8225250000000002      ( 0.254369020    ,  0.00000000    )
   2.8838840000000001      ( 0.263474375    ,  0.00000000    )
   2.9452430000000001      ( 0.261824280    ,  0.00000000    )
   3.0066020000000000      ( 0.247790009    ,  0.00000000    )
   3.0679620000000001      ( 0.220500216    ,  0.00000000    )
   3.1293210000000000      ( 0.180067107    ,  0.00000000    )
   3.1906800000000000      ( 0.127733037    ,  0.00000000    )
   3.2520389999999999      (  6.58841282E-02,  0.00000000    )
   3.3133990000000000      ( -2.11546570E-03,  0.00000000    )
   3.3747579999999999      ( -7.22400248E-02,  0.00000000    )
   3.4361169999999999      (-0.140215755    ,  0.00000000    )
   3.4974759999999998      (-0.201959193    ,  0.00000000    )
   3.5588350000000002      (-0.253995538    ,  0.00000000    )
   3.6201949999999998      (-0.293779880    ,  0.00000000    )
   3.6815540000000002      (-0.319905490    ,  0.00000000    )
   3.7429130000000002      (-0.332123756    ,  0.00000000    )
   3.8042720000000001      (-0.331224680    ,  0.00000000    )
   3.8656320000000002      (-0.318782777    ,  0.00000000    )
   3.9269910000000001      (-0.296841919    ,  0.00000000    )
   3.9883500000000001      (-0.267623127    ,  0.00000000    )
   4.0497090000000000      (-0.233293504    ,  0.00000000    )
   4.1110689999999996      (-0.195811793    ,  0.00000000    )
   4.1724280000000000      (-0.156858429    ,  0.00000000    )
   4.2337870000000004      (-0.117819272    ,  0.00000000    )
   4.2951459999999999      ( -7.98039958E-02,  0.00000000    )
   4.3565050000000003      ( -4.36768308E-02,  0.00000000    )
   4.4178649999999999      ( -1.00918273E-02,  0.00000000    )
   4.4792240000000003      (  2.04807669E-02,  0.00000000    )
   4.5405829999999998      (  4.77305986E-02,  0.00000000    )
   4.6019420000000002      (  7.14819580E-02,  0.00000000    )
   4.6633019999999998      (  9.16588828E-02,  0.00000000    )
   4.7246610000000002      ( 0.108252764    ,  0.00000000    )
   4.7860199999999997      ( 0.121284679    ,  0.00000000    )
   4.8473790000000001      ( 0.130786240    ,  0.00000000    )
   4.9087389999999997      ( 0.136796966    ,  0.00000000    )
   4.9700980000000001      ( 0.139367402    ,  0.00000000    )
   5.0314569999999996      ( 0.138563737    ,  0.00000000    )
   5.0928160000000000      ( 0.134469658    ,  0.00000000    )
   5.1541750000000004      ( 0.127183348    ,  0.00000000    )
   5.2155350000000000      ( 0.116819210    ,  0.00000000    )
   5.2768940000000004      ( 0.103517704    ,  0.00000000    )
   5.3382529999999999      (  8.74688476E-02,  0.00000000    )
   5.3996120000000003      (  6.89394474E-02,  0.00000000    )
   5.4609719999999999      (  4.82970215E-02,  0.00000000    )
   5.5223310000000003      (  2.60255709E-02,  0.00000000    )
   5.5836899999999998      (  2.72853463E-03,  0.00000000    )
   5.6450490000000002      ( -2.08831858E-02,  0.00000000    )
   5.7064089999999998      ( -4.40211520E-02,  0.00000000    )
   5.7677680000000002      ( -6.58594593E-02,  0.00000000    )
   5.8291269999999997      ( -8.55889171E-02,  0.00000000    )
   5.8904860000000001      (-0.102476269    ,  0.00000000    )
   5.9518449999999996      (-0.115914501    ,  0.00000000    )
   6.0132050000000001      (-0.125464529    ,  0.00000000    )
   6.0745639999999996      (-0.130878881    ,  0.00000000    )
   6.1359230000000000      (-0.132106662    ,  0.00000000    )
   6.1972820000000004      (-0.129285067    ,  0.00000000    )
   6.2586420000000000      (-0.122721300    ,  0.00000000    )
   6.3200010000000004      (-0.112858295    ,  0.00000000    )
   6.3813599999999999      (-0.100233473    ,  0.00000000    )
   6.4427190000000003      ( -8.54475126E-02,  0.00000000    )
   6.5040789999999999      ( -6.91128001E-02,  0.00000000    )
   6.5654380000000003      ( -5.18321879E-02,  0.00000000    )
   6.6267969999999998      ( -3.41710821E-02,  0.00000000    )
   6.6881560000000002      ( -1.66403688E-02,  0.00000000    )
   6.7495149999999997      (  3.11902695E-04,  0.00000000    )
   6.8108750000000002      (  1.62999108E-02,  0.00000000    )
   6.8722339999999997      (  3.10021173E-02,  0.00000000    )
   6.9335930000000001      (  4.41506803E-02,  0.00000000    )
   6.9949519999999996      (  5.55265397E-02,  0.00000000    )
   7.0563120000000001      (  6.49556592E-02,  0.00000000    )
   7.1176709999999996      (  7.23106042E-02,  0.00000000    )
   7.1790300000000000      (  7.75043890E-02,  0.00000000    )
   7.2403890000000004      (  8.04927424E-02,  0.00000000    )
   7.3017490000000000      (  8.12716335E-02,  0.00000000    )
   7.3631080000000004      (  7.98700377E-02,  0.00000000    )
   7.4244669999999999      (  7.63575211E-02,  0.00000000    )
   7.4858260000000003      (  7.08409473E-02,  0.00000000    )
   7.5471849999999998      (  6.34766147E-02,  0.00000000    )
   7.6085450000000003      (  5.44656180E-02,  0.00000000    )
   7.6699039999999998      (  4.40556519E-02,  0.00000000    )
   7.7312630000000002      (  3.25395651E-02,  0.00000000    )
   7.7926219999999997      (  2.02379655E-02,  0.00000000    )
   7.8539820000000002      (  7.50327529E-03,  0.00000000    )
   7.9153409999999997      ( -5.29893069E-03,  0.00000000    )
   7.9767000000000001      ( -1.77951306E-02,  0.00000000    )
   8.0380590000000005      ( -2.96148099E-02,  0.00000000    )
   8.0994189999999993      ( -4.04030122E-02,  0.00000000    )
   8.1607780000000005      ( -4.98368032E-02,  0.00000000    )
   8.2221370000000000      ( -5.76325096E-02,  0.00000000    )
   8.2834959999999995      ( -6.35684207E-02,  0.00000000    )
   8.3448550000000008      ( -6.74910545E-02,  0.00000000    )
   8.4062149999999995      ( -6.93300143E-02,  0.00000000    )
   8.4675740000000008      ( -6.90967962E-02,  0.00000000    )
   8.5289330000000003      ( -6.68851659E-02,  0.00000000    )
   8.5902919999999998      ( -6.28528669E-02,  0.00000000    )
   8.6516520000000003      ( -5.72109707E-02,  0.00000000    )
   8.7130109999999998      ( -5.02061546E-02,  0.00000000    )
   8.7743699999999993      ( -4.21095639E-02,  0.00000000    )
   8.8357290000000006      ( -3.32094170E-02,  0.00000000    )
   8.8970889999999994      ( -2.37950440E-02,  0.00000000    )
   8.9584480000000006      ( -1.41576407E-02,  0.00000000    )
   9.0198070000000001      ( -4.57483390E-03,  0.00000000    )
   9.0811659999999996      (  4.69485437E-03,  0.00000000    )
   9.1425249999999991      (  1.34184947E-02,  0.00000000    )
   9.2038849999999996      (  2.13971511E-02,  0.00000000    )
   9.2652439999999991      (  2.84650046E-02,  0.00000000    )
   9.3266030000000004      (  3.44927460E-02,  0.00000000    )
   9.3879619999999999      (  3.93824391E-02,  0.00000000    )
   9.4493220000000004      (  4.30658646E-02,  0.00000000    )
   9.5106809999999999      (  4.54982370E-02,  0.00000000    )
   9.5720399999999994      (  4.66602594E-02,  0.00000000    )
   9.6333990000000007      (  4.65520956E-02,  0.00000000    )
   9.6947589999999995      (  4.52066027E-02,  0.00000000    )
   9.7561180000000007      (  4.26811054E-02,  0.00000000    )
   9.8174770000000002      (  3.90658192E-02,  0.00000000    )
   9.8788359999999997      (  3.44768986E-02,  0.00000000    )
   9.9401960000000003      (  2.90545709E-02,  0.00000000    )
   10.001555000000000      (  2.29547024E-02,  0.00000000    )
   10.062913999999999      (  1.63521618E-02,  0.00000000    )
   10.124273000000001      (  9.42826178E-03,  0.00000000    )
   10.185632000000000      (  2.37534428E-03,  0.00000000    )
   10.246992000000001      ( -4.61217435E-03,  0.00000000    )
   10.308351000000000      ( -1.13432258E-02,  0.00000000    )
   10.369710000000000      ( -1.76294111E-02,  0.00000000    )
   10.431069000000001      ( -2.32995059E-02,  0.00000000    )
   10.492429000000000      ( -2.81972829E-02,  0.00000000    )
   10.553788000000001      ( -3.21941338E-02,  0.00000000    )
   10.615147000000000      ( -3.51956151E-02,  0.00000000    )
   10.676506000000000      ( -3.71378325E-02,  0.00000000    )
   10.737866000000000      ( -3.79958376E-02,  0.00000000    )
   10.799225000000000      ( -3.77750099E-02,  0.00000000    )
   10.860583999999999      ( -3.65121774E-02,  0.00000000    )
   10.921943000000001      ( -3.42769735E-02,  0.00000000    )
   10.983302000000000      ( -3.11627705E-02,  0.00000000    )
   11.044662000000001      ( -2.72899568E-02,  0.00000000    )
   11.106021000000000      ( -2.28034016E-02,  0.00000000    )
   11.167380000000000      ( -1.78562514E-02,  0.00000000    )
   11.228738999999999      ( -1.26131093E-02,  0.00000000    )
   11.290099000000000      ( -7.23395403E-03,  0.00000000    )
   11.351457999999999      ( -1.87249971E-03,  0.00000000    )
   11.412817000000000      (  3.32888146E-03,  0.00000000    )
   11.474176000000000      (  8.24052934E-03,  0.00000000    )
   11.535536000000000      (  1.27522787E-02,  0.00000000    )
   11.596895000000000      (  1.67661048E-02,  0.00000000    )
   11.658253999999999      (  2.01995652E-02,  0.00000000    )
   11.719613000000001      (  2.29852498E-02,  0.00000000    )
   11.780972000000000      (  2.50741187E-02,  0.00000000    )
   11.842332000000001      (  2.64323615E-02,  0.00000000    )
   11.903691000000000      (  2.70480644E-02,  0.00000000    )
   11.965050000000000      (  2.69278269E-02,  0.00000000    )
   12.026408999999999      (  2.60957647E-02,  0.00000000    )
   12.087769000000000      (  2.45929379E-02,  0.00000000    )
   12.149127999999999      (  2.24752482E-02,  0.00000000    )
   12.210487000000001      (  1.98106077E-02,  0.00000000    )
   12.271846000000000      (  1.66800562E-02,  0.00000000    )
   12.333206000000001      (  1.31750992E-02,  0.00000000    )
   12.394565000000000      (  9.39784292E-03,  0.00000000    )
   12.455924000000000      (  5.45507902E-03,  0.00000000    )
   12.517283000000001      (  1.45787152E-03,  0.00000000    )
   12.578642000000000      ( -2.48415582E-03,  0.00000000    )
   12.640002000000001      ( -6.26399321E-03,  0.00000000    )
   12.701361000000000      ( -9.78379510E-03,  0.00000000    )
   12.762720000000000      ( -1.29536511E-02,  0.00000000    )
   12.824078999999999      ( -1.56976059E-02,  0.00000000    )
   12.885439000000000      ( -1.79495029E-02,  0.00000000    )
   12.946797999999999      ( -1.96600650E-02,  0.00000000    )
   13.008157000000001      ( -2.07946077E-02,  0.00000000    )
   13.069516000000000      ( -2.13315301E-02,  0.00000000    )
   13.130876000000001      ( -2.12720763E-02,  0.00000000    )
   13.192235000000000      ( -2.06331182E-02,  0.00000000    )
   13.253594000000000      ( -1.94532052E-02,  0.00000000    )
   13.314952999999999      ( -1.77847706E-02,  0.00000000    )
   13.376312000000000      ( -1.56945121E-02,  0.00000000    )
   13.437671999999999      ( -1.32533535E-02,  0.00000000    )
   13.499031000000000      ( -1.05409529E-02,  0.00000000    )
   13.560390000000000      ( -7.63688004E-03,  0.00000000    )
   13.621748999999999      ( -4.62630391E-03,  0.00000000    )
   13.683109000000000      ( -1.58952258E-03,  0.00000000    )
   13.744467999999999      (  1.39006507E-03,  0.00000000    )
   13.805827000000001      (  4.23697149E-03,  0.00000000    )
   13.867186000000000      (  6.87836064E-03,  0.00000000    )
   13.928546000000001      (  9.25062690E-03,  0.00000000    )
   13.989905000000000      (  1.13008311E-02,  0.00000000    )
   14.051264000000000      (  1.29871154E-02,  0.00000000    )
   14.112622999999999      (  1.42781809E-02,  0.00000000    )
   14.173982000000001      (  1.51557680E-02,  0.00000000    )
   14.235341999999999      (  1.56094804E-02,  0.00000000    )
   14.296701000000001      (  1.56395193E-02,  0.00000000    )
   14.358060000000000      (  1.52566293E-02,  0.00000000    )
   14.419419000000000      (  1.44802416E-02,  0.00000000    )
   14.480779000000000      (  1.33406213E-02,  0.00000000    )
   14.542138000000000      (  1.18782120E-02,  0.00000000    )
   14.603497000000001      (  1.01411045E-02,  0.00000000    )
   14.664856000000000      (  8.18151049E-03,  0.00000000    )
   14.726216000000001      (  6.05906406E-03,  0.00000000    )
   14.787575000000000      (  3.83126503E-03,  0.00000000    )
   14.848934000000000      (  1.55856705E-03,  0.00000000    )
   14.910292999999999      ( -6.98487565E-04,  0.00000000    )
   14.971652000000001      ( -2.88127782E-03,  0.00000000    )
   15.033011999999999      ( -4.93624667E-03,  0.00000000    )
   15.094371000000001      ( -6.81006350E-03,  0.00000000    )
   15.155730000000000      ( -8.45590234E-03,  0.00000000    )
   15.217089000000000      ( -9.83478129E-03,  0.00000000    )
   15.278449000000000      ( -1.09117813E-02,  0.00000000    )
   15.339808000000000      ( -1.16675617E-02,  0.00000000    )
   15.401166999999999      ( -1.20883835E-02,  0.00000000    )
   15.462526000000000      ( -1.21723851E-02,  0.00000000    )
   15.523885999999999      ( -1.19296387E-02,  0.00000000    )
   15.585245000000000      ( -1.13759572E-02,  0.00000000    )
   15.646604000000000      ( -1.05368681E-02,  0.00000000    )
   15.707962999999999      ( -9.44436155E-03,  0.00000000    )
   15.769322000000001      ( -8.13768711E-03,  0.00000000    )
   15.830681999999999      ( -6.65904954E-03,  0.00000000    )
   15.892041000000001      ( -5.05340844E-03,  0.00000000    )
   15.953400000000000      ( -3.36730061E-03,  0.00000000    )
   16.014759000000002      ( -1.64570392E-03,  0.00000000    )
   16.076118999999998      (  6.69955116E-05,  0.00000000    )
   16.137478000000002      (  1.72601570E-03,  0.00000000    )
   16.198837000000001      (  3.29311960E-03,  0.00000000    )
   16.260196000000001      (  4.72754426E-03,  0.00000000    )
   16.321556000000001      (  5.99682098E-03,  0.00000000    )
   16.382915000000001      (  7.07064988E-03,  0.00000000    )
   16.444274000000000      (  7.92469736E-03,  0.00000000    )
   16.505633000000000      (  8.54436494E-03,  0.00000000    )
   16.566993000000000      (  8.91972240E-03,  0.00000000    )
   16.628352000000000      (  9.05034319E-03,  0.00000000    )
   16.689710999999999      (  8.94329604E-03,  0.00000000    )
   16.751069999999999      (  8.60923715E-03,  0.00000000    )
   16.812429000000002      (  8.06246791E-03,  0.00000000    )
   16.873788999999999      (  7.32297823E-03,  0.00000000    )
   16.935148000000002      (  6.41261321E-03,  0.00000000    )
   16.996507000000001      (  5.35714626E-03,  0.00000000    )
   17.057866000000001      (  4.18739207E-03,  0.00000000    )
   17.119226000000001      (  2.93635251E-03,  0.00000000    )
   17.180585000000001      (  1.64030492E-03,  0.00000000    )
   17.241944000000000      (  3.34887824E-04,  0.00000000    )
   17.303303000000000      ( -9.43890074E-04,  0.00000000    )
   17.364663000000000      ( -2.16467562E-03,  0.00000000    )
   17.426022000000000      ( -3.29683349E-03,  0.00000000    )
   17.487380999999999      ( -4.31251805E-03,  0.00000000    )
   17.548739999999999      ( -5.18878456E-03,  0.00000000    )
   17.610099000000002      ( -5.90567198E-03,  0.00000000    )
   17.671458999999999      ( -6.44628843E-03,  0.00000000    )
   17.732818000000002      ( -6.79992652E-03,  0.00000000    )
   17.794177000000001      ( -6.96213637E-03,  0.00000000    )
   17.855536000000001      ( -6.93374593E-03,  0.00000000    )
   17.916896000000001      ( -6.72390917E-03,  0.00000000    )
   17.978255000000001      ( -6.34601805E-03,  0.00000000    )
   18.039614000000000      ( -5.81866084E-03,  0.00000000    )
   18.100973000000000      ( -5.16150426E-03,  0.00000000    )
   18.162333000000000      ( -4.39220713E-03,  0.00000000    )
   18.223692000000000      ( -3.53344134E-03,  0.00000000    )
   18.285050999999999      ( -2.60476721E-03,  0.00000000    )
   18.346409999999999      ( -1.63065467E-03,  0.00000000    )
   18.407768999999998      ( -6.37406018E-04,  0.00000000    )
   18.469128999999999      (  3.47878929E-04,  0.00000000    )
   18.530487999999998      (  1.29631744E-03,  0.00000000    )
   18.591847000000001      (  2.18123174E-03,  0.00000000    )
   18.653206000000001      (  2.97909835E-03,  0.00000000    )
   18.714566000000001      (  3.67147056E-03,  0.00000000    )
   18.775925000000001      (  4.24391264E-03,  0.00000000    )
   18.837284000000000      (  4.68990114E-03,  0.00000000    )
   18.898643000000000      (  5.00086555E-03,  0.00000000    )
   18.960003000000000      (  5.17606875E-03,  0.00000000    )
   19.021362000000000      (  5.21664415E-03,  0.00000000    )
   19.082720999999999      (  5.12163388E-03,  0.00000000    )
   19.144079999999999      (  4.89789248E-03,  0.00000000    )
   19.205438999999998      (  4.55317367E-03,  0.00000000    )
   19.266798999999999      (  4.09912784E-03,  0.00000000    )
   19.328157999999998      (  3.55134299E-03,  0.00000000    )
   19.389517000000001      (  2.92740506E-03,  0.00000000    )
   19.450876000000001      (  2.24594446E-03,  0.00000000    )
   19.512236000000001      (  1.52566878E-03,  0.00000000    )
   19.573595000000001      (  7.85382697E-04,  0.00000000    )
   19.634954000000000      (  4.29981519E-05,  0.00000000    )
   19.696313000000000      ( -6.80462690E-04,  0.00000000    )
   19.757673000000000      ( -1.36887119E-03,  0.00000000    )
   19.819032000000000      ( -2.00300408E-03,  0.00000000    )
   19.880390999999999      ( -2.56757555E-03,  0.00000000    )
   19.941749999999999      ( -3.04725766E-03,  0.00000000    )
   20.003108999999998      ( -3.43274348E-03,  0.00000000    )
   20.064468999999999      ( -3.71676311E-03,  0.00000000    )
   20.125827999999998      ( -3.89712863E-03,  0.00000000    )
   20.187187000000002      ( -3.97473620E-03,  0.00000000    )
   20.248546000000001      ( -3.95155326E-03,  0.00000000    )
   20.309906000000002      ( -3.83061753E-03,  0.00000000    )
   20.371265000000001      ( -3.61502124E-03,  0.00000000    )
   20.432624000000001      ( -3.31394607E-03,  0.00000000    )
   20.493983000000000      ( -2.93257483E-03,  0.00000000    )
   20.555343000000001      ( -2.48214579E-03,  0.00000000    )
   20.616702000000000      ( -1.97790447E-03,  0.00000000    )
   20.678061000000000      ( -1.43505645E-03,  0.00000000    )
   20.739419999999999      ( -8.70757562E-04,  0.00000000    )
   20.800778999999999      ( -3.03091831E-04,  0.00000000    )
   20.862138999999999      (  2.52936006E-04,  0.00000000    )
   20.923497999999999      (  7.83385825E-04,  0.00000000    )
   20.984857000000002      (  1.27736630E-03,  0.00000000    )
   21.046216000000001      (  1.72402256E-03,  0.00000000    )
   21.107576000000002      (  2.11551506E-03,  0.00000000    )
   21.168935000000001      (  2.44500721E-03,  0.00000000    )
   21.230294000000001      (  2.70565948E-03,  0.00000000    )
   21.291653000000000      (  2.89161433E-03,  0.00000000    )
   21.353013000000001      (  2.99798511E-03,  0.00000000    )
   21.414372000000000      (  3.02382861E-03,  0.00000000    )
   21.475731000000000      (  2.96816370E-03,  0.00000000    )
   21.537089999999999      (  2.83494033E-03,  0.00000000    )
   21.598448999999999      (  2.63105915E-03,  0.00000000    )
   21.659808999999999      (  2.36340100E-03,  0.00000000    )
   21.721167999999999      (  2.04281835E-03,  0.00000000    )
   21.782527000000002      (  1.67917565E-03,  0.00000000    )
   21.843886000000001      (  1.28434831E-03,  0.00000000    )
   21.905246000000002      (  8.70242016E-04,  0.00000000    )
   21.966605000000001      (  4.46800288E-04,  0.00000000    )
   22.027964000000001      (  2.49993755E-05,  0.00000000    )
   22.089323000000000      ( -3.85148276E-04,  0.00000000    )
   22.150683000000001      ( -7.74599554E-04,  0.00000000    )
   22.212042000000000      ( -1.13328290E-03,  0.00000000    )
   22.273401000000000      ( -1.45511422E-03,  0.00000000    )
   22.334759999999999      ( -1.73099118E-03,  0.00000000    )
   22.396120000000000      ( -1.95581769E-03,  0.00000000    )
   22.457478999999999      ( -2.12550815E-03,  0.00000000    )
   22.518837999999999      ( -2.23699305E-03,  0.00000000    )
   22.580196999999998      ( -2.28922861E-03,  0.00000000    )
   22.641556000000001      ( -2.28119199E-03,  0.00000000    )
   22.702915999999998      ( -2.21589929E-03,  0.00000000    )
   22.764275000000001      ( -2.09638570E-03,  0.00000000    )
   22.825634000000001      ( -1.92670501E-03,  0.00000000    )
   22.886993000000000      ( -1.71092222E-03,  0.00000000    )
   22.948353000000001      ( -1.45411142E-03,  0.00000000    )
   23.009712000000000      ( -1.16635882E-03,  0.00000000    )
   23.071071000000000      ( -8.53728212E-04,  0.00000000    )
   23.132429999999999      ( -5.27277880E-04,  0.00000000    )
   23.193790000000000      ( -1.97038811E-04,  0.00000000    )
   23.255148999999999      (  1.26983869E-04,  0.00000000    )
   23.316507999999999      (  4.36809118E-04,  0.00000000    )
   23.377866999999998      (  7.23476231E-04,  0.00000000    )
   23.439226000000001      (  9.80038545E-04,  0.00000000    )
   23.500585999999998      (  1.20354968E-03,  0.00000000    )
   23.561945000000001      (  1.38807064E-03,  0.00000000    )
   23.623304000000001      (  1.53264741E-03,  0.00000000    )
   23.684663000000000      (  1.63631805E-03,  0.00000000    )
   23.746023000000001      (  1.69611827E-03,  0.00000000    )
   23.807382000000000      (  1.71405694E-03,  0.00000000    )
   23.868741000000000      (  1.68914197E-03,  0.00000000    )
   23.930099999999999      (  1.62435719E-03,  0.00000000    )
   23.991460000000000      (  1.52168097E-03,  0.00000000    )
   24.052819000000000      (  1.38308445E-03,  0.00000000    )
   24.114177999999999      (  1.21252798E-03,  0.00000000    )
   24.175536999999998      (  1.01397082E-03,  0.00000000    )
   24.236896000000002      (  7.92371633E-04,  0.00000000    )
   24.298255999999999      (  5.53693273E-04,  0.00000000    )
   24.359615000000002      (  3.05906404E-04,  0.00000000    )
   24.420974000000001      (  5.79966363E-05,  0.00000000    )
   24.482333000000001      ( -1.83033495E-04,  0.00000000    )
   24.543693000000001      ( -4.07165702E-04,  0.00000000    )
   24.605052000000001      ( -6.11373573E-04,  0.00000000    )
   24.666411000000000      ( -7.91626167E-04,  0.00000000    )
   24.727770000000000      ( -9.45893873E-04,  0.00000000    )
   24.789130000000000      ( -1.07515475E-03,  0.00000000    )
   24.850489000000000      ( -1.17738463E-03,  0.00000000    )
   24.911847999999999      ( -1.25256693E-03,  0.00000000    )
   24.973206999999999      ( -1.29868439E-03,  0.00000000    )
   25.034566000000002      ( -1.31272094E-03,  0.00000000    )
   25.095925999999999      ( -1.29066361E-03,  0.00000000    )
   25.157285000000002      ( -1.23251718E-03,  0.00000000    )
   25.218644000000001      ( -1.13829423E-03,  0.00000000    )
   25.280003000000001      ( -1.01302518E-03,  0.00000000    )
   25.341363000000001      ( -8.63745401E-04,  0.00000000    )
   25.402722000000001      ( -6.96484756E-04,  0.00000000    )
   25.464081000000000      ( -5.20270551E-04,  0.00000000    )
   25.525440000000000      ( -3.40115628E-04,  0.00000000    )
   25.586800000000000      ( -1.61025921E-04,  0.00000000    )
   25.648159000000000      (  1.39998037E-05,  0.00000000    )
   25.709517999999999      (  1.82966513E-04,  0.00000000    )
   25.770876999999999      (  3.43881693E-04,  0.00000000    )
   25.832236000000002      (  4.93756088E-04,  0.00000000    )
   25.893595999999999      (  6.29603339E-04,  0.00000000    )
   25.954955000000002      (  7.46442412E-04,  0.00000000    )
   26.016314000000001      (  8.42289941E-04,  0.00000000    )
   26.077673000000001      (  9.13165393E-04,  0.00000000    )
   26.139033000000001      (  9.60077392E-04,  0.00000000    )
   26.200392000000001      (  9.80038545E-04,  0.00000000    )
   26.261751000000000      (  9.75048344E-04,  0.00000000    )
   26.323110000000000      (  9.46104061E-04,  0.00000000    )
   26.384470000000000      (  8.93201504E-04,  0.00000000    )
   26.445829000000000      (  8.20326502E-04,  0.00000000    )
   26.507187999999999      (  7.27470382E-04,  0.00000000    )
   26.568546999999999      (  6.19615836E-04,  0.00000000    )
   26.629905999999998      (  4.99750138E-04,  0.00000000    )
   26.691265999999999      (  3.71861679E-04,  0.00000000    )
   26.752624999999998      (  2.39942412E-04,  0.00000000    )
   26.813984000000001      (  1.05988765E-04,  0.00000000    )
   26.875343000000001      ( -2.70007295E-05,  0.00000000    )
   26.936703000000001      ( -1.56024340E-04,  0.00000000    )
   26.998062000000001      ( -2.80078413E-04,  0.00000000    )
   27.059421000000000      ( -3.96156887E-04,  0.00000000    )
   27.120780000000000      ( -5.02252136E-04,  0.00000000    )
   27.182140000000000      ( -5.92350669E-04,  0.00000000    )
   27.243499000000000      ( -6.65442494E-04,  0.00000000    )
   27.304857999999999      ( -7.18515890E-04,  0.00000000    )
   27.366216999999999      ( -7.48559949E-04,  0.00000000    )
   27.427575999999998      ( -7.57573463E-04,  0.00000000    )
   27.488935999999999      ( -7.45555444E-04,  0.00000000    )
   27.550294999999998      ( -7.15511618E-04,  0.00000000    )
   27.611654000000001      ( -6.68446533E-04,  0.00000000    )
   27.673013000000001      ( -6.07368653E-04,  0.00000000    )
   27.734373000000001      ( -5.33284212E-04,  0.00000000    )
   27.795732000000001      ( -4.48200793E-04,  0.00000000    )
   27.857091000000000      ( -3.54125368E-04,  0.00000000    )
   27.918450000000000      ( -2.52063532E-04,  0.00000000    )
   27.979810000000001      ( -1.48021907E-04,  0.00000000    )
   28.041169000000000      ( -4.30018481E-05,  0.00000000    )
   28.102528000000000      (  5.79966363E-05,  0.00000000    )
   28.163886999999999      (  1.52976601E-04,  0.00000000    )
   28.225245999999999      (  2.40941939E-04,  0.00000000    )
   28.286605999999999      (  3.19897634E-04,  0.00000000    )
   28.347964999999999      (  3.89847963E-04,  0.00000000    )
   28.409324000000002      (  4.50796681E-04,  0.00000000    )
   28.470683000000001      (  5.01748116E-04,  0.00000000    )
   28.532043000000002      (  5.40707493E-04,  0.00000000    )
   28.593402000000001      (  5.64680959E-04,  0.00000000    )
   28.654761000000001      (  5.71672979E-04,  0.00000000    )
   28.716120000000000      (  5.62683214E-04,  0.00000000    )
   28.777480000000001      (  5.36711770E-04,  0.00000000    )
   28.838839000000000      (  4.95754124E-04,  0.00000000    )
   28.900198000000000      (  4.42803837E-04,  0.00000000    )
   28.961556999999999      (  3.81854130E-04,  0.00000000    )
   29.022917000000000      (  3.14900797E-04,  0.00000000    )
   29.084275999999999      (  2.44939991E-04,  0.00000000    )
   29.145634999999999      (  1.72970074E-04,  0.00000000    )
   29.206994000000002      (  9.89901964E-05,  0.00000000    )
   29.268353000000001      (  2.49993755E-05,  0.00000000    )
   29.329713000000002      ( -4.90023995E-05,  0.00000000    )
   29.391072000000001      ( -1.22014884E-04,  0.00000000    )
   29.452431000000001      ( -1.91036481E-04,  0.00000000    )
   29.513790000000000      ( -2.54064536E-04,  0.00000000    )
   29.575150000000001      ( -3.10096133E-04,  0.00000000    )
   29.636509000000000      ( -3.55126074E-04,  0.00000000    )
   29.697868000000000      ( -3.90152156E-04,  0.00000000    )
   29.759226999999999      ( -4.14171460E-04,  0.00000000    )
   29.820587000000000      ( -4.26181563E-04,  0.00000000    )
   29.881945999999999      ( -4.25180711E-04,  0.00000000    )
   29.943304999999999      ( -4.13170637E-04,  0.00000000    )
   30.004663999999998      ( -3.90152156E-04,  0.00000000    )
   30.066023000000001      ( -3.58128222E-04,  0.00000000    )
   30.127382999999998      ( -3.19101790E-04,  0.00000000    )
   30.188742000000001      ( -2.74075108E-04,  0.00000000    )
   30.250101000000001      ( -2.27051540E-04,  0.00000000    )
   30.311460000000000      ( -1.77031339E-04,  0.00000000    )
   30.372820000000001      ( -1.26015875E-04,  0.00000000    )
   30.434179000000000      ( -7.30053289E-05,  0.00000000    )
   30.495538000000000      ( -2.00003997E-05,  0.00000000    )
   30.556896999999999      (  3.59987025E-05,  0.00000000    )
   30.618257000000000      (  9.09917217E-05,  0.00000000    )
   30.679615999999999      (  1.45978687E-04,  0.00000000    )
   30.740974999999999      (  1.95961591E-04,  0.00000000    )
   30.802333999999998      (  2.39942412E-04,  0.00000000    )
   30.863693000000001      (  2.74924387E-04,  0.00000000    )
   30.925052999999998      (  2.97911232E-04,  0.00000000    )
   30.986412000000001      (  3.11902695E-04,  0.00000000    )
   31.047771000000001      (  3.14900797E-04,  0.00000000    )
   31.109130000000000      (  3.10903299E-04,  0.00000000    )
   31.170490000000001      (  3.00909422E-04,  0.00000000    )
   31.231849000000000      (  2.85918213E-04,  0.00000000    )
   31.293208000000000      (  2.66928721E-04,  0.00000000    )
   31.354566999999999      (  2.43940478E-04,  0.00000000    )
   31.415927000000000      (  2.15953347E-04,  0.00000000    )
   31.477285999999999      (  1.81966883E-04,  0.00000000    )
   31.538644999999999      (  1.42979552E-04,  0.00000000    )
   31.600003999999998      (  9.89901964E-05,  0.00000000    )
   31.661363000000001      (  5.29971912E-05,  0.00000000    )
   31.722722999999998      (  6.99995098E-06,  0.00000000    )
   31.784082000000001      ( -3.70013695E-05,  0.00000000    )
   31.845441000000001      ( -7.80060873E-05,  0.00000000    )
   31.906800000000000      ( -1.16013456E-04,  0.00000000    )
   31.968160000000001      ( -1.49022206E-04,  0.00000000    )
   32.029519000000001      ( -1.79032053E-04,  0.00000000    )
   32.090877999999996      ( -2.04041629E-04,  0.00000000    )
   32.152237000000000      ( -2.25050637E-04,  0.00000000    )
   32.213597000000000      ( -2.41058093E-04,  0.00000000    )
   32.274956000000003      ( -2.49062025E-04,  0.00000000    )
   32.336314999999999      ( -2.49062025E-04,  0.00000000    )
   32.397674000000002      ( -2.41058093E-04,  0.00000000    )
   32.459032999999998      ( -2.26051081E-04,  0.00000000    )
   32.520392999999999      ( -2.04041629E-04,  0.00000000    )
   32.581752000000002      ( -1.79032053E-04,  0.00000000    )
   32.643110999999998      ( -1.51022803E-04,  0.00000000    )
   32.704470000000001      ( -1.23015125E-04,  0.00000000    )
   32.765830000000001      ( -9.40088357E-05,  0.00000000    )
   32.827188999999997      ( -6.40040962E-05,  0.00000000    )
   32.888548000000000      ( -3.40011575E-05,  0.00000000    )
   32.949907000000003      ( -2.00000409E-06,  0.00000000    )
   33.011266999999997      (  3.09990392E-05,  0.00000000    )
   33.072626000000000      (  6.29960341E-05,  0.00000000    )
   33.133985000000003      (  9.39911624E-05,  0.00000000    )
   33.195343999999999      (  1.20985358E-04,  0.00000000    )
   33.256703000000002      (  1.42979552E-04,  0.00000000    )
   33.318063000000002      (  1.58974726E-04,  0.00000000    )
   33.379421999999998      (  1.68971441E-04,  0.00000000    )
   33.440781000000001      (  1.74969377E-04,  0.00000000    )
   33.502139999999997      (  1.75969035E-04,  0.00000000    )
   33.563499999999998      (  1.74969377E-04,  0.00000000    )
   33.624859000000001      (  1.69971099E-04,  0.00000000    )
   33.686217999999997      (  1.61973760E-04,  0.00000000    )
   33.747577000000000      (  1.50977197E-04,  0.00000000    )
   33.808937000000000      (  1.36981238E-04,  0.00000000    )
   33.870296000000003      (  1.17986077E-04,  0.00000000    )
   33.931654999999999      (  9.59907848E-05,  0.00000000    )
   33.993014000000002      (  7.09949600E-05,  0.00000000    )
   34.054372999999998      (  4.49979743E-05,  0.00000000    )
   34.115732999999999      (  1.79996769E-05,  0.00000000    )
   34.177092000000002      ( -8.00006364E-06,  0.00000000    )
   34.238450999999998      ( -3.10009600E-05,  0.00000000    )
   34.299810000000001      ( -5.20027024E-05,  0.00000000    )
   34.361170000000001      ( -7.10050444E-05,  0.00000000    )
   34.422528999999997      ( -8.70075673E-05,  0.00000000    )
   34.483888000000000      ( -1.01010199E-04,  0.00000000    )
   34.545247000000003      ( -1.13012771E-04,  0.00000000    )
   34.606606999999997      ( -1.22014884E-04,  0.00000000    )
   34.667966000000000      ( -1.28016385E-04,  0.00000000    )
   34.729325000000003      ( -1.32017420E-04,  0.00000000    )
   34.790683999999999      ( -1.31017165E-04,  0.00000000    )
   34.852043999999999      ( -1.27016130E-04,  0.00000000    )
   34.913403000000002      ( -1.18013922E-04,  0.00000000    )
   34.974761999999998      ( -1.06011234E-04,  0.00000000    )
   35.036121000000001      ( -9.20084640E-05,  0.00000000    )
   35.097479999999997      ( -7.60057737E-05,  0.00000000    )
   35.158839999999998      ( -5.90034797E-05,  0.00000000    )
   35.220199000000001      ( -4.30018481E-05,  0.00000000    )
   35.281557999999997      ( -2.80007844E-05,  0.00000000    )
   35.342917000000000      ( -1.40001957E-05,  0.00000000    )
   35.404277000000000      ( -1.00000102E-06,  0.00000000    )
   35.465636000000003      (  1.19998558E-05,  0.00000000    )
   35.526994999999999      (  2.39994242E-05,  0.00000000    )
   35.588354000000002      (  3.59987025E-05,  0.00000000    )
   35.649714000000003      (  4.69977895E-05,  0.00000000    )
   35.711072999999999      (  5.79966363E-05,  0.00000000    )
   35.772432000000002      (  6.79953737E-05,  0.00000000    )
   35.833790999999998      (  7.79939146E-05,  0.00000000    )
   35.895150000000001      (  8.49927746E-05,  0.00000000    )
   35.956510000000002      (  9.09917217E-05,  0.00000000    )
   36.017868999999997      (  9.59907848E-05,  0.00000000    )
   36.079228000000001      (  9.79903998E-05,  0.00000000    )
   36.140586999999996      (  9.69905886E-05,  0.00000000    )
   36.201946999999997      (  9.39911624E-05,  0.00000000    )
   36.263306000000000      (  8.79922591E-05,  0.00000000    )
   36.324665000000003      (  7.89937621E-05,  0.00000000    )
   36.386023999999999      (  6.79953737E-05,  0.00000000    )
   36.447384000000000      (  5.39970824E-05,  0.00000000    )
   36.508743000000003      (  3.89984780E-05,  0.00000000    )
   36.570101999999999      (  2.29994712E-05,  0.00000000    )
   36.631461000000002      (  5.99996383E-06,  0.00000000    )
   36.692819999999998      ( -1.00000998E-05,  0.00000000    )
   36.754179999999998      ( -2.60006764E-05,  0.00000000    )
   36.815539000000001      ( -4.10016801E-05,  0.00000000    )
   36.876897999999997      ( -5.30028083E-05,  0.00000000    )
   36.938257000000000      ( -6.20038409E-05,  0.00000000    )
   36.999617000000001      ( -6.90047600E-05,  0.00000000    )
   37.060975999999997      ( -7.20051830E-05,  0.00000000    )
   37.122335000000000      ( -7.20051830E-05,  0.00000000    )
   37.183694000000003      ( -7.10050444E-05,  0.00000000    )
   37.245054000000003      ( -6.80046214E-05,  0.00000000    )
   37.306412999999999      ( -6.50042275E-05,  0.00000000    )
   37.367772000000002      ( -6.20038409E-05,  0.00000000    )
   37.429130999999998      ( -6.00036001E-05,  0.00000000    )
   37.490490000000001      ( -5.70032498E-05,  0.00000000    )
   37.551850000000002      ( -5.40029178E-05,  0.00000000    )
   37.613208999999998      ( -4.90023995E-05,  0.00000000    )
   37.674568000000001      ( -4.10016801E-05,  0.00000000    )
   37.735926999999997      ( -3.10009600E-05,  0.00000000    )
   37.797286999999997      ( -2.00003997E-05,  0.00000000    )
   37.858646000000000      ( -7.00004921E-06,  0.00000000    )
   37.920005000000003      (  5.99996383E-06,  0.00000000    )
   37.981363999999999      (  1.79996769E-05,  0.00000000    )
   38.042724000000000      (  2.89991585E-05,  0.00000000    )
   38.104083000000003      (  3.69986301E-05,  0.00000000    )
   38.165441999999999      (  4.29981519E-05,  0.00000000    )
   38.226801000000002      (  4.59978837E-05,  0.00000000    )
   38.288159999999998      (  4.79976952E-05,  0.00000000    )
   38.349519999999998      (  4.89975973E-05,  0.00000000    )
   38.410879000000001      (  4.89975973E-05,  0.00000000    )
   38.472237999999997      (  4.89975973E-05,  0.00000000    )
   38.533597000000000      (  4.79976952E-05,  0.00000000    )
   38.594957000000001      (  4.79976952E-05,  0.00000000    )
   38.656315999999997      (  4.79976952E-05,  0.00000000    )
   38.717675000000000      (  4.59978837E-05,  0.00000000    )
   38.779034000000003      (  4.39980649E-05,  0.00000000    )
   38.840394000000003      (  3.99983983E-05,  0.00000000    )
   38.901752999999999      (  3.49987749E-05,  0.00000000    )
   38.963112000000002      (  2.79992164E-05,  0.00000000    )
   39.024470999999998      (  1.99995993E-05,  0.00000000    )
   39.085830000000001      (  1.19998558E-05,  0.00000000    )
   39.147190000000002      (  2.99999101E-06,  0.00000000    )
   39.208548999999998      ( -6.00003614E-06,  0.00000000    )
   39.269908000000001      ( -1.60002564E-05,  0.00000000    )
   39.331266999999997      ( -2.50006251E-05,  0.00000000    )
   39.392626999999997      ( -3.40011575E-05,  0.00000000    )
   39.453986000000000      ( -4.10016801E-05,  0.00000000    )
   39.515345000000003      ( -4.50020234E-05,  0.00000000    )
   39.576703999999999      ( -4.70022096E-05,  0.00000000    )
   39.638064000000000      ( -4.50020234E-05,  0.00000000    )
   39.699423000000003      ( -4.20017641E-05,  0.00000000    )
   39.760781999999999      ( -3.80014426E-05,  0.00000000    )
   39.822141000000002      ( -3.40011575E-05,  0.00000000    )
   39.883499999999998      ( -3.10009600E-05,  0.00000000    )
   39.944859999999998      ( -2.90008411E-05,  0.00000000    )
   40.006219000000002      ( -2.80007844E-05,  0.00000000    )
   40.067577999999997      ( -2.70007295E-05,  0.00000000    )
   40.128937000000001      ( -2.50006251E-05,  0.00000000    )
   40.190297000000001      ( -2.10004418E-05,  0.00000000    )
   40.251655999999997      ( -1.50002252E-05,  0.00000000    )
   40.313015000000000      ( -9.00008126E-06,  0.00000000    )
   40.374374000000003      ( -2.00000409E-06,  0.00000000    )
   40.435733999999997      (  3.99998407E-06,  0.00000000    )
   40.497093000000000      (  7.99993632E-06,  0.00000000    )
   40.558452000000003      (  1.09998791E-05,  0.00000000    )
   40.619810999999999      (  1.29998307E-05,  0.00000000    )
   40.681170000000002      (  1.49997750E-05,  0.00000000    )
   40.742530000000002      (  1.79996769E-05,  0.00000000    )
   40.803888999999998      (  2.29994712E-05,  0.00000000    )
   40.865248000000001      (  2.89991585E-05,  0.00000000    )
   40.926606999999997      (  3.49987749E-05,  0.00000000    )
   40.987966999999998      (  4.09983186E-05,  0.00000000    )
   41.049326000000001      (  4.39980649E-05,  0.00000000    )
   41.110684999999997      (  4.49979743E-05,  0.00000000    )
   41.172044000000000      (  4.19982352E-05,  0.00000000    )
   41.233404000000000      (  3.69986301E-05,  0.00000000    )
   41.294763000000003      (  2.99991007E-05,  0.00000000    )
   41.356121999999999      (  2.09995596E-05,  0.00000000    )
   41.417481000000002      (  1.29998307E-05,  0.00000000    )
   41.478841000000003      (  4.99997486E-06,  0.00000000    )
   41.540199999999999      ( -2.00000409E-06,  0.00000000    )
   41.601559000000002      ( -7.00004921E-06,  0.00000000    )
   41.662917999999998      ( -1.10001210E-05,  0.00000000    )
   41.724277000000001      ( -1.30001690E-05,  0.00000000    )
   41.785637000000001      ( -1.50002252E-05,  0.00000000    )
   41.846995999999997      ( -1.60002564E-05,  0.00000000    )
   41.908355000000000      ( -1.80003244E-05,  0.00000000    )
   41.969714000000003      ( -2.00003997E-05,  0.00000000    )
   42.031073999999997      ( -2.30005298E-05,  0.00000000    )
   42.092433000000000      ( -2.60006764E-05,  0.00000000    )
   42.153792000000003      ( -2.80007844E-05,  0.00000000    )
   42.215150999999999      ( -2.90008411E-05,  0.00000000    )
   42.276510999999999      ( -2.80007844E-05,  0.00000000    )
   42.337870000000002      ( -2.40005756E-05,  0.00000000    )
   42.399228999999998      ( -1.90003611E-05,  0.00000000    )
   42.460588000000001      ( -1.30001690E-05,  0.00000000    )
   42.521946999999997      ( -7.00004921E-06,  0.00000000    )
   42.583306999999998      ( -2.00000409E-06,  0.00000000    )
   42.644666000000001      (  9.99998974E-07,  0.00000000    )
   42.706024999999997      (  1.99999590E-06,  0.00000000    )
   42.767384000000000      (  0.00000000    ,  0.00000000    )
   42.828744000000000      ( -3.00000897E-06,  0.00000000    )
   42.890103000000003      ( -6.00003614E-06,  0.00000000    )
   42.951461999999999      ( -9.00008126E-06,  0.00000000    )
   43.012821000000002      ( -9.00008126E-06,  0.00000000    )
   43.074181000000003      ( -7.00004921E-06,  0.00000000    )
   43.135539999999999      ( -3.00000897E-06,  0.00000000    )
   43.196899000000002      (  3.99998407E-06,  0.00000000    )
   43.258257999999998      (  1.29998307E-05,  0.00000000    )
   43.319617000000001      (  2.09995596E-05,  0.00000000    )
   43.380977000000001      (  2.79992164E-05,  0.00000000    )
   43.442335999999997      (  3.19989776E-05,  0.00000000    )
   43.503695000000000      (  3.19989776E-05,  0.00000000    )
   43.565054000000003      (  2.79992164E-05,  0.00000000    )
   43.626413999999997      (  2.19995163E-05,  0.00000000    )
   43.687773000000000      (  1.59997435E-05,  0.00000000    )
   43.749132000000003      (  9.99989970E-06,  0.00000000    )
   43.810490999999999      (  6.99995098E-06,  0.00000000    )
   43.871850999999999      (  6.99995098E-06,  0.00000000    )
   43.933210000000003      (  8.99991937E-06,  0.00000000    )
   43.994568999999998      (  1.19998558E-05,  0.00000000    )
   44.055928000000002      (  1.29998307E-05,  0.00000000    )
   44.117286999999997      (  1.19998558E-05,  0.00000000    )
   44.178646999999998      (  6.99995098E-06,  0.00000000    )
   44.240006000000001      ( -1.00000102E-06,  0.00000000    )
   44.301364999999997      ( -9.00008126E-06,  0.00000000    )
   44.362724000000000      ( -1.80003244E-05,  0.00000000    )
   44.424084000000001      ( -2.30005298E-05,  0.00000000    )
   44.485442999999997      ( -2.60006764E-05,  0.00000000    )
   44.546802000000000      ( -2.50006251E-05,  0.00000000    )
   44.608161000000003      ( -2.30005298E-05,  0.00000000    )
   44.669521000000003      ( -1.90003611E-05,  0.00000000    )
   44.730879999999999      ( -1.60002564E-05,  0.00000000    )
   44.792239000000002      ( -1.30001690E-05,  0.00000000    )
   44.853597999999998      ( -1.10001210E-05,  0.00000000    )
   44.914957000000001      ( -1.00000998E-05,  0.00000000    )
   44.976317000000002      ( -1.00000998E-05,  0.00000000    )
   45.037675999999998      ( -9.00008126E-06,  0.00000000    )
   45.099035000000001      ( -8.00006364E-06,  0.00000000    )
   45.160393999999997      ( -7.00004921E-06,  0.00000000    )
   45.221753999999997      ( -5.00002488E-06,  0.00000000    )
   45.283113000000000      ( -3.00000897E-06,  0.00000000    )
   45.344472000000003      ( -2.00000409E-06,  0.00000000    )
   45.405830999999999      (  9.99998974E-07,  0.00000000    )
   45.467191000000000      (  3.99998407E-06,  0.00000000    )
   45.528550000000003      (  7.99993632E-06,  0.00000000    )
   45.589908999999999      (  1.09998791E-05,  0.00000000    )
   45.651268000000002      (  1.39998037E-05,  0.00000000    )
   45.712626999999998      (  1.59997435E-05,  0.00000000    )
   45.773986999999998      (  1.59997435E-05,  0.00000000    )
   45.835346000000001      (  1.49997750E-05,  0.00000000    )
   45.896704999999997      (  1.39998037E-05,  0.00000000    )
   45.958064000000000      (  1.19998558E-05,  0.00000000    )
   46.019424000000001      (  1.19998558E-05,  0.00000000    )
   46.080782999999997      (  1.09998791E-05,  0.00000000    )
   46.142142000000000      (  1.09998791E-05,  0.00000000    )
   46.203501000000003      (  9.99989970E-06,  0.00000000    )
   46.264861000000003      (  6.99995098E-06,  0.00000000    )
   46.326219999999999      (  3.99998407E-06,  0.00000000    )
   46.387579000000002      (  0.00000000    ,  0.00000000    )
   46.448937999999998      ( -3.00000897E-06,  0.00000000    )
   46.510297000000001      ( -5.00002488E-06,  0.00000000    )
   46.571657000000002      ( -6.00003614E-06,  0.00000000    )
   46.633015999999998      ( -5.00002488E-06,  0.00000000    )
   46.694375000000001      ( -3.00000897E-06,  0.00000000    )
   46.755733999999997      ( -1.00000102E-06,  0.00000000    )
   46.817093999999997      (  0.00000000    ,  0.00000000    )
   46.878453000000000      ( -1.00000102E-06,  0.00000000    )
   46.939812000000003      ( -4.00001591E-06,  0.00000000    )
   47.001170999999999      ( -7.00004921E-06,  0.00000000    )
   47.062531000000000      ( -1.10001210E-05,  0.00000000    )
   47.123890000000003      ( -1.30001690E-05,  0.00000000    )
   47.185248999999999      ( -1.40001957E-05,  0.00000000    )
   47.246608000000002      ( -1.40001957E-05,  0.00000000    )
   47.307966999999998      ( -1.20001441E-05,  0.00000000    )
   47.369326999999998      ( -9.00008126E-06,  0.00000000    )
   47.430686000000001      ( -7.00004921E-06,  0.00000000    )
   47.492044999999997      ( -4.00001591E-06,  0.00000000    )
   47.553404000000000      ( -1.00000102E-06,  0.00000000    )
   47.614764000000001      (  1.99999590E-06,  0.00000000    )
   47.676122999999997      (  3.99998407E-06,  0.00000000    )
   47.737482000000000      (  5.99996383E-06,  0.00000000    )
   47.798841000000003      (  6.99995098E-06,  0.00000000    )
   47.860201000000004      (  5.99996383E-06,  0.00000000    )
   47.921559999999999      (  4.99997486E-06,  0.00000000    )
   47.982919000000003      (  3.99998407E-06,  0.00000000    )
   48.044277999999998      (  1.99999590E-06,  0.00000000    )
   48.105637999999999      (  9.99998974E-07,  0.00000000    )
   48.166997000000002      (  9.99998974E-07,  0.00000000    )
   48.228355999999998      (  9.99998974E-07,  0.00000000    )
   48.289715000000001      (  9.99998974E-07,  0.00000000    )
   48.351073999999997      (  9.99998974E-07,  0.00000000    )
   48.412433999999998      (  9.99998974E-07,  0.00000000    )
   48.473793000000001      (  9.99998974E-07,  0.00000000    )
   48.535151999999997      (  1.99999590E-06,  0.00000000    )
   48.596511000000000      (  2.99999101E-06,  0.00000000    )
   48.657871000000000      (  4.99997486E-06,  0.00000000    )
   48.719230000000003      (  6.99995098E-06,  0.00000000    )
   48.780588999999999      (  8.99991937E-06,  0.00000000    )
   48.841948000000002      (  9.99989970E-06,  0.00000000    )
   48.903308000000003      (  8.99991937E-06,  0.00000000    )
   48.964666999999999      (  5.99996383E-06,  0.00000000    )
   49.026026000000002      (  2.99999101E-06,  0.00000000    )
   49.087384999999998      ( -1.00000102E-06,  0.00000000    )
   49.148744000000001      ( -4.00001591E-06,  0.00000000    )
   49.210104000000001      ( -6.00003614E-06,  0.00000000    )
   49.271462999999997      ( -6.00003614E-06,  0.00000000    )
   49.332822000000000      ( -5.00002488E-06,  0.00000000    )
   49.394181000000003      ( -3.00000897E-06,  0.00000000    )
   49.455540999999997      ( -2.00000409E-06,  0.00000000    )
   49.516900000000000      ( -2.00000409E-06,  0.00000000    )
   49.578259000000003      ( -2.00000409E-06,  0.00000000    )
   49.639617999999999      ( -2.00000409E-06,  0.00000000    )
   49.700977999999999      ( -3.00000897E-06,  0.00000000    )
   49.762337000000002      ( -3.00000897E-06,  0.00000000    )
   49.823695999999998      ( -3.00000897E-06,  0.00000000    )
   49.885055000000001      ( -3.00000897E-06,  0.00000000    )
   49.946413999999997      ( -4.00001591E-06,  0.00000000    )
   50.007773999999998      ( -5.00002488E-06,  0.00000000    )
   50.069133000000001      ( -6.00003614E-06,  0.00000000    )
   50.130491999999997      ( -7.00004921E-06,  0.00000000    )
   50.191851000000000      ( -7.00004921E-06,  0.00000000    )
   50.253211000000000      ( -6.00003614E-06,  0.00000000    )
   50.314570000000003      ( -4.00001591E-06,  0.00000000    )
   50.375928999999999      ( -1.00000102E-06,  0.00000000    )
   50.437288000000002      (  1.99999590E-06,  0.00000000    )
   50.498648000000003      (  4.99997486E-06,  0.00000000    )
   50.560006999999999      (  5.99996383E-06,  0.00000000    )
   50.621366000000002      (  6.99995098E-06,  0.00000000    )
   50.682724999999998      (  6.99995098E-06,  0.00000000    )
   50.744084000000001      (  5.99996383E-06,  0.00000000    )
   50.805444000000001      (  4.99997486E-06,  0.00000000    )
   50.866802999999997      (  4.99997486E-06,  0.00000000    )
   50.928162000000000      (  3.99998407E-06,  0.00000000    )
   50.989521000000003      (  2.99999101E-06,  0.00000000    )
   51.050880999999997      (  1.99999590E-06,  0.00000000    )
   51.112240000000000      (  9.99998974E-07,  0.00000000    )
   51.173599000000003      (  0.00000000    ,  0.00000000    )
   51.234957999999999      (  0.00000000    ,  0.00000000    )
   51.296317999999999      (  0.00000000    ,  0.00000000    )
   51.357677000000002      (  1.99999590E-06,  0.00000000    )
   51.419035999999998      (  3.99998407E-06,  0.00000000    )
   51.480395000000001      (  5.99996383E-06,  0.00000000    )
   51.541753999999997      (  6.99995098E-06,  0.00000000    )
   51.603113999999998      (  5.99996383E-06,  0.00000000    )
   51.664473000000001      (  3.99998407E-06,  0.00000000    )
   51.725831999999997      (  9.99998974E-07,  0.00000000    )
   51.787191000000000      ( -3.00000897E-06,  0.00000000    )
   51.848551000000000      ( -7.00004921E-06,  0.00000000    )
   51.909910000000004      ( -9.00008126E-06,  0.00000000    )
   51.971268999999999      ( -1.00000998E-05,  0.00000000    )
   52.032628000000003      ( -9.00008126E-06,  0.00000000    )
   52.093988000000003      ( -8.00006364E-06,  0.00000000    )
   52.155346999999999      ( -5.00002488E-06,  0.00000000    )
   52.216706000000002      ( -2.00000409E-06,  0.00000000    )
   52.278064999999998      (  0.00000000    ,  0.00000000    )
   52.339424000000001      (  1.99999590E-06,  0.00000000    )
   52.400784000000002      (  2.99999101E-06,  0.00000000    )
   52.462142999999998      (  2.99999101E-06,  0.00000000    )
   52.523502000000001      (  9.99998974E-07,  0.00000000    )
   52.584860999999997      ( -1.00000102E-06,  0.00000000    )
   52.646220999999997      ( -4.00001591E-06,  0.00000000    )
   52.707580000000000      ( -6.00003614E-06,  0.00000000    )
   52.768939000000003      ( -6.00003614E-06,  0.00000000    )
   52.830297999999999      ( -5.00002488E-06,  0.00000000    )
   52.891658000000000      ( -1.00000102E-06,  0.00000000    )
   52.953017000000003      (  2.99999101E-06,  0.00000000    )
   53.014375999999999      (  5.99996383E-06,  0.00000000    )
   53.075735000000002      (  7.99993632E-06,  0.00000000    )
   53.137093999999998      (  7.99993632E-06,  0.00000000    )
   53.198453999999998      (  4.99997486E-06,  0.00000000    )
   53.259813000000001      (  9.99998974E-07,  0.00000000    )
   53.321171999999997      ( -3.00000897E-06,  0.00000000    )
   53.382531000000000      ( -5.00002488E-06,  0.00000000    )
   53.443891000000001      ( -5.00002488E-06,  0.00000000    )
   53.505249999999997      ( -3.00000897E-06,  0.00000000    )
   53.566609000000000      (  1.99999590E-06,  0.00000000    )
   53.627968000000003      (  5.99996383E-06,  0.00000000    )
   53.689328000000003      (  8.99991937E-06,  0.00000000    )
   53.750686999999999      (  8.99991937E-06,  0.00000000    )
   53.812046000000002      (  7.99993632E-06,  0.00000000    )
   53.873404999999998      (  3.99998407E-06,  0.00000000    )
   53.934764999999999      (  9.99998974E-07,  0.00000000    )
   53.996124000000002      ( -2.00000409E-06,  0.00000000    )
   54.057482999999998      ( -3.00000897E-06,  0.00000000    )
   54.118842000000001      ( -3.00000897E-06,  0.00000000    )
   54.180200999999997      ( -2.00000409E-06,  0.00000000    )
   54.241560999999997      ( -1.00000102E-06,  0.00000000    )
   54.302920000000000      ( -1.00000102E-06,  0.00000000    )
   54.364279000000003      ( -1.00000102E-06,  0.00000000    )
   54.425637999999999      ( -2.00000409E-06,  0.00000000    )
   54.486998000000000      ( -3.00000897E-06,  0.00000000    )
   54.548357000000003      ( -3.00000897E-06,  0.00000000    )
   54.609715999999999      ( -2.00000409E-06,  0.00000000    )
   54.671075000000002      ( -2.00000409E-06,  0.00000000    )
   54.732435000000002      ( -1.00000102E-06,  0.00000000    )
   54.793793999999998      ( -1.00000102E-06,  0.00000000    )
   54.855153000000001      ( -2.00000409E-06,  0.00000000    )
   54.916511999999997      ( -3.00000897E-06,  0.00000000    )
   54.977871000000000      ( -4.00001591E-06,  0.00000000    )
   55.039231000000001      ( -5.00002488E-06,  0.00000000    )
   55.100589999999997      ( -5.00002488E-06,  0.00000000    )
   55.161949000000000      ( -3.00000897E-06,  0.00000000    )
   55.223308000000003      ( -1.00000102E-06,  0.00000000    )
   55.284668000000003      (  9.99998974E-07,  0.00000000    )
   55.346026999999999      (  2.99999101E-06,  0.00000000    )
   55.407386000000002      (  3.99998407E-06,  0.00000000    )
   55.468744999999998      (  3.99998407E-06,  0.00000000    )
   55.530104999999999      (  3.99998407E-06,  0.00000000    )
   55.591464000000002      (  3.99998407E-06,  0.00000000    )
   55.652822999999998      (  3.99998407E-06,  0.00000000    )
   55.714182000000001      (  3.99998407E-06,  0.00000000    )
   55.775540999999997      (  2.99999101E-06,  0.00000000    )
   55.836900999999997      (  2.99999101E-06,  0.00000000    )
   55.898260000000001      (  1.99999590E-06,  0.00000000    )
   55.959619000000004      (  9.99998974E-07,  0.00000000    )
   56.020977999999999      (  0.00000000    ,  0.00000000    )
   56.082338000000000      ( -1.00000102E-06,  0.00000000    )
   56.143697000000003      ( -1.00000102E-06,  0.00000000    )
   56.205055999999999      ( -2.00000409E-06,  0.00000000    )
   56.266415000000002      ( -2.00000409E-06,  0.00000000    )
   56.327775000000003      ( -2.00000409E-06,  0.00000000    )
   56.389133999999999      ( -2.00000409E-06,  0.00000000    )
   56.450493000000002      ( -2.00000409E-06,  0.00000000    )
   56.511851999999998      ( -1.00000102E-06,  0.00000000    )
   56.573211000000001      (  0.00000000    ,  0.00000000    )
   56.634571000000001      (  1.99999590E-06,  0.00000000    )
   56.695929999999997      (  3.99998407E-06,  0.00000000    )
   56.757289000000000      (  4.99997486E-06,  0.00000000    )
   56.818648000000003      (  4.99997486E-06,  0.00000000    )
   56.880007999999997      (  2.99999101E-06,  0.00000000    )
   56.941367000000000      (  9.99998974E-07,  0.00000000    )
   57.002726000000003      ( -2.00000409E-06,  0.00000000    )
   57.064084999999999      ( -4.00001591E-06,  0.00000000    )
   57.125444999999999      ( -6.00003614E-06,  0.00000000    )
   57.186804000000002      ( -5.00002488E-06,  0.00000000    )
   57.248162999999998      ( -4.00001591E-06,  0.00000000    )
   57.309522000000001      ( -1.00000102E-06,  0.00000000    )
   57.370880999999997      (  0.00000000    ,  0.00000000    )
   57.432240999999998      (  9.99998974E-07,  0.00000000    )
   57.493600000000001      (  9.99998974E-07,  0.00000000    )
   57.554958999999997      ( -1.00000102E-06,  0.00000000    )
   57.616318000000000      ( -3.00000897E-06,  0.00000000    )
   57.677678000000000      ( -4.00001591E-06,  0.00000000    )
   57.739037000000003      ( -4.00001591E-06,  0.00000000    )
   57.800395999999999      ( -3.00000897E-06,  0.00000000    )
   57.861755000000002      ( -1.00000102E-06,  0.00000000    )
   57.923115000000003      (  9.99998974E-07,  0.00000000    )
   57.984473999999999      (  9.99998974E-07,  0.00000000    )
   58.045833000000002      (  9.99998974E-07,  0.00000000    )
   58.107191999999998      (  0.00000000    ,  0.00000000    )
   58.168551000000001      (  0.00000000    ,  0.00000000    )
   58.229911000000001      (  0.00000000    ,  0.00000000    )
   58.291269999999997      (  9.99998974E-07,  0.00000000    )
   58.352629000000000      (  2.99999101E-06,  0.00000000    )
   58.413988000000003      (  4.99997486E-06,  0.00000000    )
   58.475347999999997      (  6.99995098E-06,  0.00000000    )
   58.536707000000000      (  6.99995098E-06,  0.00000000    )
   58.598066000000003      (  5.99996383E-06,  0.00000000    )
   58.659424999999999      (  2.99999101E-06,  0.00000000    )
   58.720784999999999      (  9.99998974E-07,  0.00000000    )
   58.782144000000002      (  0.00000000    ,  0.00000000    )
   58.843502999999998      (  0.00000000    ,  0.00000000    )
   58.904862000000001      (  9.99998974E-07,  0.00000000    )
   58.966220999999997      (  1.99999590E-06,  0.00000000    )
   59.027580999999998      (  2.99999101E-06,  0.00000000    )
   59.088940000000001      (  1.99999590E-06,  0.00000000    )
   59.150298999999997      ( -1.00000102E-06,  0.00000000    )
   59.211658000000000      ( -5.00002488E-06,  0.00000000    )
   59.273018000000000      ( -8.00006364E-06,  0.00000000    )
   59.334377000000003      ( -1.10001210E-05,  0.00000000    )
   59.395735999999999      ( -1.00000998E-05,  0.00000000    )
   59.457095000000002      ( -8.00006364E-06,  0.00000000    )
   59.518455000000003      ( -4.00001591E-06,  0.00000000    )
   59.579813999999999      (  0.00000000    ,  0.00000000    )
   59.641173000000002      (  2.99999101E-06,  0.00000000    )
   59.702531999999998      (  2.99999101E-06,  0.00000000    )
   59.763891000000001      (  9.99998974E-07,  0.00000000    )
   59.825251000000002      ( -1.00000102E-06,  0.00000000    )
   59.886609999999997      ( -4.00001591E-06,  0.00000000    )
   59.947969000000001      ( -4.00001591E-06,  0.00000000    )
   60.009327999999996      ( -3.00000897E-06,  0.00000000    )
   60.070687999999997      (  9.99998974E-07,  0.00000000    )
   60.132047000000000      (  4.99997486E-06,  0.00000000    )
   60.193406000000003      (  8.99991937E-06,  0.00000000    )
   60.254764999999999      (  9.99989970E-06,  0.00000000    )
   60.316125000000000      (  8.99991937E-06,  0.00000000    )
   60.377484000000003      (  5.99996383E-06,  0.00000000    )
   60.438842999999999      (  1.99999590E-06,  0.00000000    )
   60.500202000000002      ( -2.00000409E-06,  0.00000000    )
   60.561562000000002      ( -4.00001591E-06,  0.00000000    )
   60.622920999999998      ( -4.00001591E-06,  0.00000000    )
   60.684280000000001      ( -3.00000897E-06,  0.00000000    )
   60.745638999999997      (  0.00000000    ,  0.00000000    )
   60.806998000000000      (  2.99999101E-06,  0.00000000    )
   60.868358000000001      (  3.99998407E-06,  0.00000000    )
   60.929716999999997      (  3.99998407E-06,  0.00000000    )
   60.991076000000000      (  2.99999101E-06,  0.00000000    )
   61.052435000000003      (  9.99998974E-07,  0.00000000    )
   61.113795000000003      ( -1.00000102E-06,  0.00000000    )
   61.175153999999999      ( -3.00000897E-06,  0.00000000    )
   61.236513000000002      ( -3.00000897E-06,  0.00000000    )
   61.297871999999998      ( -3.00000897E-06,  0.00000000    )
   61.359231999999999      ( -3.00000897E-06,  0.00000000    )
   61.420591000000002      ( -3.00000897E-06,  0.00000000    )
   61.481949999999998      ( -3.00000897E-06,  0.00000000    )
   61.543309000000001      ( -3.00000897E-06,  0.00000000    )
   61.604667999999997      ( -4.00001591E-06,  0.00000000    )
   61.666027999999997      ( -4.00001591E-06,  0.00000000    )
   61.727387000000000      ( -4.00001591E-06,  0.00000000    )
   61.788746000000003      ( -3.00000897E-06,  0.00000000    )
   61.850104999999999      ( -2.00000409E-06,  0.00000000    )
   61.911465000000000      (  9.99998974E-07,  0.00000000    )
   61.972824000000003      (  2.99999101E-06,  0.00000000    )
   62.034182999999999      (  4.99997486E-06,  0.00000000    )
   62.095542000000002      (  5.99996383E-06,  0.00000000    )
   62.156902000000002      (  5.99996383E-06,  0.00000000    )
   62.218260999999998      (  4.99997486E-06,  0.00000000    )
   62.279620000000001      (  2.99999101E-06,  0.00000000    )
   62.340978999999997      (  0.00000000    ,  0.00000000    )
   62.402338000000000      ( -2.00000409E-06,  0.00000000    )
   62.463698000000001      ( -4.00001591E-06,  0.00000000    )
   62.525056999999997      ( -4.00001591E-06,  0.00000000    )
   62.586416000000000      ( -4.00001591E-06,  0.00000000    )
   62.647775000000003      ( -3.00000897E-06,  0.00000000    )
   62.709135000000003      ( -1.00000102E-06,  0.00000000    )
   62.770493999999999      (  9.99998974E-07,  0.00000000    )
