 alpha           1
 m               0
 n               0
 mu              0
 nu              0
 khi             0

   0.0000000000000000      ( -13.6652260    ,  0.00000000    )
   6.1359231500000000E-002 ( -13.7506008    ,  0.00000000    )
  0.12271846300000000      ( -13.9735661    ,  0.00000000    )
  0.18407769500000001      ( -14.2756214    ,  0.00000000    )
  0.24543692600000000      ( -14.5926933    ,  0.00000000    )
  0.30679615799999999      ( -14.8627186    ,  0.00000000    )
  0.36815538900000000      ( -15.0332451    ,  0.00000000    )
  0.42951462099999999      ( -15.0672235    ,  0.00000000    )
  0.49087385200000000      ( -14.9459934    ,  0.00000000    )
  0.55223308400000004      ( -14.6693010    ,  0.00000000    )
  0.61359231500000000      ( -14.2527390    ,  0.00000000    )
  0.67495154700000004      ( -13.7233067    ,  0.00000000    )
  0.73631077800000000      ( -13.1139536    ,  0.00000000    )
  0.79767001000000004      ( -12.4580231    ,  0.00000000    )
  0.85902924100000000      ( -11.7845249    ,  0.00000000    )
  0.92038847300000004      ( -11.1150026    ,  0.00000000    )
  0.98174770400000000      ( -10.4624071    ,  0.00000000    )
   1.0431069399999999      ( -9.83187294    ,  0.00000000    )
   1.1044661700000000      ( -9.22285271    ,  0.00000000    )
   1.1658253999999999      ( -8.63179970    ,  0.00000000    )
   1.2271846300000000      ( -8.05461979    ,  0.00000000    )
   1.2885438600000001      ( -7.48838043    ,  0.00000000    )
   1.3499030900000000      ( -6.93208456    ,  0.00000000    )
   1.4112623200000001      ( -6.38662434    ,  0.00000000    )
   1.4726215600000001      ( -5.85417461    ,  0.00000000    )
   1.5339807900000000      ( -5.33737516    ,  0.00000000    )
   1.5953400200000001      ( -4.83860445    ,  0.00000000    )
   1.6566992500000000      ( -4.35955906    ,  0.00000000    )
   1.7180584800000001      ( -3.90121675    ,  0.00000000    )
   1.7794177099999999      ( -3.46410990    ,  0.00000000    )
   1.8407769500000000      ( -3.04873109    ,  0.00000000    )
   1.9021361800000001      ( -2.65587091    ,  0.00000000    )
   1.9634954099999999      ( -2.28674531    ,  0.00000000    )
   2.0248546400000000      ( -1.94288933    ,  0.00000000    )
   2.0862138699999999      ( -1.62589312    ,  0.00000000    )
   2.1475730999999998      ( -1.33709908    ,  0.00000000    )
   2.2089323300000001      ( -1.07736886    ,  0.00000000    )
   2.2702915699999999      (-0.846971929    ,  0.00000000    )
   2.3316507999999998      (-0.645598292    ,  0.00000000    )
   2.3930100300000001      (-0.472464174    ,  0.00000000    )
   2.4543692600000000      (-0.326462060    ,  0.00000000    )
   2.5157284899999999      (-0.206305325    ,  0.00000000    )
   2.5770877200000002      (-0.110627159    ,  0.00000000    )
   2.6384469600000000      ( -3.80138457E-02,  0.00000000    )
   2.6998061899999999      (  1.30192740E-02,  0.00000000    )
   2.7611654200000002      (  4.40771207E-02,  0.00000000    )
   2.8225246500000001      (  5.69226108E-02,  0.00000000    )
   2.8838838800000000      (  5.34815341E-02,  0.00000000    )
   2.9452431099999998      (  3.58181484E-02,  0.00000000    )
   3.0066023400000002      (  6.10133819E-03,  0.00000000    )
   3.0679615800000000      ( -3.34209241E-02,  0.00000000    )
   3.1293208099999998      ( -8.04365277E-02,  0.00000000    )
   3.1906800400000002      (-0.132585570    ,  0.00000000    )
   3.2520392700000000      (-0.187492222    ,  0.00000000    )
   3.3133984999999999      (-0.242817119    ,  0.00000000    )
   3.3747577299999998      (-0.296323597    ,  0.00000000    )
   3.4361169600000001      (-0.345947057    ,  0.00000000    )
   3.4974761999999999      (-0.389859438    ,  0.00000000    )
   3.5588354299999998      (-0.426525503    ,  0.00000000    )
   3.6201946600000001      (-0.454749018    ,  0.00000000    )
   3.6815538900000000      (-0.473704517    ,  0.00000000    )
   3.7429131199999999      (-0.482949167    ,  0.00000000    )
   3.8042723500000002      (-0.482414246    ,  0.00000000    )
   3.8656315900000000      (-0.472379267    ,  0.00000000    )
   3.9269908199999999      (-0.453437418    ,  0.00000000    )
   3.9883500500000002      (-0.426456004    ,  0.00000000    )
   4.0497092800000001      (-0.392531246    ,  0.00000000    )
   4.1110685100000000      (-0.352934629    ,  0.00000000    )
   4.1724277399999998      (-0.309050560    ,  0.00000000    )
   4.2337869699999997      (-0.262311280    ,  0.00000000    )
   4.2951462100000004      (-0.214138657    ,  0.00000000    )
   4.3565054400000003      (-0.165898472    ,  0.00000000    )
   4.4178646700000002      (-0.118867159    ,  0.00000000    )
   4.4792239000000000      ( -7.42054507E-02,  0.00000000    )
   4.5405831299999999      ( -3.29342969E-02,  0.00000000    )
   4.6019423599999998      (  4.08744439E-03,  0.00000000    )
   4.6633015999999996      (  3.61802466E-02,  0.00000000    )
   4.7246608300000004      (  6.28531650E-02,  0.00000000    )
   4.7860200600000002      (  8.38049278E-02,  0.00000000    )
   4.8473792900000001      (  9.89189297E-02,  0.00000000    )
   4.9087385200000000      ( 0.108253881    ,  0.00000000    )
   4.9700977499999999      ( 0.112029485    ,  0.00000000    )
   5.0314569799999997      ( 0.110605732    ,  0.00000000    )
   5.0928162199999996      ( 0.104456492    ,  0.00000000    )
   5.1541754500000003      (  9.41405743E-02,  0.00000000    )
   5.2155346800000002      (  8.02747011E-02,  0.00000000    )
   5.2768939100000001      (  6.35103434E-02,  0.00000000    )
   5.3382531400000000      (  4.45138067E-02,  0.00000000    )
   5.3996123699999998      (  2.39473060E-02,  0.00000000    )
   5.4609715999999997      (  2.45121983E-03,  0.00000000    )
   5.5223308400000004      ( -1.93698257E-02,  0.00000000    )
   5.5836900700000003      ( -4.09537815E-02,  0.00000000    )
   5.6450493000000002      ( -6.17805719E-02,  0.00000000    )
   5.7064085300000000      ( -8.13678429E-02,  0.00000000    )
   5.7677677599999999      ( -9.92686599E-02,  0.00000000    )
   5.8291269899999998      (-0.115074895    ,  0.00000000    )
   5.8904862299999996      (-0.128425926    ,  0.00000000    )
   5.9518454600000004      (-0.139019266    ,  0.00000000    )
   6.0132046900000002      (-0.146619827    ,  0.00000000    )
   6.0745639200000001      (-0.151066080    ,  0.00000000    )
   6.1359231500000000      (-0.152273834    ,  0.00000000    )
   6.1972823799999999      (-0.150238067    ,  0.00000000    )
   6.2586416099999997      (-0.145033255    ,  0.00000000    )
   6.3200008499999996      (-0.136812136    ,  0.00000000    )
   6.3813600800000003      (-0.125803739    ,  0.00000000    )
   6.4427193100000002      (-0.112311698    ,  0.00000000    )
   6.5040785400000001      ( -9.67132226E-02,  0.00000000    )
   6.5654377700000000      ( -7.94560164E-02,  0.00000000    )
   6.6267969999999998      ( -6.10495768E-02,  0.00000000    )
   6.6881562399999996      ( -4.20478620E-02,  0.00000000    )
   6.7495154700000004      ( -2.30242070E-02,  0.00000000    )
   6.8108747000000003      ( -4.54291934E-03,  0.00000000    )
   6.8722339300000002      (  1.28665892E-02,  0.00000000    )
   6.9335931600000000      (  2.87293047E-02,  0.00000000    )
   6.9949523899999999      (  4.26374078E-02,  0.00000000    )
   7.0563116199999998      (  5.42585142E-02,  0.00000000    )
   7.1176708599999996      (  6.33417517E-02,  0.00000000    )
   7.1790300900000004      (  6.97225779E-02,  0.00000000    )
   7.2403893200000002      (  7.33259693E-02,  0.00000000    )
   7.3017485500000001      (  7.41671249E-02,  0.00000000    )
   7.3631077800000000      (  7.23492205E-02,  0.00000000    )
   7.4244670099999999      (  6.80575073E-02,  0.00000000    )
   7.4858262399999997      (  6.15491606E-02,  0.00000000    )
   7.5471854799999996      (  5.31382374E-02,  0.00000000    )
   7.6085447100000003      (  4.31769043E-02,  0.00000000    )
   7.6699039400000002      (  3.20358314E-02,  0.00000000    )
   7.7312631700000001      (  2.00878847E-02,  0.00000000    )
   7.7926223999999999      (  7.69771682E-03,  0.00000000    )
   7.8539816299999998      ( -4.78287786E-03,  0.00000000    )
   7.9153408699999996      ( -1.70168821E-02,  0.00000000    )
   7.9767001000000004      ( -2.86848396E-02,  0.00000000    )
   8.0380593299999994      ( -3.94903906E-02,  0.00000000    )
   8.0994185600000002      ( -4.91679423E-02,  0.00000000    )
   8.1607777899999991      ( -5.74903488E-02,  0.00000000    )
   8.2221370199999999      ( -6.42747134E-02,  0.00000000    )
   8.2834962500000007      ( -6.93856329E-02,  0.00000000    )
   8.3448554900000005      ( -7.27362186E-02,  0.00000000    )
   8.4062147199999995      ( -7.42873922E-02,  0.00000000    )
   8.4675739500000002      ( -7.40457103E-02,  0.00000000    )
   8.5289331799999992      ( -7.20604658E-02,  0.00000000    )
   8.5902924100000000      ( -6.84208050E-02,  0.00000000    )
   8.6516516400000008      ( -6.32539168E-02,  0.00000000    )
   8.7130108800000006      ( -5.67241050E-02,  0.00000000    )
   8.7743701099999996      ( -4.90312800E-02,  0.00000000    )
   8.8357293400000003      ( -4.04070355E-02,  0.00000000    )
   8.8970885699999993      ( -3.11072022E-02,  0.00000000    )
   8.9584478000000001      ( -2.14018505E-02,  0.00000000    )
   9.0198070300000008      ( -1.15650557E-02,  0.00000000    )
   9.0811662599999998      ( -1.86652329E-03,  0.00000000    )
   9.1425254999999996      (  7.43446080E-03,  0.00000000    )
   9.2038847300000004      (  1.60939246E-02,  0.00000000    )
   9.2652439599999994      (  2.38885991E-02,  0.00000000    )
   9.3266031900000002      (  3.06225233E-02,  0.00000000    )
   9.3879624199999991      (  3.61342430E-02,  0.00000000    )
   9.4493216499999999      (  4.03032750E-02,  0.00000000    )
   9.5106808800000007      (  4.30546477E-02,  0.00000000    )
   9.5720401200000005      (  4.43609692E-02,  0.00000000    )
   9.6333993499999995      (  4.42416519E-02,  0.00000000    )
   9.6947585800000002      (  4.27593365E-02,  0.00000000    )
   9.7561178099999992      (  4.00136486E-02,  0.00000000    )
   9.8174770400000000      (  3.61335613E-02,  0.00000000    )
   9.8788362700000008      (  3.12700719E-02,  0.00000000    )
   9.9401955100000006      (  2.55910046E-02,  0.00000000    )
   10.001554700000000      (  1.92782264E-02,  0.00000000    )
   10.062913999999999      (  1.25259366E-02,  0.00000000    )
   10.124273199999999      (  5.53779351E-03,  0.00000000    )
   10.185632399999999      ( -1.47877506E-03,  0.00000000    )
   10.246991700000001      ( -8.32089037E-03,  0.00000000    )
   10.308350900000001      ( -1.47994217E-02,  0.00000000    )
   10.369710100000001      ( -2.07468495E-02,  0.00000000    )
   10.431069400000000      ( -2.60223150E-02,  0.00000000    )
   10.492428600000000      ( -3.05135641E-02,  0.00000000    )
   10.553787800000000      ( -3.41362804E-02,  0.00000000    )
   10.615147100000000      ( -3.68316583E-02,  0.00000000    )
   10.676506300000000      ( -3.85632217E-02,  0.00000000    )
   10.737865500000000      ( -3.93140279E-02,  0.00000000    )
   10.799224700000000      ( -3.90855670E-02,  0.00000000    )
   10.860583999999999      ( -3.78989168E-02,  0.00000000    )
   10.921943199999999      ( -3.57976370E-02,  0.00000000    )
   10.983302399999999      ( -3.28505822E-02,  0.00000000    )
   11.044661700000001      ( -2.91526131E-02,  0.00000000    )
   11.106020900000001      ( -2.48221103E-02,  0.00000000    )
   11.167380100000001      ( -1.99956223E-02,  0.00000000    )
   11.228739400000000      ( -1.48211690E-02,  0.00000000    )
   11.290098600000000      ( -9.45172831E-03,  0.00000000    )
   11.351457800000000      ( -4.03967593E-03,  0.00000000    )
   11.412817100000000      (  1.26773817E-03,  0.00000000    )
   11.474176300000000      (  6.33205334E-03,  0.00000000    )
   11.535535500000000      (  1.10264104E-02,  0.00000000    )
   11.596894799999999      (  1.52374692E-02,  0.00000000    )
   11.658253999999999      (  1.88667122E-02,  0.00000000    )
   11.719613200000000      (  2.18317863E-02,  0.00000000    )
   11.780972500000001      (  2.40685232E-02,  0.00000000    )
   11.842331700000001      (  2.55335979E-02,  0.00000000    )
   11.903690900000001      (  2.62070522E-02,  0.00000000    )
   11.965050099999999      (  2.60936208E-02,  0.00000000    )
   12.026409400000000      (  2.52222903E-02,  0.00000000    )
   12.087768600000000      (  2.36442685E-02,  0.00000000    )
   12.149127800000000      (  2.14300249E-02,  0.00000000    )
   12.210487100000000      (  1.86658800E-02,  0.00000000    )
   12.271846300000000      (  1.54502355E-02,  0.00000000    )
   12.333205500000000      (  1.18893813E-02,  0.00000000    )
   12.394564799999999      (  8.09314754E-03,  0.00000000    )
   12.455924000000000      (  4.17108228E-03,  0.00000000    )
   12.517283200000000      (  2.29809273E-04,  0.00000000    )
   12.578642500000001      ( -3.62838339E-03,  0.00000000    )
   12.640001699999999      ( -7.30637414E-03,  0.00000000    )
   12.701360899999999      ( -1.07133379E-02,  0.00000000    )
   12.762720200000000      ( -1.37666268E-02,  0.00000000    )
   12.824079400000000      ( -1.63941588E-02,  0.00000000    )
   12.885438600000001      ( -1.85366850E-02,  0.00000000    )
   12.946797800000001      ( -2.01494992E-02,  0.00000000    )
   13.008157100000000      ( -2.12035254E-02,  0.00000000    )
   13.069516300000000      ( -2.16859281E-02,  0.00000000    )
   13.130875500000000      ( -2.16002185E-02,  0.00000000    )
   13.192234800000000      ( -2.09656209E-02,  0.00000000    )
   13.253594000000000      ( -1.98155176E-02,  0.00000000    )
   13.314953200000000      ( -1.81953087E-02,  0.00000000    )
   13.376312499999999      ( -1.61603019E-02,  0.00000000    )
   13.437671699999999      ( -1.37741920E-02,  0.00000000    )
   13.499030899999999      ( -1.11080678E-02,  0.00000000    )
   13.560390200000001      ( -8.23934190E-03,  0.00000000    )
   13.621749400000001      ( -5.24992729E-03,  0.00000000    )
   13.683108600000001      ( -2.22353381E-03,  0.00000000    )
   13.744467900000000      (  7.57445523E-04,  0.00000000    )
   13.805827100000000      (  3.61473393E-03,  0.00000000    )
   13.867186300000000      (  6.27626199E-03,  0.00000000    )
   13.928545600000000      (  8.67763814E-03,  0.00000000    )
   13.989904800000000      (  1.07633006E-02,  0.00000000    )
   14.051264000000000      (  1.24875186E-02,  0.00000000    )
   14.112623200000000      (  1.38151404E-02,  0.00000000    )
   14.173982499999999      (  1.47220036E-02,  0.00000000    )
   14.235341699999999      (  1.51951276E-02,  0.00000000    )
   14.296700899999999      (  1.52329905E-02,  0.00000000    )
   14.358060200000001      (  1.48459915E-02,  0.00000000    )
   14.419419400000001      (  1.40567599E-02,  0.00000000    )
   14.480778600000001      (  1.28996931E-02,  0.00000000    )
   14.542137900000000      (  1.14193391E-02,  0.00000000    )
   14.603497100000000      (  9.66781285E-03,  0.00000000    )
   14.664856300000000      (  7.70199625E-03,  0.00000000    )
   14.726215600000000      (  5.58123784E-03,  0.00000000    )
   14.787574800000000      (  3.36585753E-03,  0.00000000    )
   14.848934000000000      (  1.11617218E-03,  0.00000000    )
   14.910293299999999      ( -1.10839203E-03,  0.00000000    )
   14.971652499999999      ( -3.25034140E-03,  0.00000000    )
   15.033011699999999      ( -5.25526516E-03,  0.00000000    )
   15.094371000000001      ( -7.07298890E-03,  0.00000000    )
   15.155730200000001      ( -8.65879189E-03,  0.00000000    )
   15.217089400000001      ( -9.97485593E-03,  0.00000000    )
   15.278448600000001      ( -1.09919254E-02,  0.00000000    )
   15.339807900000000      ( -1.16908187E-02,  0.00000000    )
   15.401167100000000      ( -1.20632015E-02,  0.00000000    )
   15.462526300000000      ( -1.21112997E-02,  0.00000000    )
   15.523885600000000      ( -1.18467007E-02,  0.00000000    )
   15.585244800000000      ( -1.12887612E-02,  0.00000000    )
   15.646604000000000      ( -1.04631297E-02,  0.00000000    )
   15.707963299999999      ( -9.40052606E-03,  0.00000000    )
   15.769322499999999      ( -8.13563447E-03,  0.00000000    )
   15.830681700000000      ( -6.70597143E-03,  0.00000000    )
   15.892041000000001      ( -5.15088625E-03,  0.00000000    )
   15.953400200000001      ( -3.51093197E-03,  0.00000000    )
   16.014759399999999      ( -1.82771496E-03,  0.00000000    )
   16.076118699999999      ( -1.43906364E-04,  0.00000000    )
   16.137477900000000      (  1.49712281E-03,  0.00000000    )
   16.198837099999999      (  3.05239949E-03,  0.00000000    )
   16.260196400000002      (  4.48108418E-03,  0.00000000    )
   16.321555600000000      (  5.74638369E-03,  0.00000000    )
   16.382914800000002      (  6.81716669E-03,  0.00000000    )
   16.444274000000000      (  7.66908797E-03,  0.00000000    )
   16.505633300000000      (  8.28527007E-03,  0.00000000    )
   16.566992500000001      (  8.65663122E-03,  0.00000000    )
   16.628351700000000      (  8.78179260E-03,  0.00000000    )
   16.689710999999999      (  8.66649020E-03,  0.00000000    )
   16.751070200000001      (  8.32257606E-03,  0.00000000    )
   16.812429399999999      (  7.76696252E-03,  0.00000000    )
   16.873788699999999      (  7.02086370E-03,  0.00000000    )
   16.935147900000000      (  6.10943465E-03,  0.00000000    )
   16.996507099999999      (  5.06148394E-03,  0.00000000    )
   17.057866400000002      (  3.90883395E-03,  0.00000000    )
   17.119225600000000      (  2.68515223E-03,  0.00000000    )
   17.180584799999998      (  1.42453297E-03,  0.00000000    )
   17.241944100000001      (  1.60333744E-04,  0.00000000    )
   17.303303300000000      ( -1.07541494E-03,  0.00000000    )
   17.364662500000001      ( -2.25213938E-03,  0.00000000    )
   17.426021800000001      ( -3.34082288E-03,  0.00000000    )
   17.487380999999999      ( -4.31447010E-03,  0.00000000    )
   17.548740200000001      ( -5.14901942E-03,  0.00000000    )
   17.610099399999999      ( -5.82449837E-03,  0.00000000    )
   17.671458699999999      ( -6.32613292E-03,  0.00000000    )
   17.732817900000001      ( -6.64519286E-03,  0.00000000    )
   17.794177099999999      ( -6.77942857E-03,  0.00000000    )
   17.855536399999998      ( -6.73292810E-03,  0.00000000    )
   17.916895600000000      ( -6.51526311E-03,  0.00000000    )
   17.978254799999998      ( -6.14001416E-03,  0.00000000    )
   18.039614100000001      ( -5.62311988E-03,  0.00000000    )
   18.100973300000000      ( -4.98172082E-03,  0.00000000    )
   18.162332500000002      ( -4.23396891E-03,  0.00000000    )
   18.223691800000001      ( -3.39971203E-03,  0.00000000    )
   18.285050999999999      ( -2.50136666E-03,  0.00000000    )
   18.346410200000001      ( -1.56413647E-03,  0.00000000    )
   18.407769500000001      ( -6.15106546E-04,  0.00000000    )
   18.469128699999999      (  3.18578357E-04,  0.00000000    )
   18.530487900000001      (  1.21174403E-03,  0.00000000    )
   18.591847099999999      (  2.04266538E-03,  0.00000000    )
   18.653206399999998      (  2.79357261E-03,  0.00000000    )
   18.714565600000000      (  3.45022045E-03,  0.00000000    )
   18.775924799999999      (  4.00088867E-03,  0.00000000    )
   18.837284100000002      (  4.43534972E-03,  0.00000000    )
   18.898643300000000      (  4.74434625E-03,  0.00000000    )
   18.960002500000002      (  4.92000999E-03,  0.00000000    )
   19.021361800000001      (  4.95730480E-03,  0.00000000    )
   19.082720999999999      (  4.85604955E-03,  0.00000000    )
   19.144080200000001      (  4.62259306E-03,  0.00000000    )
   19.205439500000001      (  4.27012751E-03,  0.00000000    )
   19.266798699999999      (  3.81713454E-03,  0.00000000    )
   19.328157900000001      (  3.28437169E-03,  0.00000000    )
   19.389517200000000      (  2.69160350E-03,  0.00000000    )
   19.450876399999999      (  2.05544336E-03,  0.00000000    )
   19.512235600000000      (  1.38913176E-03,  0.00000000    )
   19.573594900000000      (  7.04113569E-04,  0.00000000    )
   19.634954100000002      (  1.24894777E-05,  0.00000000    )
   19.696313300000000      ( -6.70889567E-04,  0.00000000    )
   19.757672500000002      ( -1.32765749E-03,  0.00000000    )
   19.819031800000001      ( -1.93690264E-03,  0.00000000    )
   19.880390999999999      ( -2.47762795E-03,  0.00000000    )
   19.941750200000001      ( -2.93191196E-03,  0.00000000    )
   20.003109500000001      ( -3.28765577E-03,  0.00000000    )
   20.064468699999999      ( -3.53986165E-03,  0.00000000    )
   20.125827900000001      ( -3.68989259E-03,  0.00000000    )
   20.187187200000000      ( -3.74302315E-03,  0.00000000    )
   20.248546399999999      ( -3.70540121E-03,  0.00000000    )
   20.309905600000000      ( -3.58184148E-03,  0.00000000    )
   20.371264900000000      ( -3.37543082E-03,  0.00000000    )
   20.432624100000002      ( -3.08897579E-03,  0.00000000    )
   20.493983300000000      ( -2.72737816E-03,  0.00000000    )
   20.555342599999999      ( -2.29964196E-03,  0.00000000    )
   20.616701800000001      ( -1.81950908E-03,  0.00000000    )
   20.678061000000000      ( -1.30445394E-03,  0.00000000    )
   20.739420299999999      ( -7.73487147E-04,  0.00000000    )
   20.800779500000001      ( -2.44620867E-04,  0.00000000    )
   20.862138699999999      (  2.67132709E-04,  0.00000000    )
   20.923497900000001      (  7.50612759E-04,  0.00000000    )
   20.984857200000000      (  1.19802088E-03,  0.00000000    )
   21.046216399999999      (  1.60339219E-03,  0.00000000    )
   21.107575600000001      (  1.96076231E-03,  0.00000000    )
   21.168934900000000      (  2.26293877E-03,  0.00000000    )
   21.230294099999998      (  2.50153593E-03,  0.00000000    )
   21.291653300000000      (  2.66831554E-03,  0.00000000    )
   21.353012600000000      (  2.75719049E-03,  0.00000000    )
   21.414371800000001      (  2.76592490E-03,  0.00000000    )
   21.475731000000000      (  2.69677071E-03,  0.00000000    )
   21.537090299999999      (  2.55588652E-03,  0.00000000    )
   21.598449500000001      (  2.35197879E-03,  0.00000000    )
   21.659808699999999      (  2.09484505E-03,  0.00000000    )
   21.721167999999999      (  1.79433904E-03,  0.00000000    )
   21.782527200000001      (  1.45991787E-03,  0.00000000    )
   21.843886399999999      (  1.10065483E-03,  0.00000000    )
   21.905245699999998      (  7.25495804E-04,  0.00000000    )
   21.966604900000000      (  3.43554653E-04,  0.00000000    )
   22.027964099999998      ( -3.57353420E-05,  0.00000000    )
   22.089323300000000      ( -4.02753940E-04,  0.00000000    )
   22.150682600000000      ( -7.48151971E-04,  0.00000000    )
   22.212041800000002      ( -1.06349308E-03,  0.00000000    )
   22.273401000000000      ( -1.34179369E-03,  0.00000000    )
   22.334760299999999      ( -1.57770596E-03,  0.00000000    )
   22.396119500000001      ( -1.76731637E-03,  0.00000000    )
   22.457478699999999      ( -1.90778845E-03,  0.00000000    )
   22.518837999999999      ( -1.99715910E-03,  0.00000000    )
   22.580197200000001      ( -2.03442317E-03,  0.00000000    )
   22.641556399999999      ( -2.01976695E-03,  0.00000000    )
   22.702915699999998      ( -1.95467565E-03,  0.00000000    )
   22.764274900000000      ( -1.84177456E-03,  0.00000000    )
   22.825634099999998      ( -1.68451562E-03,  0.00000000    )
   22.886993400000001      ( -1.48699176E-03,  0.00000000    )
   22.948352600000000      ( -1.25406892E-03,  0.00000000    )
   23.009711800000002      ( -9.91766574E-04,  0.00000000    )
   23.071071000000000      ( -7.07608880E-04,  0.00000000    )
   23.132430299999999      ( -4.10655630E-04,  0.00000000    )
   23.193789500000001      ( -1.11095731E-04,  0.00000000    )
   23.255148699999999      (  1.80519244E-04,  0.00000000    )
   23.316507999999999      (  4.54220222E-04,  0.00000000    )
   23.377867200000001      (  7.01553363E-04,  0.00000000    )
   23.439226399999999      (  9.16313496E-04,  0.00000000    )
   23.500585699999998      (  1.09488377E-03,  0.00000000    )
   23.561944900000000      (  1.23603386E-03,  0.00000000    )
   23.623304099999999      (  1.34020031E-03,  0.00000000    )
   23.684663400000002      (  1.40851934E-03,  0.00000000    )
   23.746022600000000      (  1.44204102E-03,  0.00000000    )
   23.807381800000002      (  1.44146348E-03,  0.00000000    )
   23.868741100000001      (  1.40741048E-03,  0.00000000    )
   23.930100299999999      (  1.34095515E-03,  0.00000000    )
   23.991459500000001      (  1.24398374E-03,  0.00000000    )
   24.052818800000001      (  1.11919153E-03,  0.00000000    )
   24.114177999999999      (  9.69809771E-04,  0.00000000    )
   24.175537200000001      (  7.99360510E-04,  0.00000000    )
   24.236896399999999      (  6.11668220E-04,  0.00000000    )
   24.298255699999999      (  4.11124027E-04,  0.00000000    )
   24.359614900000000      (  2.02991505E-04,  0.00000000    )
   24.420974099999999      ( -6.49817093E-06,  0.00000000    )
   24.482333400000002      ( -2.10402199E-04,  0.00000000    )
   24.543692600000000      ( -4.01661295E-04,  0.00000000    )
   24.605051799999998      ( -5.73905068E-04,  0.00000000    )
   24.666411100000001      ( -7.22263125E-04,  0.00000000    )
   24.727770300000000      ( -8.43922957E-04,  0.00000000    )
   24.789129500000001      ( -9.38175188E-04,  0.00000000    )
   24.850488800000001      ( -1.00582384E-03,  0.00000000    )
   24.911847999999999      ( -1.04812288E-03,  0.00000000    )
   24.973207200000001      ( -1.06570474E-03,  0.00000000    )
   25.034566500000000      ( -1.05806894E-03,  0.00000000    )
   25.095925699999999      ( -1.02396391E-03,  0.00000000    )
   25.157284900000001      ( -9.62518039E-04,  0.00000000    )
   25.218644200000000      ( -8.74536461E-04,  0.00000000    )
   25.280003399999998      ( -7.63265765E-04,  0.00000000    )
   25.341362600000000      ( -6.34205586E-04,  0.00000000    )
   25.402721799999998      ( -4.94037173E-04,  0.00000000    )
   25.464081100000001      ( -3.49151785E-04,  0.00000000    )
   25.525440300000000      ( -2.04401760E-04,  0.00000000    )
   25.586799500000001      ( -6.25518442E-05,  0.00000000    )
   25.648158800000001      (  7.53939821E-05,  0.00000000    )
   25.709517999999999      (  2.09145917E-04,  0.00000000    )
   25.770877200000001      (  3.37786623E-04,  0.00000000    )
   25.832236500000000      (  4.58703667E-04,  0.00000000    )
   25.893595699999999      (  5.67314215E-04,  0.00000000    )
   25.954954900000001      (  6.57809665E-04,  0.00000000    )
   26.016314200000000      (  7.24690093E-04,  0.00000000    )
   26.077673399999998      (  7.64446158E-04,  0.00000000    )
   26.139032600000000      (  7.76625820E-04,  0.00000000    )
   26.200391900000000      (  7.63802498E-04,  0.00000000    )
   26.261751100000001      (  7.30502419E-04,  0.00000000    )
   26.323110300000000      (  6.81634876E-04,  0.00000000    )
   26.384469599999999      (  6.21140527E-04,  0.00000000    )
   26.445828800000001      (  5.51362114E-04,  0.00000000    )
   26.507187999999999      (  4.73235676E-04,  0.00000000    )
   26.568547200000001      (  3.87040025E-04,  0.00000000    )
   26.629906500000001      (  2.93285557E-04,  0.00000000    )
   26.691265699999999      (  1.93369502E-04,  0.00000000    )
   26.752624900000001      (  8.97796708E-05,  0.00000000    )
   26.813984200000000      ( -1.41834616E-05,  0.00000000    )
   26.875343399999998      ( -1.15014729E-04,  0.00000000    )
   26.936702600000000      ( -2.09654463E-04,  0.00000000    )
   26.998061900000000      ( -2.95866193E-04,  0.00000000    )
   27.059421100000002      ( -3.72164330E-04,  0.00000000    )
   27.120780300000000      ( -4.37375595E-04,  0.00000000    )
   27.182139599999999      ( -4.90153849E-04,  0.00000000    )
   27.243498800000001      ( -5.28808276E-04,  0.00000000    )
   27.304857999999999      ( -5.51603327E-04,  0.00000000    )
   27.366217299999999      ( -5.57371066E-04,  0.00000000    )
   27.427576500000001      ( -5.46068361E-04,  0.00000000    )
   27.488935699999999      ( -5.18948305E-04,  0.00000000    )
   27.550294999999998      ( -4.78263013E-04,  0.00000000    )
   27.611654200000000      ( -4.26681276E-04,  0.00000000    )
   27.673013399999999      ( -3.66723223E-04,  0.00000000    )
   27.734372600000000      ( -3.00443207E-04,  0.00000000    )
   27.795731900000000      ( -2.29424812E-04,  0.00000000    )
   27.857091100000002      ( -1.55009140E-04,  0.00000000    )
   27.918450300000000      ( -7.86126475E-05,  0.00000000    )
   27.979809599999999      ( -1.98569478E-06,  0.00000000    )
   28.041168800000001      (  7.27147344E-05,  0.00000000    )
   28.102528000000000      (  1.43105077E-04,  0.00000000    )
   28.163887299999999      (  2.06963610E-04,  0.00000000    )
   28.225246500000001      (  2.62649351E-04,  0.00000000    )
   28.286605699999999      (  3.09310009E-04,  0.00000000    )
   28.347964999999999      (  3.46725225E-04,  0.00000000    )
   28.409324200000000      (  3.74847383E-04,  0.00000000    )
   28.470683399999999      (  3.93313036E-04,  0.00000000    )
   28.532042700000002      (  4.01242898E-04,  0.00000000    )
   28.593401900000000      (  3.97484517E-04,  0.00000000    )
   28.654761100000002      (  3.81183112E-04,  0.00000000    )
   28.716120300000000      (  3.52376548E-04,  0.00000000    )
   28.777479599999999      (  3.12314864E-04,  0.00000000    )
   28.838838800000001      (  2.63371359E-04,  0.00000000    )
   28.900198000000000      (  2.08612473E-04,  0.00000000    )
   28.961557299999999      (  1.51210290E-04,  0.00000000    )
   29.022916500000001      (  9.38909652E-05,  0.00000000    )
   29.084275699999999      (  3.85634703E-05,  0.00000000    )
   29.145634999999999      ( -1.37854640E-05,  0.00000000    )
   29.206994200000000      ( -6.29094720E-05,  0.00000000    )
   29.268353399999999      ( -1.08902561E-04,  0.00000000    )
   29.329712700000002      ( -1.51743705E-04,  0.00000000    )
   29.391071900000000      ( -1.90984385E-04,  0.00000000    )
   29.452431099999998      ( -2.25704789E-04,  0.00000000    )
   29.513790400000001      ( -2.54710030E-04,  0.00000000    )
   29.575149600000000      ( -2.76807434E-04,  0.00000000    )
   29.636508800000001      ( -2.90995551E-04,  0.00000000    )
   29.697868100000001      ( -2.96510494E-04,  0.00000000    )
   29.759227299999999      ( -2.92814220E-04,  0.00000000    )
   29.820586500000001      ( -2.79654341E-04,  0.00000000    )
   29.881945699999999      ( -2.57241190E-04,  0.00000000    )
   29.943304999999999      ( -2.26453209E-04,  0.00000000    )
   30.004664200000001      ( -1.88914506E-04,  0.00000000    )
   30.066023399999999      ( -1.46840190E-04,  0.00000000    )
   30.127382699999998      ( -1.02673897E-04,  0.00000000    )
   30.188741900000000      ( -5.86459028E-05,  0.00000000    )
   30.250101099999998      ( -1.64039211E-05,  0.00000000    )
   30.311460400000001      (  2.31761878E-05,  0.00000000    )
   30.372819600000000      (  5.99536725E-05,  0.00000000    )
   30.434178800000002      (  9.42638653E-05,  0.00000000    )
   30.495538100000001      (  1.26492479E-04,  0.00000000    )
   30.556897299999999      (  1.56607988E-04,  0.00000000    )
   30.618256500000001      (  1.83834811E-04,  0.00000000    )
   30.679615800000001      (  2.06637123E-04,  0.00000000    )
   30.740974999999999      (  2.23064577E-04,  0.00000000    )
   30.802334200000001      (  2.31336700E-04,  0.00000000    )
   30.863693500000000      (  2.30416903E-04,  0.00000000    )
   30.925052699999998      (  2.20337577E-04,  0.00000000    )
   30.986411900000000      (  2.02175695E-04,  0.00000000    )
   31.047771099999999      (  1.77747090E-04,  0.00000000    )
   31.109130400000002      (  1.49180356E-04,  0.00000000    )
   31.170489600000000      (  1.18516014E-04,  0.00000000    )
   31.231848800000002      (  8.74037287E-05,  0.00000000    )
   31.293208100000001      (  5.69163858E-05,  0.00000000    )
   31.354567299999999      (  2.74930899E-05,  0.00000000    )
   31.415926500000001      ( -9.69664484E-07,  0.00000000    )
   31.477285800000001      ( -2.88818246E-05,  0.00000000    )
   31.538644999999999      ( -5.66378330E-05,  0.00000000    )
   31.600004200000001      ( -8.43130038E-05,  0.00000000    )
   31.661363500000000      ( -1.11474539E-04,  0.00000000    )
   31.722722699999998      ( -1.37147639E-04,  0.00000000    )
   31.784081900000000      ( -1.59920266E-04,  0.00000000    )
   31.845441200000000      ( -1.78151298E-04,  0.00000000    )
   31.906800400000002      ( -1.90256993E-04,  0.00000000    )
   31.968159600000000      ( -1.95048051E-04,  0.00000000    )
   32.029518899999999      ( -1.92048203E-04,  0.00000000    )
   32.090878099999998      ( -1.81676776E-04,  0.00000000    )
   32.152237300000003      ( -1.65183621E-04,  0.00000000    )
   32.213596500000001      ( -1.44315563E-04,  0.00000000    )
   32.274955800000001      ( -1.20827564E-04,  0.00000000    )
   32.336314999999999      ( -9.60398320E-05,  0.00000000    )
   32.397674199999997      ( -7.06206629E-05,  0.00000000    )
   32.459033499999997      ( -4.46565173E-05,  0.00000000    )
   32.520392700000002      ( -1.79357521E-05,  0.00000000    )
   32.581751900000000      (  9.70011115E-06,  0.00000000    )
   32.643111200000000      (  3.80727215E-05,  0.00000000    )
   32.704470399999998      (  6.65269981E-05,  0.00000000    )
   32.765829600000004      (  9.39540114E-05,  0.00000000    )
   32.827188900000003      (  1.18958087E-04,  0.00000000    )
   32.888548100000001      (  1.40119766E-04,  0.00000000    )
   32.949907300000000      (  1.56274473E-04,  0.00000000    )
   33.011266599999999      (  1.66711514E-04,  0.00000000    )
   33.072625799999997      (  1.71225838E-04,  0.00000000    )
   33.133985000000003      (  1.70027357E-04,  0.00000000    )
   33.195344200000001      (  1.63585297E-04,  0.00000000    )
   33.256703500000000      (  1.52504217E-04,  0.00000000    )
   33.318062699999999      (  1.37476949E-04,  0.00000000    )
   33.379421899999997      (  1.19280347E-04,  0.00000000    )
   33.440781200000004      (  9.87405583E-05,  0.00000000    )
   33.502140400000002      (  7.66283847E-05,  0.00000000    )
   33.563499600000000      (  5.35219369E-05,  0.00000000    )
   33.624858900000000      (  2.97255774E-05,  0.00000000    )
   33.686218099999998      (  5.31569731E-06,  0.00000000    )
   33.747577300000003      ( -1.96896544E-05,  0.00000000    )
   33.808936600000003      ( -4.51130109E-05,  0.00000000    )
   33.870295800000001      ( -7.04501508E-05,  0.00000000    )
   33.931654999999999      ( -9.48210218E-05,  0.00000000    )
   33.993014299999999      ( -1.17054340E-04,  0.00000000    )
   34.054373499999997      ( -1.35879338E-04,  0.00000000    )
   34.115732700000002      ( -1.50173073E-04,  0.00000000    )
   34.177092000000002      ( -1.59194489E-04,  0.00000000    )
   34.238451200000000      ( -1.62726486E-04,  0.00000000    )
   34.299810399999998      ( -1.61063450E-04,  0.00000000    )
   34.361169599999997      ( -1.54837879E-04,  0.00000000    )
   34.422528900000003      ( -1.44758786E-04,  0.00000000    )
   34.483888100000001      ( -1.31387933E-04,  0.00000000    )
   34.545247300000000      ( -1.15062503E-04,  0.00000000    )
   34.606606599999999      ( -9.59872777E-05,  0.00000000    )
   34.667965799999998      ( -7.44195204E-05,  0.00000000    )
   34.729325000000003      ( -5.08225057E-05,  0.00000000    )
   34.790684300000002      ( -2.58980017E-05,  0.00000000    )
   34.852043500000001      ( -4.91934031E-07,  0.00000000    )
   34.913402699999999      (  2.45592164E-05,  0.00000000    )
   34.974761999999998      (  4.85551936E-05,  0.00000000    )
   35.036121199999997      (  7.09784508E-05,  0.00000000    )
   35.097480400000002      (  9.14565389E-05,  0.00000000    )
   35.158839700000001      (  1.09671942E-04,  0.00000000    )
   35.220198900000000      (  1.25264080E-04,  0.00000000    )
   35.281558099999998      (  1.37768700E-04,  0.00000000    )
   35.342917399999997      (  1.46631035E-04,  0.00000000    )
   35.404276600000003      (  1.51305256E-04,  0.00000000    )
   35.465635800000001      (  1.51410597E-04,  0.00000000    )
   35.526994999999999      (  1.46873848E-04,  0.00000000    )
   35.588354299999999      (  1.37979077E-04,  0.00000000    )
   35.649713499999997      (  1.25288818E-04,  0.00000000    )
   35.711072700000003      (  1.09475273E-04,  0.00000000    )
   35.772432000000002      (  9.11558964E-05,  0.00000000    )
   35.833791200000000      (  7.08236548E-05,  0.00000000    )
   35.895150399999999      (  4.88979786E-05,  0.00000000    )
   35.956509699999998      (  2.58434975E-05,  0.00000000    )
   36.017868900000003      (  2.26432485E-06,  0.00000000    )
   36.079228100000002      ( -2.10952076E-05,  0.00000000    )
   36.140587400000001      ( -4.34497233E-05,  0.00000000    )
   36.201946599999999      ( -6.41198276E-05,  0.00000000    )
   36.263305799999998      ( -8.26531323E-05,  0.00000000    )
   36.324665099999997      ( -9.88620814E-05,  0.00000000    )
   36.386024300000003      ( -1.12758324E-04,  0.00000000    )
   36.447383500000001      ( -1.24403654E-04,  0.00000000    )
   36.508742800000000      ( -1.33731926E-04,  0.00000000    )
   36.570101999999999      ( -1.40418590E-04,  0.00000000    )
   36.631461199999997      ( -1.43871046E-04,  0.00000000    )
   36.692820400000002      ( -1.43372265E-04,  0.00000000    )
   36.754179700000002      ( -1.38338859E-04,  0.00000000    )
   36.815538900000000      ( -1.28587635E-04,  0.00000000    )
   36.876898099999998      ( -1.14483664E-04,  0.00000000    )
   36.938257399999998      ( -9.68922541E-05,  0.00000000    )
   36.999616600000003      ( -7.69508842E-05,  0.00000000    )
   37.060975800000001      ( -5.57654930E-05,  0.00000000    )
   37.122335100000001      ( -3.41647174E-05,  0.00000000    )
   37.183694299999999      ( -1.26070354E-05,  0.00000000    )
   37.245053499999997      (  8.74338002E-06,  0.00000000    )
   37.306412799999997      (  2.98289415E-05,  0.00000000    )
   37.367772000000002      (  5.04914715E-05,  0.00000000    )
   37.429131200000000      (  7.03318292E-05,  0.00000000    )
   37.490490500000000      (  8.86886482E-05,  0.00000000    )
   37.551849699999998      (  1.04742227E-04,  0.00000000    )
   37.613208899999997      (  1.17702490E-04,  0.00000000    )
   37.674568200000003      (  1.27004983E-04,  0.00000000    )
   37.735927400000001      (  1.32430985E-04,  0.00000000    )
   37.797286600000000      (  1.34099406E-04,  0.00000000    )
   37.858645799999998      (  1.32338464E-04,  0.00000000    )
   37.920005099999997      (  1.27505642E-04,  0.00000000    )
   37.981364300000003      (  1.19848184E-04,  0.00000000    )
   38.042723500000001      (  1.09468070E-04,  0.00000000    )
   38.104082800000000      (  9.63948914E-05,  0.00000000    )
   38.165441999999999      (  8.07138422E-05,  0.00000000    )
   38.226801199999997      (  6.26776891E-05,  0.00000000    )
   38.288160499999996      (  4.27535015E-05,  0.00000000    )
   38.349519700000002      (  2.15952896E-05,  0.00000000    )
   38.410878900000000      ( -3.47413405E-08,  0.00000000    )
   38.472238200000000      ( -2.13623571E-05,  0.00000000    )
   38.533597399999998      ( -4.16859802E-05,  0.00000000    )
   38.594956600000003      ( -6.04306770E-05,  0.00000000    )
   38.656315900000003      ( -7.71628183E-05,  0.00000000    )
   38.717675100000001      ( -9.15692654E-05,  0.00000000    )
   38.779034299999999      ( -1.03419050E-04,  0.00000000    )
   38.840393499999998      ( -1.12532725E-04,  0.00000000    )
   38.901752799999997      ( -1.18777301E-04,  0.00000000    )
   38.963112000000002      ( -1.22083671E-04,  0.00000000    )
   39.024471200000001      ( -1.22463956E-04,  0.00000000    )
   39.085830500000000      ( -1.20004122E-04,  0.00000000    )
   39.147189699999998      ( -1.14827053E-04,  0.00000000    )
   39.208548899999997      ( -1.07047192E-04,  0.00000000    )
   39.269908200000003      ( -9.67494780E-05,  0.00000000    )
   39.331267400000002      ( -8.40124267E-05,  0.00000000    )
   39.392626600000000      ( -6.89673398E-05,  0.00000000    )
   39.453985899999999      ( -5.18633387E-05,  0.00000000    )
   39.515345099999998      ( -3.31063893E-05,  0.00000000    )
   39.576704300000003      ( -1.32562900E-05,  0.00000000    )
   39.638063600000002      (  7.01417002E-06,  0.00000000    )
   39.699422800000001      (  2.69825359E-05,  0.00000000    )
   39.760781999999999      (  4.59461226E-05,  0.00000000    )
   39.822141299999998      (  6.32840529E-05,  0.00000000    )
   39.883500499999997      (  7.85002921E-05,  0.00000000    )
   39.944859700000002      (  9.12386458E-05,  0.00000000    )
   40.006218900000000      (  1.01268713E-04,  0.00000000    )
   40.067578200000000      (  1.08453831E-04,  0.00000000    )
   40.128937399999998      (  1.12720474E-04,  0.00000000    )
   40.190296600000003      (  1.14045099E-04,  0.00000000    )
   40.251655900000003      (  1.12459864E-04,  0.00000000    )
   40.313015100000001      (  1.08064174E-04,  0.00000000    )
   40.374374299999999      (  1.01026337E-04,  0.00000000    )
   40.435733599999999      (  9.15704950E-05,  0.00000000    )
   40.497092799999997      (  7.99583722E-05,  0.00000000    )
   40.558452000000003      (  6.64803520E-05,  0.00000000    )
   40.619811300000002      (  5.14614367E-05,  0.00000000    )
   40.681170500000000      (  3.52735588E-05,  0.00000000    )
   40.742529699999999      (  1.83387529E-05,  0.00000000    )
   40.803888999999998      (  1.11388022E-06,  0.00000000    )
   40.865248200000003      ( -1.59391693E-05,  0.00000000    )
   40.926607400000002      ( -3.23842723E-05,  0.00000000    )
   40.987966700000001      ( -4.78301772E-05,  0.00000000    )
   41.049325899999999      ( -6.19333950E-05,  0.00000000    )
   41.110685099999998      ( -7.43887795E-05,  0.00000000    )
   41.172044300000003      ( -8.49153148E-05,  0.00000000    )
   41.233403600000003      ( -9.32450130E-05,  0.00000000    )
   41.294762800000001      ( -9.91225897E-05,  0.00000000    )
   41.356121999999999      ( -1.02322687E-04,  0.00000000    )
   41.417481299999999      ( -1.02686419E-04,  0.00000000    )
   41.478840499999997      ( -1.00168283E-04,  0.00000000    )
   41.540199700000002      ( -9.48731031E-05,  0.00000000    )
   41.601559000000002      ( -8.70604927E-05,  0.00000000    )
   41.662918200000000      ( -7.71064006E-05,  0.00000000    )
   41.724277399999998      ( -6.54332835E-05,  0.00000000    )
   41.785636699999998      ( -5.24385141E-05,  0.00000000    )
   41.846995900000003      ( -3.84527921E-05,  0.00000000    )
   41.908355100000001      ( -2.37445220E-05,  0.00000000    )
   41.969714400000001      ( -8.56238876E-06,  0.00000000    )
   42.031073599999999      (  6.80928679E-06,  0.00000000    )
   42.092432799999997      (  2.20111851E-05,  0.00000000    )
   42.153792099999997      (  3.66046625E-05,  0.00000000    )
   42.215151300000002      (  5.01058676E-05,  0.00000000    )
   42.276510500000001      (  6.20473365E-05,  0.00000000    )
   42.337869699999999      (  7.20460739E-05,  0.00000000    )
   42.399228999999998      (  7.98539113E-05,  0.00000000    )
   42.460588199999997      (  8.53703677E-05,  0.00000000    )
   42.521947400000002      (  8.86120688E-05,  0.00000000    )
   42.583306700000001      (  8.96518468E-05,  0.00000000    )
   42.644665900000000      (  8.85562404E-05,  0.00000000    )
   42.706025099999998      (  8.53524762E-05,  0.00000000    )
   42.767384399999997      (  8.00417110E-05,  0.00000000    )
   42.828743600000003      (  7.26511207E-05,  0.00000000    )
   42.890102800000001      (  6.32973242E-05,  0.00000000    )
   42.951462100000001      (  5.22285700E-05,  0.00000000    )
   43.012821299999999      (  3.98250741E-05,  0.00000000    )
   43.074180499999997      (  2.65572799E-05,  0.00000000    )
   43.135539799999997      (  1.29193932E-05,  0.00000000    )
   43.196899000000002      ( -6.36925904E-07,  0.00000000    )
   43.258258200000000      ( -1.37469960E-05,  0.00000000    )
   43.319617399999998      ( -2.61436671E-05,  0.00000000    )
   43.380976699999998      ( -3.76344396E-05,  0.00000000    )
   43.442335900000003      ( -4.80574090E-05,  0.00000000    )
   43.503695100000002      ( -5.72365498E-05,  0.00000000    )
   43.565054400000001      ( -6.49575813E-05,  0.00000000    )
   43.626413599999999      ( -7.09771339E-05,  0.00000000    )
   43.687772799999998      ( -7.50622494E-05,  0.00000000    )
   43.749132099999997      ( -7.70424085E-05,  0.00000000    )
   43.810491300000002      ( -7.68503814E-05,  0.00000000    )
   43.871850500000001      ( -7.45351354E-05,  0.00000000    )
   43.933209800000000      ( -7.02445250E-05,  0.00000000    )
   43.994568999999998      ( -6.41899533E-05,  0.00000000    )
   44.055928199999997      ( -5.66100280E-05,  0.00000000    )
   44.117287500000003      ( -4.77467293E-05,  0.00000000    )
   44.178646700000002      ( -3.78383265E-05,  0.00000000    )
   44.240005900000000      ( -2.71254885E-05,  0.00000000    )
   44.301365199999999      ( -1.58630683E-05,  0.00000000    )
   44.362724399999998      ( -4.32973775E-06,  0.00000000    )
   44.424083600000003      (  7.17086095E-06,  0.00000000    )
   44.485442800000001      (  1.83205902E-05,  0.00000000    )
   44.546802100000001      (  2.88074607E-05,  0.00000000    )
   44.608161299999999      (  3.83498736E-05,  0.00000000    )
   44.669520499999997      (  4.67151949E-05,  0.00000000    )
   44.730879799999997      (  5.37255764E-05,  0.00000000    )
   44.792239000000002      (  5.92507458E-05,  0.00000000    )
   44.853598200000000      (  6.31945732E-05,  0.00000000    )
   44.914957500000000      (  6.54851610E-05,  0.00000000    )
   44.976316699999998      (  6.60746227E-05,  0.00000000    )
   45.037675900000004      (  6.49481008E-05,  0.00000000    )
   45.099035200000003      (  6.21358777E-05,  0.00000000    )
   45.160394400000001      (  5.77219507E-05,  0.00000000    )
   45.221753600000000      (  5.18453489E-05,  0.00000000    )
   45.283112899999999      (  4.46945669E-05,  0.00000000    )
   45.344472099999997      (  3.64973421E-05,  0.00000000    )
   45.405831300000003      (  2.75079801E-05,  0.00000000    )
   45.467190600000002      (  1.79939525E-05,  0.00000000    )
   45.528549800000000      (  8.22373840E-06,  0.00000000    )
   45.589908999999999      ( -1.54188513E-06,  0.00000000    )
   45.651268199999997      ( -1.10540122E-05,  0.00000000    )
   45.712627500000004      ( -2.00765098E-05,  0.00000000    )
   45.773986700000002      ( -2.83869686E-05,  0.00000000    )
   45.835345900000000      ( -3.57807185E-05,  0.00000000    )
   45.896705200000000      ( -4.20781362E-05,  0.00000000    )
   45.958064399999998      ( -4.71324856E-05,  0.00000000    )
   46.019423600000003      ( -5.08348057E-05,  0.00000000    )
   46.080782900000003      ( -5.31145015E-05,  0.00000000    )
   46.142142100000001      ( -5.39372959E-05,  0.00000000    )
   46.203501299999999      ( -5.33036909E-05,  0.00000000    )
   46.264860599999999      ( -5.12495681E-05,  0.00000000    )
   46.326219799999997      ( -4.78481634E-05,  0.00000000    )
   46.387579000000002      ( -4.32110355E-05,  0.00000000    )
   46.448938300000002      ( -3.74863012E-05,  0.00000000    )
   46.510297500000000      ( -3.08540402E-05,  0.00000000    )
   46.571656699999998      ( -2.35198531E-05,  0.00000000    )
   46.633015999999998      ( -1.57071827E-05,  0.00000000    )
   46.694375200000003      ( -7.64830929E-06,  0.00000000    )
   46.755734400000001      (  4.25931944E-07,  0.00000000    )
   46.817093600000000      (  8.29642340E-06,  0.00000000    )
   46.878452899999999      (  1.57637569E-05,  0.00000000    )
   46.939812099999997      (  2.26521279E-05,  0.00000000    )
   47.001171300000003      (  2.88093470E-05,  0.00000000    )
   47.062530600000002      (  3.41050873E-05,  0.00000000    )
   47.123889800000001      (  3.84299092E-05,  0.00000000    )
   47.185248999999999      (  4.16961593E-05,  0.00000000    )
   47.246608299999998      (  4.38400602E-05,  0.00000000    )
   47.307967499999997      (  4.48237552E-05,  0.00000000    )
   47.369326700000002      (  4.46367558E-05,  0.00000000    )
   47.430686000000001      (  4.32973102E-05,  0.00000000    )
   47.492045200000000      (  4.08542073E-05,  0.00000000    )
   47.553404399999998      (  3.73883522E-05,  0.00000000    )
   47.614763699999997      (  3.30124712E-05,  0.00000000    )
   47.676122900000003      (  2.78675234E-05,  0.00000000    )
   47.737482100000001      (  2.21159135E-05,  0.00000000    )
   47.798841400000001      (  1.59331776E-05,  0.00000000    )
   47.860200599999999      (  9.50021513E-06,  0.00000000    )
   47.921559799999997      (  2.99716089E-06,  0.00000000    )
   47.982919000000003      ( -3.40124870E-06,  0.00000000    )
   48.044278300000002      ( -9.52946993E-06,  0.00000000    )
   48.105637500000000      ( -1.52343455E-05,  0.00000000    )
   48.166996699999999      ( -2.03774871E-05,  0.00000000    )
   48.228355999999998      ( -2.48368106E-05,  0.00000000    )
   48.289715200000003      ( -2.85079386E-05,  0.00000000    )
   48.351074400000002      ( -3.13065320E-05,  0.00000000    )
   48.412433700000001      ( -3.31719530E-05,  0.00000000    )
   48.473792899999999      ( -3.40713123E-05,  0.00000000    )
   48.535152099999998      ( -3.40021215E-05,  0.00000000    )
   48.596511399999997      ( -3.29921277E-05,  0.00000000    )
   48.657870600000003      ( -3.10964206E-05,  0.00000000    )
   48.719229800000001      ( -2.83930422E-05,  0.00000000    )
   48.780589100000000      ( -2.49787008E-05,  0.00000000    )
   48.841948299999999      ( -2.09652517E-05,  0.00000000    )
   48.903307499999997      ( -1.64766261E-05,  0.00000000    )
   48.964666700000002      ( -1.16456622E-05,  0.00000000    )
   49.026026000000002      ( -6.61064632E-06,  0.00000000    )
   49.087385200000000      ( -1.51182553E-06,  0.00000000    )
   49.148744399999998      (  3.51188555E-06,  0.00000000    )
   49.210103699999998      (  8.32626120E-06,  0.00000000    )
   49.271462900000003      (  1.28055926E-05,  0.00000000    )
   49.332822100000001      (  1.68369770E-05,  0.00000000    )
   49.394181400000001      (  2.03242926E-05,  0.00000000    )
   49.455540599999999      (  2.31908289E-05,  0.00000000    )
   49.516899799999997      (  2.53800463E-05,  0.00000000    )
   49.578259099999997      (  2.68549938E-05,  0.00000000    )
   49.639618300000002      (  2.75975017E-05,  0.00000000    )
   49.700977500000000      (  2.76079645E-05,  0.00000000    )
   49.762336800000000      (  2.69056636E-05,  0.00000000    )
   49.823695999999998      (  2.55288542E-05,  0.00000000    )
   49.885055199999996      (  2.35338521E-05,  0.00000000    )
   49.946414500000003      (  2.09929967E-05,  0.00000000    )
   50.007773700000001      (  1.79918534E-05,  0.00000000    )
   50.069132900000000      (  1.46261154E-05,  0.00000000    )
   50.130492099999998      (  1.09983266E-05,  0.00000000    )
   50.191851399999997      (  7.21436845E-06,  0.00000000    )
   50.253210600000003      (  3.37985352E-06,  0.00000000    )
   50.314569800000001      ( -4.03050933E-07,  0.00000000    )
   50.375929100000000      ( -4.03783088E-06,  0.00000000    )
   50.437288299999999      ( -7.43477949E-06,  0.00000000    )
   50.498647499999997      ( -1.05116715E-05,  0.00000000    )
   50.560006799999996      ( -1.31947700E-05,  0.00000000    )
   50.621366000000002      ( -1.54206136E-05,  0.00000000    )
   50.682725200000000      ( -1.71383399E-05,  0.00000000    )
   50.744084500000000      ( -1.83118882E-05,  0.00000000    )
   50.805443699999998      ( -1.89215261E-05,  0.00000000    )
   50.866802900000003      ( -1.89646180E-05,  0.00000000    )
   50.928162200000003      ( -1.84557575E-05,  0.00000000    )
   50.989521400000001      ( -1.74263314E-05,  0.00000000    )
   51.050880599999999      ( -1.59232713E-05,  0.00000000    )
   51.112239899999999      ( -1.40067823E-05,  0.00000000    )
   51.173599099999997      ( -1.17471218E-05,  0.00000000    )
   51.234958300000002      ( -9.22103754E-06,  0.00000000    )
   51.296317500000001      ( -6.50859738E-06,  0.00000000    )
   51.357676800000000      ( -3.69082727E-06,  0.00000000    )
   51.419035999999998      ( -8.48039861E-07,  0.00000000    )
   51.480395199999997      (  1.94156314E-06,  0.00000000    )
   51.541754500000003      (  4.60339061E-06,  0.00000000    )
   51.603113700000002      (  7.06813762E-06,  0.00000000    )
   51.664472900000000      (  9.27354358E-06,  0.00000000    )
   51.725832199999999      (  1.11661730E-05,  0.00000000    )
   51.787191399999998      (  1.27032436E-05,  0.00000000    )
   51.848550600000003      (  1.38544056E-05,  0.00000000    )
   51.909909900000002      (  1.46030989E-05,  0.00000000    )
   51.971269100000001      (  1.49469224E-05,  0.00000000    )
   52.032628299999999      (  1.48966128E-05,  0.00000000    )
   52.093987599999998      (  1.44737942E-05,  0.00000000    )
   52.155346799999997      (  1.37081861E-05,  0.00000000    )
   52.216706000000002      (  1.26351588E-05,  0.00000000    )
   52.278065300000002      (  1.12941907E-05,  0.00000000    )
   52.339424500000000      (  9.72825183E-06,  0.00000000    )
   52.400783699999998      (  7.98373003E-06,  0.00000000    )
   52.462142900000003      (  6.11038467E-06,  0.00000000    )
   52.523502200000003      (  4.16098692E-06,  0.00000000    )
   52.584861400000001      (  2.19041544E-06,  0.00000000    )
   52.646220599999999      (  2.54126832E-07,  0.00000000    )
   52.707579899999999      ( -1.59396700E-06,  0.00000000    )
   52.768939099999997      ( -3.30395665E-06,  0.00000000    )
   52.830298300000003      ( -4.83222539E-06,  0.00000000    )
   52.891657600000002      ( -6.14302462E-06,  0.00000000    )
   52.953016800000000      ( -7.20904200E-06,  0.00000000    )
   53.014375999999999      ( -8.01112674E-06,  0.00000000    )
   53.075735299999998      ( -8.53769234E-06,  0.00000000    )
   53.137094500000003      ( -8.78433366E-06,  0.00000000    )
   53.198453700000002      ( -8.75386559E-06,  0.00000000    )
   53.259813000000001      ( -8.45660907E-06,  0.00000000    )
   53.321172199999999      ( -7.91052844E-06,  0.00000000    )
   53.382531399999998      ( -7.14092494E-06,  0.00000000    )
   53.443890600000003      ( -6.17957221E-06,  0.00000000    )
   53.505249900000003      ( -5.06340348E-06,  0.00000000    )
   53.566609100000001      ( -3.83288170E-06,  0.00000000    )
   53.627968299999999      ( -2.53020607E-06,  0.00000000    )
   53.689327599999999      ( -1.19752099E-06,  0.00000000    )
   53.750686799999997      (  1.24658015E-07,  0.00000000    )
   53.812046000000002      (  1.39863516E-06,  0.00000000    )
   53.873405300000002      (  2.59031458E-06,  0.00000000    )
   53.934764500000000      (  3.66972972E-06,  0.00000000    )
   53.996123699999998      (  4.61155150E-06,  0.00000000    )
   54.057482999999998      (  5.39569191E-06,  0.00000000    )
   54.118842200000003      (  6.00789554E-06,  0.00000000    )
   54.180201400000001      (  6.44007332E-06,  0.00000000    )
   54.241560700000001      (  6.69018982E-06,  0.00000000    )
   54.302919899999999      (  6.76170521E-06,  0.00000000    )
   54.364279099999997      (  6.66278629E-06,  0.00000000    )
   54.425638399999997      (  6.40552480E-06,  0.00000000    )
   54.486997600000002      (  6.00529393E-06,  0.00000000    )
   54.548356800000001      (  5.48023218E-06,  0.00000000    )
   54.609715999999999      (  4.85075589E-06,  0.00000000    )
   54.671075299999998      (  4.13902990E-06,  0.00000000    )
   54.732434499999997      (  3.36838184E-06,  0.00000000    )
   54.793793700000002      (  2.56265866E-06,  0.00000000    )
   54.855153000000001      (  1.74552679E-06,  0.00000000    )
   54.916512200000000      (  9.39735855E-07,  0.00000000    )
   54.977871399999998      (  1.66419042E-07,  0.00000000    )
   55.039230699999997      ( -5.55444046E-07,  0.00000000    )
   55.100589900000003      ( -1.20930679E-06,  0.00000000    )
   55.161949100000001      ( -1.78109701E-06,  0.00000000    )
   55.223308400000001      ( -2.25917279E-06,  0.00000000    )
   55.284667599999999      ( -2.63438255E-06,  0.00000000    )
   55.346026799999997      ( -2.90032767E-06,  0.00000000    )
   55.407386099999997      ( -3.05376193E-06,  0.00000000    )
   55.468745300000002      ( -3.09495431E-06,  0.00000000    )
   55.530104500000000      ( -3.02783292E-06,  0.00000000    )
   55.591463800000000      ( -2.85984311E-06,  0.00000000    )
   55.652822999999998      ( -2.60154820E-06,  0.00000000    )
   55.714182200000003      ( -2.26606699E-06,  0.00000000    )
   55.775541400000002      ( -1.86842760E-06,  0.00000000    )
   55.836900700000001      ( -1.42489603E-06,  0.00000000    )
   55.898259899999999      ( -9.52323433E-07,  0.00000000    )
   55.959619099999998      ( -4.67551217E-07,  0.00000000    )
   56.020978399999997      (  1.31099229E-08,  0.00000000    )
   56.082337600000002      (  4.74350458E-07,  0.00000000    )
   56.143696800000001      (  9.02331976E-07,  0.00000000    )
   56.205056100000000      (  1.28518093E-06,  0.00000000    )
   56.266415299999998      (  1.61346213E-06,  0.00000000    )
   56.327774499999997      (  1.88052684E-06,  0.00000000    )
   56.389133800000003      (  2.08263032E-06,  0.00000000    )
   56.450493000000002      (  2.21878577E-06,  0.00000000    )
   56.511852200000000      (  2.29041711E-06,  0.00000000    )
   56.573211499999999      (  2.30092132E-06,  0.00000000    )
   56.634570699999998      (  2.25524445E-06,  0.00000000    )
   56.695929900000003      (  2.15950968E-06,  0.00000000    )
   56.757289200000002      (  2.02069623E-06,  0.00000000    )
   56.818648400000001      (  1.84634337E-06,  0.00000000    )
   56.880007599999999      (  1.64427513E-06,  0.00000000    )
   56.941366799999997      (  1.42234671E-06,  0.00000000    )
   57.002726099999997      (  1.18821629E-06,  0.00000000    )
   57.064085300000002      (  9.49135654E-07,  0.00000000    )
   57.125444500000000      (  7.11762141E-07,  0.00000000    )
   57.186803800000000      (  4.82010421E-07,  0.00000000    )
   57.248162999999998      (  2.64972442E-07,  0.00000000    )
   57.309522200000004      (  6.49186802E-08,  0.00000000    )
   57.370881500000003      ( -1.14641431E-07,  0.00000000    )
   57.432240700000001      ( -2.70887881E-07,  0.00000000    )
   57.493599900000000      ( -4.01652130E-07,  0.00000000    )
   57.554959199999999      ( -5.05424737E-07,  0.00000000    )
   57.616318399999997      ( -5.81386587E-07,  0.00000000    )
   57.677677600000003      ( -6.29430019E-07,  0.00000000    )
   57.739036900000002      ( -6.50151776E-07,  0.00000000    )
   57.800396100000000      ( -6.44822308E-07,  0.00000000    )
   57.861755299999999      ( -6.15344959E-07,  0.00000000    )
   57.923114599999998      ( -5.64208676E-07,  0.00000000    )
   57.984473800000004      ( -4.94423603E-07,  0.00000000    )
   58.045833000000002      ( -4.09427514E-07,  0.00000000    )
   58.107192200000000      ( -3.12961447E-07,  0.00000000    )
   58.168551500000000      ( -2.08928100E-07,  0.00000000    )
   58.229910699999998      ( -1.01249903E-07,  0.00000000    )
   58.291269900000003      (  6.26449514E-09,  0.00000000    )
   58.352629200000003      (  1.10044120E-07,  0.00000000    )
   58.413988400000001      (  2.06869927E-07,  0.00000000    )
   58.475347599999999      (  2.93972647E-07,  0.00000000    )
   58.536706899999999      (  3.69103418E-07,  0.00000000    )
   58.598066099999997      (  4.30572300E-07,  0.00000000    )
   58.659425300000002      (  4.77260016E-07,  0.00000000    )
   58.720784600000002      (  5.08615642E-07,  0.00000000    )
   58.782143800000000      (  5.24647362E-07,  0.00000000    )
   58.843502999999998      (  5.25903715E-07,  0.00000000    )
   58.904862299999998      (  5.13434713E-07,  0.00000000    )
   58.966221500000003      (  4.88724424E-07,  0.00000000    )
   59.027580700000001      (  4.53599597E-07,  0.00000000    )
   59.088939900000000      (  4.10125551E-07,  0.00000000    )
   59.150299199999999      (  3.60501986E-07,  0.00000000    )
   59.211658399999997      (  3.06964921E-07,  0.00000000    )
   59.273017600000003      (  2.51694559E-07,  0.00000000    )
   59.334376900000002      (  1.96728649E-07,  0.00000000    )
   59.395736100000001      (  1.43884506E-07,  0.00000000    )
   59.457095299999999      (  9.46966878E-08,  0.00000000    )
   59.518454599999998      (  5.03753839E-08,  0.00000000    )
   59.579813799999997      (  1.17871739E-08,  0.00000000    )
   59.641173000000002      ( -2.05440553E-08,  0.00000000    )
   59.702532300000001      ( -4.64185703E-08,  0.00000000    )
   59.763891500000000      ( -6.59262227E-08,  0.00000000    )
   59.825250699999998      ( -7.93983546E-08,  0.00000000    )
   59.886609999999997      ( -8.73516655E-08,  0.00000000    )
   59.947969200000003      ( -9.04319677E-08,  0.00000000    )
   60.009328400000001      ( -8.93650665E-08,  0.00000000    )
   60.070687700000001      ( -8.49171400E-08,  0.00000000    )
   60.132046899999999      ( -7.78620901E-08,  0.00000000    )
   60.193406099999997      ( -6.89519197E-08,  0.00000000    )
   60.254765300000003      ( -5.88886593E-08,  0.00000000    )
   60.316124600000002      ( -4.83006417E-08,  0.00000000    )
   60.377483800000000      ( -3.77275100E-08,  0.00000000    )
   60.438842999999999      ( -2.76163892E-08,  0.00000000    )
   60.500202299999998      ( -1.83274871E-08,  0.00000000    )
   60.561561500000003      ( -1.01441344E-08,  0.00000000    )
   60.622920700000002      ( -3.28194427E-09,  0.00000000    )
   60.684280000000001      (  2.10619411E-09,  0.00000000    )
   60.745639199999999      (  5.92968030E-09,  0.00000000    )
   60.806998399999998      (  8.16242007E-09,  0.00000000    )
   60.868357699999997      (  8.84452955E-09,  0.00000000    )
   60.929716900000003      (  8.08012768E-09,  0.00000000    )
   60.991076100000001      (  6.02879835E-09,  0.00000000    )
   61.052435400000000      (  2.89033975E-09,  0.00000000    )
   61.113794599999999      ( -1.11481491E-09,  0.00000000    )
   61.175153799999997      ( -5.76512704E-09,  0.00000000    )
   61.236513100000003      ( -1.08528937E-08,  0.00000000    )
   61.297872300000002      ( -1.61920699E-08,  0.00000000    )
   61.359231500000000      ( -2.16194849E-08,  0.00000000    )
   61.420590699999998      ( -2.69923373E-08,  0.00000000    )
   61.481949999999998      ( -3.21855183E-08,  0.00000000    )
   61.543309200000003      ( -3.70910591E-08,  0.00000000    )
   61.604668400000001      ( -4.16202006E-08,  0.00000000    )
   61.666027700000001      ( -4.57067308E-08,  0.00000000    )
   61.727386899999999      ( -4.93097154E-08,  0.00000000    )
   61.788746099999997      ( -5.24138706E-08,  0.00000000    )
   61.850105399999997      ( -5.50268702E-08,  0.00000000    )
   61.911464600000002      ( -5.71740557E-08,  0.00000000    )
   61.972823800000000      ( -5.88919917E-08,  0.00000000    )
   62.034183100000000      ( -6.02225825E-08,  0.00000000    )
   62.095542299999998      ( -6.12091497E-08,  0.00000000    )
   62.156901499999996      ( -6.18947880E-08,  0.00000000    )
   62.218260800000003      ( -6.23223642E-08,  0.00000000    )
   62.279620000000001      ( -6.25349159E-08,  0.00000000    )
   62.340979200000000      ( -6.25755092E-08,  0.00000000    )
   62.402338499999999      ( -6.24858600E-08,  0.00000000    )
   62.463697699999997      ( -6.23042595E-08,  0.00000000    )
   62.525056900000003      ( -6.20632719E-08,  0.00000000    )
   62.586416100000001      ( -6.17881710E-08,  0.00000000    )
   62.647775400000000      ( -6.14965145E-08,  0.00000000    )
   62.709134599999999      ( -6.11989535E-08,  0.00000000    )
   62.770493799999997      ( -6.09008097E-08,  0.00000000    )
