









 alpha   1 
 m       0 
 n       0 
 mu      0 
 nu      0 
 khi     0 

   0.0000000000000000     ( -30.1117600082 , 0.0000000000 ) 
  6.1359231500000000E-002 ( -30.2660751974 , 0.0000000000 ) 
  0.12271846300000000     ( -30.5734638321 , 0.0000000000 ) 
  0.18407769500000001     ( -30.8231311352 , 0.0000000000 ) 
  0.24543692600000000     ( -30.8515656732 , 0.0000000000 ) 
  0.30679615799999999     ( -30.5495732010 , 0.0000000000 ) 
  0.36815538900000000     ( -29.8608447670 , 0.0000000000 ) 
  0.42951462099999999     ( -28.7730302865 , 0.0000000000 ) 
  0.49087385200000000     ( -27.3063237049 , 0.0000000000 ) 
  0.55223308400000004     ( -25.5036167715 , 0.0000000000 ) 
  0.61359231500000000     ( -23.4233700791 , 0.0000000000 ) 
  0.67495154700000004     ( -21.1344810110 , 0.0000000000 ) 
  0.73631077800000000     ( -18.7122202612 , 0.0000000000 ) 
  0.79767001000000004     ( -16.2345971034 , 0.0000000000 ) 
  0.85902924100000000     ( -13.7786009253 , 0.0000000000 ) 
  0.92038847300000004     ( -11.4160114467 , 0.0000000000 ) 
  0.98174770400000000     ( -9.2091026759 , 0.0000000000 ) 
   1.0431069399999999     ( -7.2070590185 , 0.0000000000 ) 
   1.1044661700000000     ( -5.4437962549 , 0.0000000000 ) 
   1.1658253999999999     ( -3.9374155873 , 0.0000000000 ) 
   1.2271846300000000     ( -2.6912307970 , 0.0000000000 ) 
   1.2885438600000001     ( -1.6961603181 , 0.0000000000 ) 
   1.3499030900000000     ( -0.9339365071 , 0.0000000000 ) 
   1.4112623200000001     ( -0.3802176394 , 0.0000000000 ) 
   1.4726215600000001     ( -0.0068673386 , 0.0000000000 ) 
   1.5339807900000000     ( 0.2165534360 , 0.0000000000 ) 
   1.5953400200000001     ( 0.3214162974 , 0.0000000000 ) 
   1.6566992500000000     ( 0.3383118244 , 0.0000000000 ) 
   1.7180584800000001     ( 0.2952350456 , 0.0000000000 ) 
   1.7794177099999999     ( 0.2162604438 , 0.0000000000 ) 
   1.8407769500000000     ( 0.1209706764 , 0.0000000000 ) 
   1.9021361800000001     ( 0.0244232762 , 0.0000000000 ) 
   1.9634954099999999     ( -0.0626458489 , 0.0000000000 ) 
   2.0248546400000000     ( -0.1334631930 , 0.0000000000 ) 
   2.0862138699999999     ( -0.1846738067 , 0.0000000000 ) 
   2.1475730999999998     ( -0.2156789031 , 0.0000000000 ) 
   2.2089323300000001     ( -0.2279739202 , 0.0000000000 ) 
   2.2702915699999999     ( -0.2245069070 , 0.0000000000 ) 
   2.3316507999999998     ( -0.2090067514 , 0.0000000000 ) 
   2.3930100300000001     ( -0.1853162134 , 0.0000000000 ) 
   2.4543692600000000     ( -0.1568661758 , 0.0000000000 ) 
   2.5157284899999999     ( -0.1263881907 , 0.0000000000 ) 
   2.5770877200000002     ( -0.0958603593 , 0.0000000000 ) 
   2.6384469600000000     ( -0.0666607054 , 0.0000000000 ) 
   2.6998061899999999     ( -0.0399012052 , 0.0000000000 ) 
   2.7611654200000002     ( -0.0167902537 , 0.0000000000 ) 
   2.8225246500000001     ( 0.0012786703 , 0.0000000000 ) 
   2.8838838800000000     ( 0.0131024663 , 0.0000000000 ) 
   2.9452431099999998     ( 0.0182962538 , 0.0000000000 ) 
   3.0066023400000002     ( 0.0176642609 , 0.0000000000 ) 
   3.0679615800000000     ( 0.0129804781 , 0.0000000000 ) 
   3.1293208099999998     ( 0.0063450172 , 0.0000000000 ) 
   3.1906800400000002     ( -0.0004148985 , 0.0000000000 ) 
   3.2520392700000000     ( -0.0059941624 , 0.0000000000 ) 
   3.3133984999999999     ( -0.0095760240 , 0.0000000000 ) 
   3.3747577299999998     ( -0.0107495452 , 0.0000000000 ) 
   3.4361169600000001     ( -0.0094917181 , 0.0000000000 ) 
   3.4974761999999999     ( -0.0061597214 , 0.0000000000 ) 
   3.5588354299999998     ( -0.0014178822 , 0.0000000000 ) 
   3.6201946600000001     ( 0.0038991686 , 0.0000000000 ) 
   3.6815538900000000     ( 0.0089441949 , 0.0000000000 ) 
   3.7429131199999999     ( 0.0130064763 , 0.0000000000 ) 
   3.8042723500000002     ( 0.0156284038 , 0.0000000000 ) 
   3.8656315900000000     ( 0.0166521968 , 0.0000000000 ) 
   3.9269908199999999     ( 0.0161746092 , 0.0000000000 ) 
   3.9883500500000002     ( 0.0144388918 , 0.0000000000 ) 
   4.0497092800000001     ( 0.0117266747 , 0.0000000000 ) 
   4.1110685100000000     ( 0.0082937278 , 0.0000000000 ) 
   4.1724277399999998     ( 0.0043535416 , 0.0000000000 ) 
   4.2337869699999997     ( 0.0000930966 , 0.0000000000 ) 
   4.2951462100000004     ( -0.0042955805 , 0.0000000000 ) 
   4.3565054400000003     ( -0.0085876651 , 0.0000000000 ) 
   4.4178646700000002     ( -0.0125232827 , 0.0000000000 ) 
   4.4792239000000000     ( -0.0158372806 , 0.0000000000 ) 
   4.5405831299999999     ( -0.0183036822 , 0.0000000000 ) 
   4.6019423599999998     ( -0.0197706041 , 0.0000000000 ) 
   4.6633015999999996     ( -0.0201751534 , 0.0000000000 ) 
   4.7246608300000004     ( -0.0195406673 , 0.0000000000 ) 
   4.7860200600000002     ( -0.0179596102 , 0.0000000000 ) 
   4.8473792900000001     ( -0.0155666479 , 0.0000000000 ) 
   4.9087385200000000     ( -0.0125148945 , 0.0000000000 ) 
   4.9700977499999999     ( -0.0089697579 , 0.0000000000 ) 
   5.0314569799999997     ( -0.0051189026 , 0.0000000000 ) 
   5.0928162199999996     ( -0.0011797641 , 0.0000000000 ) 
   5.1541754500000003     ( 0.0026107215 , 0.0000000000 ) 
   5.2155346800000002     ( 0.0060212603 , 0.0000000000 ) 
   5.2768939100000001     ( 0.0088534372 , 0.0000000000 ) 
   5.3382531400000000     ( 0.0109637245 , 0.0000000000 ) 
   5.3996123699999998     ( 0.0122785651 , 0.0000000000 ) 
   5.4609715999999997     ( 0.0127978805 , 0.0000000000 ) 
   5.5223308400000004     ( 0.0125818048 , 0.0000000000 ) 
   5.5836900700000003     ( 0.0117258424 , 0.0000000000 ) 
   5.6450493000000002     ( 0.0103394651 , 0.0000000000 ) 
   5.7064085300000000     ( 0.0085380173 , 0.0000000000 ) 
   5.7677677599999999     ( 0.0064437621 , 0.0000000000 ) 
   5.8291269899999998     ( 0.0041863903 , 0.0000000000 ) 
   5.8904862299999996     ( 0.0018992480 , 0.0000000000 ) 
   5.9518454600000004     ( -0.0002876468 , 0.0000000000 ) 
   6.0132046900000002     ( -0.0022584449 , 0.0000000000 ) 
   6.0745639200000001     ( -0.0039262880 , 0.0000000000 ) 
   6.1359231500000000     ( -0.0052451591 , 0.0000000000 ) 
   6.1972823799999999     ( -0.0062086502 , 0.0000000000 ) 
   6.2586416099999997     ( -0.0068346978 , 0.0000000000 ) 
   6.3200008499999996     ( -0.0071473007 , 0.0000000000 ) 
   6.3813600800000003     ( -0.0071664075 , 0.0000000000 ) 
   6.4427193100000002     ( -0.0069073361 , 0.0000000000 ) 
   6.5040785400000001     ( -0.0063853481 , 0.0000000000 ) 
   6.5654377700000000     ( -0.0056234921 , 0.0000000000 ) 
   6.6267969999999998     ( -0.0046627352 , 0.0000000000 ) 
   6.6881562399999996     ( -0.0035680058 , 0.0000000000 ) 
   6.7495154700000004     ( -0.0024216683 , 0.0000000000 ) 
   6.8108747000000003     ( -0.0013048013 , 0.0000000000 ) 
   6.8722339300000002     ( -0.0002777177 , 0.0000000000 ) 
   6.9335931600000000     ( 0.0006289153 , 0.0000000000 ) 
   6.9949523899999999     ( 0.0014107989 , 0.0000000000 ) 
   7.0563116199999998     ( 0.0020797546 , 0.0000000000 ) 
   7.1176708599999996     ( 0.0026506909 , 0.0000000000 ) 
   7.1790300900000004     ( 0.0031287349 , 0.0000000000 ) 
   7.2403893200000002     ( 0.0035021754 , 0.0000000000 ) 
   7.3017485500000001     ( 0.0037467595 , 0.0000000000 ) 
   7.3631077800000000     ( 0.0038392040 , 0.0000000000 ) 
   7.4244670099999999     ( 0.0037701558 , 0.0000000000 ) 
   7.4858262399999997     ( 0.0035487666 , 0.0000000000 ) 
   7.5471854799999996     ( 0.0031992913 , 0.0000000000 ) 
   7.6085447100000003     ( 0.0027539830 , 0.0000000000 ) 
   7.6699039400000002     ( 0.0022442989 , 0.0000000000 ) 
   7.7312631700000001     ( 0.0016919337 , 0.0000000000 ) 
   7.7926223999999999     ( 0.0011048450 , 0.0000000000 ) 
   7.8539816299999998     ( 0.0004832772 , 0.0000000000 ) 
   7.9153408699999996     ( -0.0001673791 , 0.0000000000 ) 
   7.9767001000000004     ( -0.0008273021 , 0.0000000000 ) 
   8.0380593299999994     ( -0.0014633091 , 0.0000000000 ) 
   8.0994185600000002     ( -0.0020369002 , 0.0000000000 ) 
   8.1607777899999991     ( -0.0025119237 , 0.0000000000 ) 
   8.2221370199999999     ( -0.0028595192 , 0.0000000000 ) 
   8.2834962500000007     ( -0.0030622426 , 0.0000000000 ) 
   8.3448554900000005     ( -0.0031166415 , 0.0000000000 ) 
   8.4062147199999995     ( -0.0030305184 , 0.0000000000 ) 
   8.4675739500000002     ( -0.0028151241 , 0.0000000000 ) 
   8.5289331799999992     ( -0.0024791536 , 0.0000000000 ) 
   8.5902924100000000     ( -0.0020307586 , 0.0000000000 ) 
   8.6516516400000008     ( -0.0014855359 , 0.0000000000 ) 
   8.7130108800000006     ( -0.0008725922 , 0.0000000000 ) 
   8.7743701099999996     ( -0.0002334998 , 0.0000000000 ) 
   8.8357293400000003     ( 0.0003846185 , 0.0000000000 ) 
   8.8970885699999993     ( 0.0009379023 , 0.0000000000 ) 
   8.9584478000000001     ( 0.0013937115 , 0.0000000000 ) 
   9.0198070300000008     ( 0.0017358693 , 0.0000000000 ) 
   9.0811662599999998     ( 0.0019649936 , 0.0000000000 ) 
   9.1425254999999996     ( 0.0020928849 , 0.0000000000 ) 
   9.2038847300000004     ( 0.0021332329 , 0.0000000000 ) 
   9.2652439599999994     ( 0.0020934341 , 0.0000000000 ) 
   9.3266031900000002     ( 0.0019718890 , 0.0000000000 ) 
   9.3879624199999991     ( 0.0017623988 , 0.0000000000 ) 
   9.4493216499999999     ( 0.0014636780 , 0.0000000000 ) 
   9.5106808800000007     ( 0.0010887034 , 0.0000000000 ) 
   9.5720401200000005     ( 0.0006677769 , 0.0000000000 ) 
   9.6333993499999995     ( 0.0002426566 , 0.0000000000 ) 
   9.6947585800000002     ( -0.0001450733 , 0.0000000000 ) 
   9.7561178099999992     ( -0.0004651989 , 0.0000000000 ) 
   9.8174770400000000     ( -0.0007053499 , 0.0000000000 ) 
   9.8788362700000008     ( -0.0008717069 , 0.0000000000 ) 
   9.9401955100000006     ( -0.0009838957 , 0.0000000000 ) 
   10.001554700000000     ( -0.0010645071 , 0.0000000000 ) 
   10.062913999999999     ( -0.0011268400 , 0.0000000000 ) 
   10.124273199999999     ( -0.0011678940 , 0.0000000000 ) 
   10.185632399999999     ( -0.0011715941 , 0.0000000000 ) 
   10.246991700000001     ( -0.0011198331 , 0.0000000000 ) 
   10.308350900000001     ( -0.0010036462 , 0.0000000000 ) 
   10.369710100000001     ( -0.0008287859 , 0.0000000000 ) 
   10.431069400000000     ( -0.0006151741 , 0.0000000000 ) 
   10.492428600000000     ( -0.0003917368 , 0.0000000000 ) 
   10.553787800000000     ( -0.0001874380 , 0.0000000000 ) 
   10.615147100000000     ( -0.0000207946 , 0.0000000000 ) 
   10.676506300000000     ( 0.0001065086 , 0.0000000000 ) 
   10.737865500000000     ( 0.0002070327 , 0.0000000000 ) 
   10.799224700000000     ( 0.0002976610 , 0.0000000000 ) 
   10.860583999999999     ( 0.0003894856 , 0.0000000000 ) 
   10.921943199999999     ( 0.0004830728 , 0.0000000000 ) 
   10.983302399999999     ( 0.0005691544 , 0.0000000000 ) 
   11.044661700000001     ( 0.0006325100 , 0.0000000000 ) 
   11.106020900000001     ( 0.0006583070 , 0.0000000000 ) 
   11.167380100000001     ( 0.0006399537 , 0.0000000000 ) 
   11.228739400000000     ( 0.0005842483 , 0.0000000000 ) 
   11.290098600000000     ( 0.0005090178 , 0.0000000000 ) 
   11.351457800000000     ( 0.0004339123 , 0.0000000000 ) 
   11.412817100000000     ( 0.0003710222 , 0.0000000000 ) 
   11.474176300000000     ( 0.0003212969 , 0.0000000000 ) 
   11.535535500000000     ( 0.0002767490 , 0.0000000000 ) 
   11.596894799999999     ( 0.0002248427 , 0.0000000000 ) 
   11.658253999999999     ( 0.0001532009 , 0.0000000000 ) 
   11.719613200000000     ( 0.0000548780 , 0.0000000000 ) 
   11.780972500000001     ( -0.0000671424 , 0.0000000000 ) 
   11.842331700000001     ( -0.0001997068 , 0.0000000000 ) 
   11.903690900000001     ( -0.0003248573 , 0.0000000000 ) 
   11.965050099999999     ( -0.0004272861 , 0.0000000000 ) 
   12.026409400000000     ( -0.0004987176 , 0.0000000000 ) 
   12.087768600000000     ( -0.0005375088 , 0.0000000000 ) 
   12.149127800000000     ( -0.0005458484 , 0.0000000000 ) 
   12.210487100000000     ( -0.0005274103 , 0.0000000000 ) 
   12.271846300000000     ( -0.0004862156 , 0.0000000000 ) 
   12.333205500000000     ( -0.0004261748 , 0.0000000000 ) 
   12.394564799999999     ( -0.0003511291 , 0.0000000000 ) 
   12.455924000000000     ( -0.0002654661 , 0.0000000000 ) 
   12.517283200000000     ( -0.0001747994 , 0.0000000000 ) 
   12.578642500000001     ( -0.0000857711 , 0.0000000000 ) 
   12.640001699999999     ( -0.0000045250 , 0.0000000000 ) 
   12.701360899999999     ( 0.0000656334 , 0.0000000000 ) 
   12.762720200000000     ( 0.0001260376 , 0.0000000000 ) 
   12.824079400000000     ( 0.0001822911 , 0.0000000000 ) 
   12.885438600000001     ( 0.0002410002 , 0.0000000000 ) 
   12.946797800000001     ( 0.0003050201 , 0.0000000000 ) 
   13.008157100000000     ( 0.0003702793 , 0.0000000000 ) 
   13.069516300000000     ( 0.0004263437 , 0.0000000000 ) 
   13.130875500000000     ( 0.0004600520 , 0.0000000000 ) 
   13.192234800000000     ( 0.0004598466 , 0.0000000000 ) 
   13.253594000000000     ( 0.0004193299 , 0.0000000000 ) 
   13.314953200000000     ( 0.0003399174 , 0.0000000000 ) 
   13.376312499999999     ( 0.0002319697 , 0.0000000000 ) 
   13.437671699999999     ( 0.0001127877 , 0.0000000000 ) 
   13.499030899999999     ( 0.0000011659 , 0.0000000000 ) 
   13.560390200000001     ( -0.0000888062 , 0.0000000000 ) 
   13.621749400000001     ( -0.0001510706 , 0.0000000000 ) 
   13.683108600000001     ( -0.0001870128 , 0.0000000000 ) 
   13.744467900000000     ( -0.0002028306 , 0.0000000000 ) 
   13.805827100000000     ( -0.0002067932 , 0.0000000000 ) 
   13.867186300000000     ( -0.0002066532 , 0.0000000000 ) 
   13.928545600000000     ( -0.0002071825 , 0.0000000000 ) 
   13.989904800000000     ( -0.0002089340 , 0.0000000000 ) 
   14.051264000000000     ( -0.0002092426 , 0.0000000000 ) 
   14.112623200000000     ( -0.0002045741 , 0.0000000000 ) 
   14.173982499999999     ( -0.0001922382 , 0.0000000000 ) 
   14.235341699999999     ( -0.0001707875 , 0.0000000000 ) 
   14.296700899999999     ( -0.0001400726 , 0.0000000000 ) 
   14.358060200000001     ( -0.0001015743 , 0.0000000000 ) 
   14.419419400000001     ( -0.0000583311 , 0.0000000000 ) 
   14.480778600000001     ( -0.0000139758 , 0.0000000000 ) 
   14.542137900000000     ( 0.0000282284 , 0.0000000000 ) 
   14.603497100000000     ( 0.0000654125 , 0.0000000000 ) 
   14.664856300000000     ( 0.0000948219 , 0.0000000000 ) 
   14.726215600000000     ( 0.0001144843 , 0.0000000000 ) 
   14.787574800000000     ( 0.0001245030 , 0.0000000000 ) 
   14.848934000000000     ( 0.0001272687 , 0.0000000000 ) 
   14.910293299999999     ( 0.0001259880 , 0.0000000000 ) 
   14.971652499999999     ( 0.0001230059 , 0.0000000000 ) 
   15.033011699999999     ( 0.0001194116 , 0.0000000000 ) 
   15.094371000000001     ( 0.0001155001 , 0.0000000000 ) 
   15.155730200000001     ( 0.0001108274 , 0.0000000000 ) 
   15.217089400000001     ( 0.0001039059 , 0.0000000000 ) 
   15.278448600000001     ( 0.0000926702 , 0.0000000000 ) 
   15.339807900000000     ( 0.0000758355 , 0.0000000000 ) 
   15.401167100000000     ( 0.0000537879 , 0.0000000000 ) 
   15.462526300000000     ( 0.0000280946 , 0.0000000000 ) 
   15.523885600000000     ( 0.0000004493 , 0.0000000000 ) 
   15.585244800000000     ( -0.0000276743 , 0.0000000000 ) 
   15.646604000000000     ( -0.0000546528 , 0.0000000000 ) 
   15.707963299999999     ( -0.0000785016 , 0.0000000000 ) 
   15.769322499999999     ( -0.0000971017 , 0.0000000000 ) 
   15.830681700000000     ( -0.0001084387 , 0.0000000000 ) 
   15.892041000000001     ( -0.0001108317 , 0.0000000000 ) 
   15.953400200000001     ( -0.0001036334 , 0.0000000000 ) 
   16.014759399999999     ( -0.0000882167 , 0.0000000000 ) 
   16.076118699999999     ( -0.0000681580 , 0.0000000000 ) 
   16.137477900000000     ( -0.0000480337 , 0.0000000000 ) 
   16.198837099999999     ( -0.0000316894 , 0.0000000000 ) 
   16.260196400000002     ( -0.0000211852 , 0.0000000000 ) 
   16.321555600000000     ( -0.0000165263 , 0.0000000000 ) 
   16.382914800000002     ( -0.0000156470 , 0.0000000000 ) 
   16.444274000000000     ( -0.0000148457 , 0.0000000000 ) 
   16.505633300000000     ( -0.0000103780 , 0.0000000000 ) 
   16.566992500000001     ( -0.0000007631 , 0.0000000000 ) 
   16.628351700000000     ( 0.0000120638 , 0.0000000000 ) 
   16.689710999999999     ( 0.0000240205 , 0.0000000000 ) 
   16.751070200000001     ( 0.0000315940 , 0.0000000000 ) 
   16.812429399999999     ( 0.0000338469 , 0.0000000000 ) 
   16.873788699999999     ( 0.0000326652 , 0.0000000000 ) 
   16.935147900000000     ( 0.0000317900 , 0.0000000000 ) 
   16.996507099999999     ( 0.0000353635 , 0.0000000000 ) 
   17.057866400000002     ( 0.0000460766 , 0.0000000000 ) 
   17.119225600000000     ( 0.0000631972 , 0.0000000000 ) 
   17.180584799999998     ( 0.0000816675 , 0.0000000000 ) 
   17.241944100000001     ( 0.0000934634 , 0.0000000000 ) 
   17.303303300000000     ( 0.0000909806 , 0.0000000000 ) 
   17.364662500000001     ( 0.0000706978 , 0.0000000000 ) 
   17.426021800000001     ( 0.0000351805 , 0.0000000000 ) 
   17.487380999999999     ( -0.0000075214 , 0.0000000000 ) 
   17.548740200000001     ( -0.0000467524 , 0.0000000000 ) 
   17.610099399999999     ( -0.0000731278 , 0.0000000000 ) 
   17.671458699999999     ( -0.0000817434 , 0.0000000000 ) 
   17.732817900000001     ( -0.0000734864 , 0.0000000000 ) 
   17.794177099999999     ( -0.0000542318 , 0.0000000000 ) 
   17.855536399999998     ( -0.0000325008 , 0.0000000000 ) 
   17.916895600000000     ( -0.0000163242 , 0.0000000000 ) 
   17.978254799999998     ( -0.0000101831 , 0.0000000000 ) 
   18.039614100000001     ( -0.0000133491 , 0.0000000000 ) 
   18.100973300000000     ( -0.0000208274 , 0.0000000000 ) 
   18.162332500000002     ( -0.0000265821 , 0.0000000000 ) 
   18.223691800000001     ( -0.0000268773 , 0.0000000000 ) 
   18.285050999999999     ( -0.0000215519 , 0.0000000000 ) 
   18.346410200000001     ( -0.0000130525 , 0.0000000000 ) 
   18.407769500000001     ( -0.0000047101 , 0.0000000000 ) 
   18.469128699999999     ( 0.0000006398 , 0.0000000000 ) 
   18.530487900000001     ( 0.0000017878 , 0.0000000000 ) 
   18.591847099999999     ( 0.0000000379 , 0.0000000000 ) 
   18.653206399999998     ( -0.0000010923 , 0.0000000000 ) 
   18.714565600000000     ( 0.0000020482 , 0.0000000000 ) 
   18.775924799999999     ( 0.0000106568 , 0.0000000000 ) 
   18.837284100000002     ( 0.0000225791 , 0.0000000000 ) 
   18.898643300000000     ( 0.0000337533 , 0.0000000000 ) 
   18.960002500000002     ( 0.0000405024 , 0.0000000000 ) 
   19.021361800000001     ( 0.0000409989 , 0.0000000000 ) 
   19.082720999999999     ( 0.0000356857 , 0.0000000000 ) 
   19.144080200000001     ( 0.0000271555 , 0.0000000000 ) 
   19.205439500000001     ( 0.0000193301 , 0.0000000000 ) 
   19.266798699999999     ( 0.0000155821 , 0.0000000000 ) 
   19.328157900000001     ( 0.0000166318 , 0.0000000000 ) 
   19.389517200000000     ( 0.0000199450 , 0.0000000000 ) 
   19.450876399999999     ( 0.0000212610 , 0.0000000000 ) 
   19.512235600000000     ( 0.0000169553 , 0.0000000000 ) 
   19.573594900000000     ( 0.0000055767 , 0.0000000000 ) 
   19.634954100000002     ( -0.0000117783 , 0.0000000000 ) 
   19.696313300000000     ( -0.0000316986 , 0.0000000000 ) 
   19.757672500000002     ( -0.0000492386 , 0.0000000000 ) 
   19.819031800000001     ( -0.0000596106 , 0.0000000000 ) 
   19.880390999999999     ( -0.0000602832 , 0.0000000000 ) 
   19.941750200000001     ( -0.0000520073 , 0.0000000000 ) 
   20.003109500000001     ( -0.0000379422 , 0.0000000000 ) 
   20.064468699999999     ( -0.0000217955 , 0.0000000000 ) 
   20.125827900000001     ( -0.0000065324 , 0.0000000000 ) 
   20.187187200000000     ( 0.0000058745 , 0.0000000000 ) 
   20.248546399999999     ( 0.0000143407 , 0.0000000000 ) 
   20.309905600000000     ( 0.0000187193 , 0.0000000000 ) 
   20.371264900000000     ( 0.0000197263 , 0.0000000000 ) 
   20.432624100000002     ( 0.0000184607 , 0.0000000000 ) 
   20.493983300000000     ( 0.0000159064 , 0.0000000000 ) 
   20.555342599999999     ( 0.0000129509 , 0.0000000000 ) 
   20.616701800000001     ( 0.0000107646 , 0.0000000000 ) 
   20.678061000000000     ( 0.0000108417 , 0.0000000000 ) 
   20.739420299999999     ( 0.0000143343 , 0.0000000000 ) 
   20.800779500000001     ( 0.0000210612 , 0.0000000000 ) 
   20.862138699999999     ( 0.0000289414 , 0.0000000000 ) 
   20.923497900000001     ( 0.0000343775 , 0.0000000000 ) 
   20.984857200000000     ( 0.0000335779 , 0.0000000000 ) 
   21.046216399999999     ( 0.0000242531 , 0.0000000000 ) 
   21.107575600000001     ( 0.0000068233 , 0.0000000000 ) 
   21.168934900000000     ( -0.0000154573 , 0.0000000000 ) 
   21.230294099999998     ( -0.0000374021 , 0.0000000000 ) 
   21.291653300000000     ( -0.0000533555 , 0.0000000000 ) 
   21.353012600000000     ( -0.0000588721 , 0.0000000000 ) 
   21.414371800000001     ( -0.0000523475 , 0.0000000000 ) 
   21.475731000000000     ( -0.0000359423 , 0.0000000000 ) 
   21.537090299999999     ( -0.0000149283 , 0.0000000000 ) 
   21.598449500000001     ( 0.0000045909 , 0.0000000000 ) 
   21.659808699999999     ( 0.0000182801 , 0.0000000000 ) 
   21.721167999999999     ( 0.0000248729 , 0.0000000000 ) 
   21.782527200000001     ( 0.0000257508 , 0.0000000000 ) 
   21.843886399999999     ( 0.0000236654 , 0.0000000000 ) 
   21.905245699999998     ( 0.0000214698 , 0.0000000000 ) 
   21.966604900000000     ( 0.0000209936 , 0.0000000000 ) 
   22.027964099999998     ( 0.0000221207 , 0.0000000000 ) 
   22.089323300000000     ( 0.0000227129 , 0.0000000000 ) 
   22.150682600000000     ( 0.0000199038 , 0.0000000000 ) 
   22.212041800000002     ( 0.0000121043 , 0.0000000000 ) 
   22.273401000000000     ( 0.0000002271 , 0.0000000000 ) 
   22.334760299999999     ( -0.0000126966 , 0.0000000000 ) 
   22.396119500000001     ( -0.0000229751 , 0.0000000000 ) 
   22.457478699999999     ( -0.0000277670 , 0.0000000000 ) 
   22.518837999999999     ( -0.0000261379 , 0.0000000000 ) 
   22.580197200000001     ( -0.0000195237 , 0.0000000000 ) 
   22.641556399999999     ( -0.0000113105 , 0.0000000000 ) 
   22.702915699999998     ( -0.0000053627 , 0.0000000000 ) 
   22.764274900000000     ( -0.0000041275 , 0.0000000000 ) 
   22.825634099999998     ( -0.0000074769 , 0.0000000000 ) 
   22.886993400000001     ( -0.0000129067 , 0.0000000000 ) 
   22.948352600000000     ( -0.0000167281 , 0.0000000000 ) 
   23.009711800000002     ( -0.0000155585 , 0.0000000000 ) 
   23.071071000000000     ( -0.0000077231 , 0.0000000000 ) 
   23.132430299999999     ( 0.0000057751 , 0.0000000000 ) 
   23.193789500000001     ( 0.0000213117 , 0.0000000000 ) 
   23.255148699999999     ( 0.0000340367 , 0.0000000000 ) 
   23.316507999999999     ( 0.0000399440 , 0.0000000000 ) 
   23.377867200000001     ( 0.0000373751 , 0.0000000000 ) 
   23.439226399999999     ( 0.0000273144 , 0.0000000000 ) 
   23.500585699999998     ( 0.0000128081 , 0.0000000000 ) 
   23.561944900000000     ( -0.0000019763 , 0.0000000000 ) 
   23.623304099999999     ( -0.0000129661 , 0.0000000000 ) 
   23.684663400000002     ( -0.0000175881 , 0.0000000000 ) 
   23.746022600000000     ( -0.0000157285 , 0.0000000000 ) 
   23.807381800000002     ( -0.0000095461 , 0.0000000000 ) 
   23.868741100000001     ( -0.0000022751 , 0.0000000000 ) 
   23.930100299999999     ( 0.0000030867 , 0.0000000000 ) 
   23.991459500000001     ( 0.0000045586 , 0.0000000000 ) 
   24.052818800000001     ( 0.0000015165 , 0.0000000000 ) 
   24.114177999999999     ( -0.0000051648 , 0.0000000000 ) 
   24.175537200000001     ( -0.0000133271 , 0.0000000000 ) 
   24.236896399999999     ( -0.0000202970 , 0.0000000000 ) 
   24.298255699999999     ( -0.0000238689 , 0.0000000000 ) 
   24.359614900000000     ( -0.0000228977 , 0.0000000000 ) 
   24.420974099999999     ( -0.0000173615 , 0.0000000000 ) 
   24.482333400000002     ( -0.0000082494 , 0.0000000000 ) 
   24.543692600000000     ( 0.0000025496 , 0.0000000000 ) 
   24.605051799999998     ( 0.0000126129 , 0.0000000000 ) 
   24.666411100000001     ( 0.0000197329 , 0.0000000000 ) 
   24.727770300000000     ( 0.0000226440 , 0.0000000000 ) 
   24.789129500000001     ( 0.0000212476 , 0.0000000000 ) 
   24.850488800000001     ( 0.0000163937 , 0.0000000000 ) 
   24.911847999999999     ( 0.0000096080 , 0.0000000000 ) 
   24.973207200000001     ( 0.0000028424 , 0.0000000000 ) 
   25.034566500000000     ( -0.0000020156 , 0.0000000000 ) 
   25.095925699999999     ( -0.0000038688 , 0.0000000000 ) 
   25.157284900000001     ( -0.0000028710 , 0.0000000000 ) 
   25.218644200000000     ( -0.0000002138 , 0.0000000000 ) 
   25.280003399999998     ( 0.0000025514 , 0.0000000000 ) 
   25.341362600000000     ( 0.0000041157 , 0.0000000000 ) 
   25.402721799999998     ( 0.0000037037 , 0.0000000000 ) 
   25.464081100000001     ( 0.0000011921 , 0.0000000000 ) 
   25.525440300000000     ( -0.0000028446 , 0.0000000000 ) 
   25.586799500000001     ( -0.0000072886 , 0.0000000000 ) 
   25.648158800000001     ( -0.0000108935 , 0.0000000000 ) 
   25.709517999999999     ( -0.0000127516 , 0.0000000000 ) 
   25.770877200000001     ( -0.0000125459 , 0.0000000000 ) 
   25.832236500000000     ( -0.0000105057 , 0.0000000000 ) 
   25.893595699999999     ( -0.0000071731 , 0.0000000000 ) 
   25.954954900000001     ( -0.0000031256 , 0.0000000000 ) 
   26.016314200000000     ( 0.0000011842 , 0.0000000000 ) 
   26.077673399999998     ( 0.0000053662 , 0.0000000000 ) 
   26.139032600000000     ( 0.0000089092 , 0.0000000000 ) 
   26.200391900000000     ( 0.0000111586 , 0.0000000000 ) 
   26.261751100000001     ( 0.0000115692 , 0.0000000000 ) 
   26.323110300000000     ( 0.0000099812 , 0.0000000000 ) 
   26.384469599999999     ( 0.0000066373 , 0.0000000000 ) 
   26.445828800000001     ( 0.0000020479 , 0.0000000000 ) 
   26.507187999999999     ( -0.0000029894 , 0.0000000000 ) 
   26.568547200000001     ( -0.0000072825 , 0.0000000000 ) 
   26.629906500000001     ( -0.0000094856 , 0.0000000000 ) 
   26.691265699999999     ( -0.0000087864 , 0.0000000000 ) 
   26.752624900000001     ( -0.0000054623 , 0.0000000000 ) 
   26.813984200000000     ( -0.0000007179 , 0.0000000000 ) 
   26.875343399999998     ( 0.0000039997 , 0.0000000000 ) 
   26.936702600000000     ( 0.0000075053 , 0.0000000000 ) 
   26.998061900000000     ( 0.0000089550 , 0.0000000000 ) 
   27.059421100000002     ( 0.0000079160 , 0.0000000000 ) 
   27.120780300000000     ( 0.0000046835 , 0.0000000000 ) 
   27.182139599999999     ( 0.0000004164 , 0.0000000000 ) 
   27.243498800000001     ( -0.0000033761 , 0.0000000000 ) 
   27.304857999999999     ( -0.0000056805 , 0.0000000000 ) 
   27.366217299999999     ( -0.0000063610 , 0.0000000000 ) 
   27.427576500000001     ( -0.0000058415 , 0.0000000000 ) 
   27.488935699999999     ( -0.0000046421 , 0.0000000000 ) 
   27.550294999999998     ( -0.0000032587 , 0.0000000000 ) 
   27.611654200000000     ( -0.0000021839 , 0.0000000000 ) 
   27.673013399999999     ( -0.0000016859 , 0.0000000000 ) 
   27.734372600000000     ( -0.0000015114 , 0.0000000000 ) 
   27.795731900000000     ( -0.0000010054 , 0.0000000000 ) 
   27.857091100000002     ( 0.0000003361 , 0.0000000000 ) 
   27.918450300000000     ( 0.0000024448 , 0.0000000000 ) 
   27.979809599999999     ( 0.0000047778 , 0.0000000000 ) 
   28.041168800000001     ( 0.0000066781 , 0.0000000000 ) 
   28.102528000000000     ( 0.0000075713 , 0.0000000000 ) 
   28.163887299999999     ( 0.0000070039 , 0.0000000000 ) 
   28.225246500000001     ( 0.0000048012 , 0.0000000000 ) 
   28.286605699999999     ( 0.0000013232 , 0.0000000000 ) 
   28.347964999999999     ( -0.0000025248 , 0.0000000000 ) 
   28.409324200000000     ( -0.0000056642 , 0.0000000000 ) 
   28.470683399999999     ( -0.0000073007 , 0.0000000000 ) 
   28.532042700000002     ( -0.0000071283 , 0.0000000000 ) 
   28.593401900000000     ( -0.0000052921 , 0.0000000000 ) 
   28.654761100000002     ( -0.0000023131 , 0.0000000000 ) 
   28.716120300000000     ( 0.0000009892 , 0.0000000000 ) 
   28.777479599999999     ( 0.0000036964 , 0.0000000000 ) 
   28.838838800000001     ( 0.0000051066 , 0.0000000000 ) 
   28.900198000000000     ( 0.0000049755 , 0.0000000000 ) 
   28.961557299999999     ( 0.0000035410 , 0.0000000000 ) 
   29.022916500000001     ( 0.0000013703 , 0.0000000000 ) 
   29.084275699999999     ( -0.0000008553 , 0.0000000000 ) 
   29.145634999999999     ( -0.0000025549 , 0.0000000000 ) 
   29.206994200000000     ( -0.0000034068 , 0.0000000000 ) 
   29.268353399999999     ( -0.0000033887 , 0.0000000000 ) 
   29.329712700000002     ( -0.0000027026 , 0.0000000000 ) 
   29.391071900000000     ( -0.0000016730 , 0.0000000000 ) 
   29.452431099999998     ( -0.0000006627 , 0.0000000000 ) 
   29.513790400000001     ( 0.0000000423 , 0.0000000000 ) 
   29.575149600000000     ( 0.0000003752 , 0.0000000000 ) 
   29.636508800000001     ( 0.0000005178 , 0.0000000000 ) 
   29.697868100000001     ( 0.0000007250 , 0.0000000000 ) 
   29.759227299999999     ( 0.0000010990 , 0.0000000000 ) 
   29.820586500000001     ( 0.0000015526 , 0.0000000000 ) 
   29.881945699999999     ( 0.0000019548 , 0.0000000000 ) 
   29.943304999999999     ( 0.0000022195 , 0.0000000000 ) 
   30.004664200000001     ( 0.0000022383 , 0.0000000000 ) 
   30.066023399999999     ( 0.0000018476 , 0.0000000000 ) 
   30.127382699999998     ( 0.0000009828 , 0.0000000000 ) 
   30.188741900000000     ( -0.0000001541 , 0.0000000000 ) 
   30.250101099999998     ( -0.0000011794 , 0.0000000000 ) 
   30.311460400000001     ( -0.0000018053 , 0.0000000000 ) 
   30.372819600000000     ( -0.0000019841 , 0.0000000000 ) 
   30.434178800000002     ( -0.0000017948 , 0.0000000000 ) 
   30.495538100000001     ( -0.0000013043 , 0.0000000000 ) 
   30.556897299999999     ( -0.0000006098 , 0.0000000000 ) 
   30.618256500000001     ( 0.0000000696 , 0.0000000000 ) 
   30.679615800000001     
   30.740974999999999     
   30.802334200000001     
   30.863693500000000     
   30.925052699999998     
   30.986411900000000     
   31.047771099999999     
   31.109130400000002     
   31.170489600000000     
   31.231848800000002     
   31.293208100000001     
   31.354567299999999     
   31.415926500000001     
   31.477285800000001     
   31.538644999999999     
   31.600004200000001     
   31.661363500000000     
   31.722722699999998     
   31.784081900000000     
   31.845441200000000     
   31.906800400000002     
   31.968159600000000     
   32.029518899999999     
   32.090878099999998     
   32.152237300000003     
   32.213596500000001     
   32.274955800000001     
   32.336314999999999     
   32.397674199999997     
   32.459033499999997     
   32.520392700000002     
   32.581751900000000     
   32.643111200000000     
   32.704470399999998     
   32.765829600000004     
   32.827188900000003     
   32.888548100000001     
   32.949907300000000     
   33.011266599999999     
   33.072625799999997     
   33.133985000000003     
   33.195344200000001     
   33.256703500000000     
   33.318062699999999     
   33.379421899999997     
   33.440781200000004     
   33.502140400000002     
   33.563499600000000     
   33.624858900000000     
   33.686218099999998     
   33.747577300000003     
   33.808936600000003     
   33.870295800000001     
   33.931654999999999     
   33.993014299999999     
   34.054373499999997     
   34.115732700000002     
   34.177092000000002     
   34.238451200000000     
   34.299810399999998     
   34.361169599999997     
   34.422528900000003     
   34.483888100000001     
   34.545247300000000     
   34.606606599999999     
   34.667965799999998     
   34.729325000000003     
   34.790684300000002     
   34.852043500000001     
   34.913402699999999     
   34.974761999999998     
   35.036121199999997     
   35.097480400000002     
   35.158839700000001     
   35.220198900000000     
   35.281558099999998     
   35.342917399999997     
   35.404276600000003     
   35.465635800000001     
   35.526994999999999     
   35.588354299999999     
   35.649713499999997     
   35.711072700000003     
   35.772432000000002     
   35.833791200000000     
   35.895150399999999     
   35.956509699999998     
   36.017868900000003     
   36.079228100000002     
   36.140587400000001     
   36.201946599999999     
   36.263305799999998     
   36.324665099999997     
   36.386024300000003     
   36.447383500000001     
   36.508742800000000     
   36.570101999999999     
   36.631461199999997     
   36.692820400000002     
   36.754179700000002     
   36.815538900000000     
   36.876898099999998     
   36.938257399999998     
   36.999616600000003     
   37.060975800000001     
   37.122335100000001     
   37.183694299999999     
   37.245053499999997     
   37.306412799999997     
   37.367772000000002     
   37.429131200000000     
   37.490490500000000     
   37.551849699999998     
   37.613208899999997     
   37.674568200000003     
   37.735927400000001     
   37.797286600000000     
   37.858645799999998     
   37.920005099999997     
   37.981364300000003     
   38.042723500000001     
   38.104082800000000     
   38.165441999999999     
   38.226801199999997     
   38.288160499999996     
   38.349519700000002     
   38.410878900000000     
   38.472238200000000     
   38.533597399999998     
   38.594956600000003     
   38.656315900000003     
   38.717675100000001     
   38.779034299999999     
   38.840393499999998     
   38.901752799999997     
   38.963112000000002     
   39.024471200000001     
   39.085830500000000     
   39.147189699999998     
   39.208548899999997     
   39.269908200000003     
   39.331267400000002     
   39.392626600000000     
   39.453985899999999     
   39.515345099999998     
   39.576704300000003     
   39.638063600000002     
   39.699422800000001     
   39.760781999999999     
   39.822141299999998     
   39.883500499999997     
   39.944859700000002     
   40.006218900000000     
   40.067578200000000     
   40.128937399999998     
   40.190296600000003     
   40.251655900000003     
   40.313015100000001     
   40.374374299999999     
   40.435733599999999     
   40.497092799999997     
   40.558452000000003     
   40.619811300000002     
   40.681170500000000     
   40.742529699999999     
   40.803888999999998     
   40.865248200000003     
   40.926607400000002     
   40.987966700000001     
   41.049325899999999     
   41.110685099999998     
   41.172044300000003     
   41.233403600000003     
   41.294762800000001     
   41.356121999999999     
   41.417481299999999     
   41.478840499999997     
   41.540199700000002     
   41.601559000000002     
   41.662918200000000     
   41.724277399999998     
   41.785636699999998     
   41.846995900000003     
   41.908355100000001     
   41.969714400000001     
   42.031073599999999     
   42.092432799999997     
   42.153792099999997     
   42.215151300000002     
   42.276510500000001     
   42.337869699999999     
   42.399228999999998     
   42.460588199999997     
   42.521947400000002     
   42.583306700000001     
   42.644665900000000     
   42.706025099999998     
   42.767384399999997     
   42.828743600000003     
   42.890102800000001     
   42.951462100000001     
   43.012821299999999     
   43.074180499999997     
   43.135539799999997     
   43.196899000000002     
   43.258258200000000     
   43.319617399999998     
   43.380976699999998     
   43.442335900000003     
   43.503695100000002     
   43.565054400000001     
   43.626413599999999     
   43.687772799999998     
   43.749132099999997     
   43.810491300000002     
   43.871850500000001     
   43.933209800000000     
   43.994568999999998     
   44.055928199999997     
   44.117287500000003     
   44.178646700000002     
   44.240005900000000     
   44.301365199999999     
   44.362724399999998     
   44.424083600000003     
   44.485442800000001     
   44.546802100000001     
   44.608161299999999     
   44.669520499999997     
   44.730879799999997     
   44.792239000000002     
   44.853598200000000     
   44.914957500000000     
   44.976316699999998     
   45.037675900000004     
   45.099035200000003     
   45.160394400000001     
   45.221753600000000     
   45.283112899999999     
   45.344472099999997     
   45.405831300000003     
   45.467190600000002     
   45.528549800000000     
   45.589908999999999     
   45.651268199999997     
   45.712627500000004     
   45.773986700000002     
   45.835345900000000     
   45.896705200000000     
   45.958064399999998     
   46.019423600000003     
   46.080782900000003     
   46.142142100000001     
   46.203501299999999     
   46.264860599999999     
   46.326219799999997     
   46.387579000000002     
   46.448938300000002     
   46.510297500000000     
   46.571656699999998     
   46.633015999999998     
   46.694375200000003     
   46.755734400000001     
   46.817093600000000     
   46.878452899999999     
   46.939812099999997     
   47.001171300000003     
   47.062530600000002     
   47.123889800000001     
   47.185248999999999     
   47.246608299999998     
   47.307967499999997     
   47.369326700000002     
   47.430686000000001     
   47.492045200000000     
   47.553404399999998     
   47.614763699999997     
   47.676122900000003     
   47.737482100000001     
   47.798841400000001     
   47.860200599999999     
   47.921559799999997     
   47.982919000000003     
   48.044278300000002     
   48.105637500000000     
   48.166996699999999     
   48.228355999999998     
   48.289715200000003     
   48.351074400000002     
   48.412433700000001     
   48.473792899999999     
   48.535152099999998     
   48.596511399999997     
   48.657870600000003     
   48.719229800000001     
   48.780589100000000     
   48.841948299999999     
   48.903307499999997     
   48.964666700000002     
   49.026026000000002     
   49.087385200000000     
   49.148744399999998     
   49.210103699999998     
   49.271462900000003     
   49.332822100000001     
   49.394181400000001     
   49.455540599999999     
   49.516899799999997     
   49.578259099999997     
   49.639618300000002     
   49.700977500000000     
   49.762336800000000     
   49.823695999999998     
   49.885055199999996     
   49.946414500000003     
   50.007773700000001     
   50.069132900000000     
   50.130492099999998     
   50.191851399999997     
   50.253210600000003     
   50.314569800000001     
   50.375929100000000     
   50.437288299999999     
   50.498647499999997     
   50.560006799999996     
   50.621366000000002     
   50.682725200000000     
   50.744084500000000     
   50.805443699999998     
   50.866802900000003     
   50.928162200000003     
   50.989521400000001     
   51.050880599999999     
   51.112239899999999     
   51.173599099999997     
   51.234958300000002     
   51.296317500000001     
   51.357676800000000     
   51.419035999999998     
   51.480395199999997     
   51.541754500000003     
   51.603113700000002     
   51.664472900000000     
   51.725832199999999     
   51.787191399999998     
   51.848550600000003     
   51.909909900000002     
   51.971269100000001     
   52.032628299999999     
   52.093987599999998     
   52.155346799999997     
   52.216706000000002     
   52.278065300000002     
   52.339424500000000     
   52.400783699999998     
   52.462142900000003     
   52.523502200000003     
   52.584861400000001     
   52.646220599999999     
   52.707579899999999     
   52.768939099999997     
   52.830298300000003     
   52.891657600000002     
   52.953016800000000     
   53.014375999999999     
   53.075735299999998     
   53.137094500000003     
   53.198453700000002     
   53.259813000000001     
   53.321172199999999     
   53.382531399999998     
   53.443890600000003     
   53.505249900000003     
   53.566609100000001     
   53.627968299999999     
   53.689327599999999     
   53.750686799999997     
   53.812046000000002     
   53.873405300000002     
   53.934764500000000     
   53.996123699999998     
   54.057482999999998     
   54.118842200000003     
   54.180201400000001     
   54.241560700000001     
   54.302919899999999     
   54.364279099999997     
   54.425638399999997     
   54.486997600000002     
   54.548356800000001     
   54.609715999999999     
   54.671075299999998     
   54.732434499999997     
   54.793793700000002     
   54.855153000000001     
   54.916512200000000     
   54.977871399999998     
   55.039230699999997     
   55.100589900000003     
   55.161949100000001     
   55.223308400000001     
   55.284667599999999     
   55.346026799999997     
   55.407386099999997     
   55.468745300000002     
   55.530104500000000     
   55.591463800000000     
   55.652822999999998     
   55.714182200000003     
   55.775541400000002     
   55.836900700000001     
   55.898259899999999     
   55.959619099999998     
   56.020978399999997     
   56.082337600000002     
   56.143696800000001     
   56.205056100000000     
   56.266415299999998     
   56.327774499999997     
   56.389133800000003     
   56.450493000000002     
   56.511852200000000     
   56.573211499999999     
   56.634570699999998     
   56.695929900000003     
   56.757289200000002     
   56.818648400000001     
   56.880007599999999     
   56.941366799999997     
   57.002726099999997     
   57.064085300000002     
   57.125444500000000     
   57.186803800000000     
   57.248162999999998     
   57.309522200000004     
   57.370881500000003     
   57.432240700000001     
   57.493599900000000     
   57.554959199999999     
   57.616318399999997     
   57.677677600000003     
   57.739036900000002     
   57.800396100000000     
   57.861755299999999     
   57.923114599999998     
   57.984473800000004     
   58.045833000000002     
   58.107192200000000     
   58.168551500000000     
   58.229910699999998     
   58.291269900000003     
   58.352629200000003     
   58.413988400000001     
   58.475347599999999     
   58.536706899999999     
   58.598066099999997     
   58.659425300000002     
   58.720784600000002     
   58.782143800000000     
   58.843502999999998     
   58.904862299999998     
   58.966221500000003     
   59.027580700000001     
   59.088939900000000     
   59.150299199999999     
   59.211658399999997     
   59.273017600000003     
   59.334376900000002     
   59.395736100000001     
   59.457095299999999     
   59.518454599999998     
   59.579813799999997     
   59.641173000000002     
   59.702532300000001     
   59.763891500000000     
   59.825250699999998     
   59.886609999999997     
   59.947969200000003     
   60.009328400000001     
   60.070687700000001     
   60.132046899999999     
   60.193406099999997     
   60.254765300000003     
   60.316124600000002     
   60.377483800000000     
   60.438842999999999     
   60.500202299999998     
   60.561561500000003     
   60.622920700000002     
   60.684280000000001     
   60.745639199999999     
   60.806998399999998     
   60.868357699999997     
   60.929716900000003     
   60.991076100000001     
   61.052435400000000     
   61.113794599999999     
   61.175153799999997     
   61.236513100000003     
   61.297872300000002     
   61.359231500000000     
   61.420590699999998     
   61.481949999999998     
   61.543309200000003     
   61.604668400000001     
   61.666027700000001     
   61.727386899999999     
   61.788746099999997     
   61.850105399999997     
   61.911464600000002     
   61.972823800000000     
   62.034183100000000     
   62.095542299999998     
   62.156901499999996     
   62.218260800000003     
   62.279620000000001     
   62.340979200000000     
   62.402338499999999     
   62.463697699999997     
   62.525056900000003     
   62.586416100000001     
   62.647775400000000     
   62.709134599999999     
   62.770493799999997     
