0.	0.987
0.005	0.9866276675
0.01	0.98632093
0.015	0.986079315
0.02	0.98590235
0.025	0.985789559375
0.03	0.98574048
0.035	0.9857546475
0.04	0.98583159
0.045	0.985970836875
0.05	0.98617192
0.055	0.98643437125
0.06	0.98675772
0.065	0.9871414962499999
0.07	0.98758523
0.075	0.9880884493750001
0.08	0.98865069
0.085	0.98927148875
0.09	0.98995037
0.095	0.990686858125
0.1	0.99148049
0.105	0.992330801875
0.11	0.99323732
0.115	0.994199571875
0.12	0.99521709
0.125	0.9962894237500001
0.13	0.99741605
0.135	0.9985964875
0.14	0.99983016
0.145	1.001116511875
0.15	1.002455
0.155	1.00384509625
0.16	1.0052862
0.165	1.0067777
0.17	1.0083191
0.175000	1.0099099
0.18	1.0115495
0.185	1.01323730625
0.19	1.0149728
0.195	1.0167554625
0.2	1.0185847
0.205000	1.02045993125
0.21	1.0223806
0.215	1.024346125
0.22	1.026356
0.225	1.0284097250000002
0.23	1.0305067
0.235000	1.03264634375
0.24	1.0348281
0.245	1.03705138125
0.25	1.0393157
0.255	1.041620425
0.26	1.0439654
0.265	1.046350275
0.27	1.048775
0.275	1.05123944375
0.28	1.0537435
0.285000	1.0562870625
0.29	1.05887
0.295	1.0614921875
0.3	1.0641535
0.305	1.06685380625
0.31	1.069593
0.315	1.07237098125
0.32	1.0751876
0.325	1.07804270625
0.33	1.0809362
0.335	1.08386798125
0.34	1.0868379
0.345000	1.0898458
0.350000	1.0928916
0.355	1.0959752125
0.36	1.0990965
0.365	1.10225534375
0.37	1.1054516
0.375	1.10868514375
0.38	1.1119558
0.385	1.115263475
0.39	1.1186078
0.395	1.1219884875
0.4	1.1254052
0.405	1.128857625
0.410000	1.1323454
0.415000	1.13586815625
0.42	1.1394256
0.425	1.143017425
0.43	1.1466433
0.435	1.1503029125
0.44	1.1539959
0.445	1.15772189375
0.45	1.1614806
0.455	1.165271725
0.46	1.1690949
0.465	1.17294975
0.470000	1.176836
0.475000	1.180753375
0.48	1.1847015
0.485	1.1886800187500002
0.49	1.1926886
0.495	1.1967268937500002
0.5	1.2007946
0.505	1.20489144375
0.51	1.209017
0.515	1.2131709124999999
0.52	1.2173527
0.525	1.22156190625
0.53	1.2257981
0.535	1.23006084375
0.54	1.2343497
0.545	1.2386642437500002
0.55	1.243004
0.555	1.2473684812499999
0.56	1.2517573
0.56500	1.2561700687500001
0.57000	1.2606063
0.57500	1.2650655187500002
0.58	1.2695473
0.585	1.2740512124999999
0.59	1.2785768
0.595	1.2831236
0.6	1.2876912
0.605	1.29227919375
0.61	1.2968871
0.615	1.30151444375
0.62	1.3061608
0.625	1.3108257187499999
0.63	1.3155088
0.635	1.3202095812499999
0.64	1.3249278
0.645	1.32966311875
0.65	1.3344153
0.655	1.3391840750000001
0.66	1.3439692
0.665	1.348770425
0.67	1.3535875
0.675	1.358420175
0.68	1.3632682
0.685	1.36813133125
0.69000	1.3730093
0.69500	1.3779018437500001
0.70000	1.3828087
0.705	1.38772959375
0.71	1.3926643
0.715	1.3976126000000002
0.72	1.4025742
0.725	1.40754880625
0.73	1.4125362
0.735	1.4175361499999999
0.74	1.4225484
0.745	1.4275727125
0.75	1.4326088
0.755	1.43765653125
0.76	1.4427152
0.765	1.4477845625
0.77	1.4528631
0.775	1.4579496875
0.78	1.4630429
0.785	1.46814135625
0.79	1.4732438
0.795	1.47834896875
0.8	1.4834555
0.805	1.4885620375
0.81	1.4936673
0.81500	1.49877
0.82000	1.5038688000000002
0.82500	1.508962375
0.83000	1.5140494000000002
0.835	1.51912854375
0.84	1.5241985
0.845	1.5292579499999999
0.85	1.5343056
0.855	1.539340175
0.86	1.5443603
0.865	1.5493645875
0.87	1.5543518
0.875	1.55932064375
0.88	1.5642699
0.885	1.56919734375
0.89	1.5741047
0.895	1.57899190625
0.9	1.5838621
0.905	1.5887176
0.91	1.5935608
0.915	1.598394075
0.92	1.6032198
0.925	1.60804035
0.93	1.6128581
0.935	1.617675425
0.94000	1.6224947
0.94500	1.6273182937500001
0.95000	1.6321486
0.95500	1.63698801875
0.96	1.6418389
0.965	1.64670359375
0.97	1.6515845
0.975	1.65648401875
0.98	1.6614045
0.985	1.6663482875
0.99	1.6713178
0.995	1.67631545625
1.	1.6813436
1.00500	1.6864055500000001
1.01	1.6915008
1.01500	1.69663445625
1.02	1.701793
1.025	1.7069689499999998
1.03	1.7121493
1.035	1.71732243125
1.04	1.7224767
1.045	1.7276004749999998
1.05	1.7326821
1.055	1.7377099124999997
1.06	1.7426723
1.065	1.7475576499999999
1.07	1.7523543
1.075	1.7570505937499998
1.08	1.7616349
1.085	1.7660955812499999
1.09	1.770421
1.095	1.7745995187499999
1.1	1.7786195
1.105	1.7824693
1.11	1.7861373
1.115	1.7896118937499998
1.12	1.7928814
1.125	1.7959340687499998
1.13000	1.7987585000000001
1.135	1.80133804375
1.14000	1.8036767
1.145	1.8057647125
1.15000	1.8076267
1.155	1.809277875
1.16	1.8107367
1.165	1.81202080625
1.17	1.8131479
1.175	1.81413569375
1.18	1.8150018
1.185	1.8157638375
1.19	1.8164395
1.195	1.8170464625
1.2	1.8176024
1.205	1.818125
1.21	1.8186319
1.215	1.81914075
1.22	1.8196692
1.225	1.82023488125
1.23	1.8208555
1.235	1.8215487625
1.24	1.8223323
1.245	1.82322375625
1.25	1.8242408
1.25500	1.82540109375
1.26	1.8267223
1.26500	1.828222075
1.27	1.8299181
1.27500	1.8318280625
1.28	1.8339696
1.285	1.83636035625
1.29	1.839018
1.295	1.8419601937499999
1.3	1.8452046
1.305	1.848768875
1.31	1.8526707
1.315	1.8569277625
1.32	1.8615577
1.325	1.86657815
1.33	1.8720068
1.335	1.8778613375
1.34	1.8841594
1.345	1.8909186249999999
1.35	1.8981567
1.355	1.9058913124999999
1.36	1.9141401
1.365	1.9229207062499998
1.37	1.9322508
1.375	1.9421480375
1.38000	1.9526301000000004
1.385	1.9637146687500002
1.39000	1.9754194000000005
1.395	1.9877619562500004
1.40000	2.00076
1.405	2.0144312
1.41	2.0287932
1.415	2.0438636437500004
1.42	2.0596602
1.425	2.0762005187500003
1.43	2.0935023
1.435	2.1115832562500003
1.44	2.130461
1.445	2.1501531500000004
1.45	2.1706774
1.455	2.1920514375000004
1.46	2.2142929
1.465	2.2374194187500005
1.47	2.2614487
1.475	2.2863984562500006
1.48	2.3122863
1.485	2.3391298437500003
1.49	2.3669468
1.495	2.3957548812500007
1.5	2.4255717
1.50500	2.4564150500000004
1.51	2.4883021
1.51500	2.5212565812500007
1.52	2.5552766
1.52500	2.590374825000001
1.53	2.6265313
1.53500	2.663734737500001
1.54	2.7019718
1.545	2.741229674999999
1.55	2.7814955
1.555	2.822756406249999
1.56	2.8649996
1.565	2.9082122874999987
1.57	2.9523816
1.575	2.9974946812499987
1.58	3.0435387
1.585	3.090500812499999
1.59	3.1383682
1.595	3.1871280499999988
1.6	3.2367675
1.605	3.287273687499999
1.61	3.3386338
1.615	3.390835012499999
1.62	3.4438645
1.625	3.49770945625
1.63000	3.552357000000003
1.635	3.6077923687500015
1.64000	3.664008400000003
1.645	3.7209810687500013
1.65000	3.7787462000000027
1.655	3.8373174562500014
1.66000	3.8967373000000025
1.665	3.957040956250001
1.67	4.0182638
1.675	4.080441175000001
1.68	4.1436084
1.685	4.207800781250001
1.69	4.2730537
1.695	4.339402537500002
1.7	4.4068826
1.705	4.475529200000002
1.71	4.5453777
1.715	4.616463462500002
1.72	4.6888218
1.725	4.7624880250000015
1.73	4.8374975
1.735	4.913885587500001
1.74	4.9916876
1.745	5.070938843750001
1.75	5.1516747
1.75500	5.233930575000002
1.76	5.3177417
1.76500	5.403153187500002
1.77	5.4901708
1.77500	5.5788360187500015
1.78	5.6690868
1.78500	5.760891156250002
1.79	5.8542004
1.795	5.948970018749998
1.8	6.0451555
1.805	6.142712331249998
1.81	6.241596
1.815	6.341761987499998
1.82	6.4431658
1.825	6.545762956249997
1.83	6.6495089
1.835	6.754359081249997
1.84	6.860269
1.845	6.967194137499997
1.85	7.07509
1.855	7.183912093749997
1.86	7.2936159
1.865	7.404156912499997
1.87	7.5154906
1.875	7.62757243125
1.88000	7.740357900000006
1.885	7.853802506250003
1.89000	7.967861700000006
1.895	8.082491106250004
1.90000	8.197645700000006
1.905	8.313280800000003
1.91000	8.429351000000006
1.915	8.545811081250003
1.92	8.6626158
1.925	8.779719925000002
1.93	8.8970782
1.935	9.014645356250002
1.94	9.1323762
1.945	9.250225537500002
1.95	9.3681481
1.955	9.486098625000004
1.96	9.6040319
1.965	9.721902700000003
1.97	9.8396658
1.975	9.957276018750003
1.98	10.074688
1.985	10.191856325000002
1.99	10.308736
1.995	10.425282062500003
2.	10.541449
2.005	10.6571913125
2.01000	10.77246400000001
2.015	10.887218625000004
2.02	11.00142
2.025	11.1150098125
2.03000	11.22800900000001
2.035	11.340411625000005
2.04	11.45224
2.045	11.5635095
2.05	11.674235
2.055	11.784431312500004
2.06	11.894114
2.065	12.0032985
2.07	12.112
2.075	12.220233812500005
2.08	12.328015
2.085	12.4353585625
2.09	12.54228
2.095	12.648794875000005
2.1	12.754918
2.105	12.8606641875
2.11	12.966049
2.115	13.071087875000005
2.12	13.175796
2.125	13.280188687499999
2.13	13.384281
2.13500	13.488087937500005
2.14	13.591625
2.145	13.694898437500001
2.15	13.797951
2.15500	13.900798375000004
2.16	14.003528
2.165	14.106207312499999
2.17	14.208912
2.17500	14.311715687500005
2.18	14.414692
2.185	14.517914625
2.19	14.621457
2.195	14.725392437499995
2.2	14.829795
2.205	14.934738750000001
2.21	15.040297
2.215	15.146543187499995
2.22	15.253551
2.225	15.361394
2.23	15.470146
2.235	15.579880874999995
2.24	15.690672
2.245	15.802592749999999
2.25	15.915717
2.255	16.0301185625
2.26000	16.14587100000001
2.265	16.263050375000006
2.27	16.381723
2.275	16.501992687500003
2.28000	16.623823000000012
2.285	16.74723868750001
2.29	16.87216
2.295	16.9985336875
2.30000	17.12630500000001
2.305	17.255419875000005
2.31	17.385823
2.315	17.517459125
2.32	17.650274
2.325	17.784213312500007
2.33	17.919222
2.335	18.0552450625
2.34	18.192228
2.345	18.330116250000007
2.35	18.468855
2.355	18.6083895
2.36	18.748665
2.365	18.889626687500005
2.37	19.03122
2.375	19.1733903125
2.38	19.316083
2.38500	19.459243625000006
2.39	19.602817
2.395	19.7467353125
2.4	19.890982
2.40500	20.035474875000006
2.41	20.180343
2.415	20.325648375
2.42	20.47151
2.42500	20.618032625000005
2.43	20.765321
2.435	20.91348
2.44	21.062614
2.445	21.212827312499993
2.45	21.364225
2.455	21.516912125
2.46	21.670993
2.465	21.82657199999999
2.47	21.983754
2.475	22.1426438125
2.48	22.303346
2.485	22.465965062499993
2.49	22.630606
2.495	22.797373937499998
2.5	22.966373
2.505	23.1377073125
2.51000	23.311482000000016
2.515	23.48780293750001
2.52	23.666772
2.525	23.848538375
2.53000	24.03306600000002
2.535	24.22043450000001
2.54	24.410446
2.545	24.6029775
2.55000	24.797884000000018
2.555	24.99502618750001
2.56	25.194264
2.565	25.395457375
2.57	25.598467
2.575	25.803153500000008
2.58	26.009377
2.585	26.2169976875
2.59	26.425876
2.595	26.63587237500001
2.6	26.846847
2.605	27.0586600625
2.61	27.271172
2.615	27.48424325000001
2.62	27.697734
2.625	27.9115044375
2.63	28.125415
2.63500	28.33932612500001
2.64	28.553098
2.645	28.7665859375
2.65	28.979665
2.65500	29.19215868750001
2.66	29.404077
2.665	29.615356375
2.67	29.826041
2.67500	30.03614806250001
2.68	30.245695
2.685	30.4546990625
2.69	30.663178
2.695	30.87114956249999
2.7	31.078631
2.705	31.285639562500002
2.71	31.492193
2.715	31.69830899999999
2.72	31.904005
2.725	32.1092984375
2.73	32.314207
2.735	32.518748374999994
2.74	32.72294
2.745	32.926799375
2.75	33.130344
2.755	33.333591375
2.76000	33.53655900000002
2.765	33.739264312500005
2.77	33.941725
2.775	34.1439830625
2.78000	34.34598300000002
2.785	34.54776962500001
2.79	34.749084
2.795	34.949758
2.80000	35.14956400000001
2.805	35.34828906250001
2.81	35.545721
2.815	35.7416476875
2.82	35.935856
2.825	36.12813293750001
2.83	36.318266
2.835	36.5060425625
2.84	36.69125
2.845	36.873675687500004
2.85	37.053107
2.855	37.2293314375
2.86	37.402136
2.865	37.57130756250001
2.87	37.736634
2.875	37.897903125
2.88	38.054902
2.88500	38.207417937500004
2.89	38.355238
2.895	38.49814775
2.9	38.635939
2.90500	38.768364312500005
2.91	38.895327
2.915	39.0166493125
2.92	39.132327
2.92500	39.2423100625
2.93	39.346558
2.935	39.4450279375
2.94	39.537677
2.945	39.62446224999999
2.95	39.705341
2.955	39.7802706875
2.96	39.849208
2.965	39.912109625
2.97	39.968933
2.975	40.0196355
2.98	40.064174
2.985	40.1025053125
2.99	40.134587
2.995	40.160376750000005
3.	40.179831
3.005	40.1929061875
3.01000	40.19956
3.015	40.1997499375
3.02	40.193433
3.025	40.1805603125
3.03000	40.161107
3.035	40.134999375
3.04	40.102335
3.045	40.0631503125
3.05000	40.017554999999994
3.055	39.9656405625
3.06	39.907498
3.065	39.84321825
3.07000	39.772892999999996
3.075	39.696613875
3.08	39.614472
3.085	39.5265585625
3.09	39.432965
3.095	39.33378275
3.1	39.229103
3.105	39.119016875
3.11	39.003616
3.115	38.882991937499995
3.12	38.757236
3.125	38.626439687499996
3.13	38.490694
3.13500	38.350089874999995
3.14	38.204719
3.145	38.054672937499994
3.15	37.900043
3.15500	37.74090768749999
3.16	37.577397
3.165	37.4095980625
3.17	37.237718
3.17500	37.0619298125
3.18	36.882423
3.185	36.69938275
3.19	36.512995
3.19500	36.32344562499999
3.2	36.13092
3.205	35.935603625
3.21	35.737682
3.215	35.537340625000006
3.22	35.334765
3.225	35.130140562499996
3.23	34.923653
3.235	34.71548793750001
3.24	34.505831
3.245	34.294867875
3.25	34.082784
3.255	33.869764875
3.26000	33.65599599999998
3.265	33.44166281249999
3.27	33.226951
3.275	33.012048625
3.28000	32.79713399999998
3.285	32.582429999999995
3.29	32.367991
3.295	32.15395075
3.30000	31.940293999999984
3.305	31.727043874999993
3.31	31.514219
3.315	31.3018390625
3.32000	31.089923999999982
3.325	30.87849387499999
3.33	30.667568
3.335	30.457165687499998
3.34	30.247307
3.345	30.03801193749999
3.35	29.8293
3.355	29.62119075
3.36	29.413704
3.365	29.20685949999999
3.37	29.000677
3.375	28.79517625
3.38	28.590377
3.38500	28.38629906249999
3.39	28.182962
3.395	27.9803853125
3.4	27.778589
3.40500	27.57759093749999
3.41	27.377417
3.415	27.1780799375
3.42	26.979637
3.42500	26.782130812499993
3.43	26.585618
3.435	26.39015175
3.44	26.195785
3.44500	26.002570687499993
3.45	25.810562
3.455	25.619812125
3.46	25.430374
3.465	25.242300500000006
3.47	25.055645
3.475	24.8704609375
3.48	24.686801
3.485	24.504717937500008
3.49	24.324265
3.495	24.1454953125
3.5	23.968462
3.505	23.7932181875
3.51000	23.619816999999987
3.515	23.44831162499999
3.52	23.278755
3.525	23.11120025
3.53000	22.945699999999984
3.535	22.782320499999994
3.54	22.621074
3.545	22.4620098125
3.55000	22.305082999999986
3.555	22.150274874999994
3.56	21.997556
3.565	21.846899375
3.57000	21.698278999999985
3.575	21.551668687499994
3.58	21.407042
3.585	21.264372625
3.59	21.123634
3.595	20.984799624999994
3.6	20.847843
3.605	20.712737625000003
3.61	20.579457
3.615	20.447974437499994
3.62	20.318264
3.625	20.190299875
3.63	20.064055
3.63500	19.939502374999993
3.64	19.816616
3.645	19.6953696875
3.65	19.575737
3.65500	19.457691437499996
3.66	19.341207
3.665	19.2262538125
3.67	19.112817
3.67500	19.000875812499995
3.68	18.890418
3.685	18.781429000000003
3.69	18.673895
3.69500	18.567802124999996
3.7	18.463136
3.705	18.359882312499998
3.71	18.258027
3.715	18.157555937500003
3.72	18.058455
3.725	17.9607100625
3.73	17.864307
3.735	17.769231625000003
3.74	17.67547
3.745	17.5830083125
3.75	17.491832
3.755	17.4019265
3.76000	17.313277999999993
3.765	17.225872624999997
3.77	17.139696
3.775	17.05473375
3.78000	16.970971999999993
3.785	16.888395374999995
3.79	16.806994
3.795	16.726751125
3.80000	16.647671999999993
3.805	16.569755062499997
3.81	16.493004
3.815	16.4174211875
3.82000	16.34300899999999
3.825	16.269769937499998
3.83	16.197706
3.835	16.1268190625
3.84	16.057112
3.845	15.988587624999997
3.85	15.921248
3.855	15.855095375
3.86	15.790132
3.865	15.726359999999996
3.87	15.663782
3.875	15.602400625
3.88	15.542218
3.88500	15.483236312499997
3.89	15.425458
3.895	15.368885500000001
3.9	15.313521
3.90500	15.259366749999996
3.91	15.206425
3.915	15.1547028125
3.92	15.104188
3.92500	15.054879499999998
3.93	15.006751
3.935	14.959783
3.94	14.913954
3.94500	14.869242937499997
3.95	14.825629
3.955	14.7830913125
3.96	14.741609
3.96500	14.701161187499999
3.97	14.661727
3.975	14.623285625
3.98	14.585816
3.985	14.549297000000001
3.99	14.513708
3.995	14.479028375
4.	14.445237
4.005	14.412312875000001
4.01	14.380235
4.015	14.34898225
4.02000	14.318533999999994
4.025	14.288869624999997
4.03	14.259968
4.035	14.2318074375
4.04	14.204369
4.045	14.1776273125
4.05	14.15158
4.055	14.126216249999999
4.06000	14.101535999999996
4.065	14.077536437499997
4.07	14.054215
4.075	14.031569
4.08	14.009596
4.085	13.9882935
4.09	13.967659
4.095	13.9476900625
4.1	13.928384
4.105	13.909738187499999
4.11	13.89175
4.115	13.8744166875
4.12	13.857736
4.125	13.841705812499999
4.13	13.826323
4.135	13.8115844375
4.14	13.797488
4.14500	13.784031374999998
4.15	13.771212
4.155	13.7590275
4.16	13.747475
4.165	13.7365524375
4.17	13.726255
4.175	13.7165806875
4.18	13.707519
4.18500	13.6990621875
4.19	13.6912
4.195	13.6839225625
4.2	13.677221
4.205	13.671086375
4.21	13.665509
4.215	13.66047925
4.22	13.655988
4.225	13.652026062500001
4.23	13.648584
4.235	13.645652375
4.24	13.643222
4.245	13.6412836875
4.25	13.639828
4.255	13.638845625
4.26	13.638327
4.265	13.6382624375
4.27000	13.638643
4.275	13.63945975
4.28	13.640703
4.285	13.642363125000001
4.29	13.644431
4.295	13.646898
4.3	13.649753
4.305	13.6529860625
4.31000	13.656585
4.315	13.660538125
4.32	13.664834
4.325	13.669461312500001
4.33	13.674408
4.335	13.679661874999999
4.34	13.685212
4.345	13.6910474375
4.35000	13.697156000000001
4.355	13.7035256875
4.36	13.710145
4.365	13.71700225
4.37	13.724086
4.375	13.7313848125
4.38	13.738887
4.385	13.746580937500001
4.39	13.754455
4.39500	13.762497625000002
4.4	13.770697
4.405	13.779041187499999
4.41	13.787519
4.415	13.79611875
4.42	13.80483
4.425	13.8136383125
4.43	13.822544
4.43500	13.831542500000001
4.44	13.840634
4.445	13.8498175
4.45	13.859092
4.455	13.8684565
4.46	13.87791
4.465	13.887451375000001
4.47	13.89708
4.47500	13.906795250000002
4.48	13.916596
4.485	13.9264813125
4.49	13.93645
4.495	13.94650075
4.5	13.956633
4.505	13.966846125
4.51	13.977139
4.515	13.987510625
4.52000	13.997960000000003
4.525	14.008486000000001
4.53	14.019088
4.535	14.0297655
4.54	14.040517
4.545	14.051342625
4.55	14.062237
4.555	14.073199624999999
4.56000	14.084216000000001
4.565	14.095275625000001
4.57	14.106366
4.575	14.117474937499999
4.58	14.128591
4.585	14.1397026875
4.59	14.150798
4.595	14.1618650625
4.60000	14.172892000000001
4.605	14.183866875
4.61	14.194778
4.615	14.205613625
4.62	14.216362
4.625	14.2270115
4.63	14.23755
4.635	14.247965375
4.64	14.258246
4.64500	14.268380187500002
4.65	14.278356
4.655	14.2881614375
4.66	14.297785
4.665	14.307215124999999
4.67	14.31644
4.675	14.325446
4.68	14.334227
4.68500	14.342773562500001
4.69	14.351082
4.695	14.359147125
4.7	14.366964
4.705	14.374527624999999
4.71	14.381833
4.715	14.38887525
4.72	14.395649
4.72500	14.402148875
4.73	14.40837
4.735	14.4143074375
4.74	14.419956
4.745	14.4253105
4.75	14.430366
4.755	14.4351175
4.76	14.43956
4.765	14.443688625
4.77000	14.447498
4.775	14.4509826875
4.78	14.454138
4.785	14.45695925
4.79	14.459441
4.795	14.4615773125
4.8	14.463365
4.805	14.464797625
4.81000	14.465879
4.815	14.4666098125
4.82	14.466993
4.825	14.4670306875
4.83	14.466726
4.835	14.466082
4.84	14.465101
4.845	14.4637855
4.85000	14.462138
4.855	14.460160875
4.86	14.457857
4.865	14.4552293125
4.87	14.45228
4.875	14.4490111875
4.88	14.445426
4.885	14.4415275625
4.89	14.437318
4.89500	14.4327995
4.9	14.427975
4.905	14.4228473125
4.91	14.417419
4.915	14.411692875
4.92	14.405671
4.925	14.399357875
4.93	14.392749
4.93500	14.385846312499998
4.94	14.378635
4.945	14.371104687499999
4.95	14.363244
4.955	14.3550418125
4.96	14.346487
4.965	14.3375685625
4.97	14.328275
4.97500	14.318594749999999
4.98	14.308517
4.985	14.2980308125
4.99	14.287125
4.995	14.275788625
5.	14.26401
5.005	14.25177725
5.01	14.23908
5.015	14.225907874999999
5.02000	14.212248999999998
5.025	14.198091687499998
5.03	14.183425
5.035	14.1682378125
5.04	14.152519
5.045	14.136256937499999
5.05	14.119442
5.055	14.1020586875
5.06000	14.084112999999997
5.065	14.06560225
5.07	14.046537
5.075	14.026924625000001
5.08	14.006772
5.085	13.9860858125
5.09	13.964874
5.095	13.9431445
5.10000	13.920903999999997
5.105	13.898159374999997
5.11	13.874918
5.115	13.851187125
5.12	13.826974
5.125	13.8022858125
5.13	13.77713
5.135	13.7515140625
5.14	13.725445
5.14500	13.698929812499998
5.15	13.671976
5.155	13.644591125000002
5.16	13.616782
5.165	13.588555375
5.17	13.559919
5.175	13.5308808125
5.18	13.501447
5.18500	13.471625374999997
5.19	13.441419
5.195	13.410832
5.2	13.379869
5.205	13.348534875
5.21	13.316833
5.215	13.284766874999999
5.22	13.252341
5.22500	13.219559687499997
5.23	13.186427
5.235	13.152947062500001
5.24	13.119124
5.245	13.084962
5.25	13.050465
5.255	13.015636875
5.26	12.980482
5.265	12.94500475
5.27000	12.909208999999993
5.275	12.873098749999997
5.28	12.836678
5.285	12.7999505625
5.29	12.762921
5.295	12.7255939375
5.3	12.687973
5.305	12.650061187499999
5.31000	12.611864999999993
5.315	12.573389562499996
5.32	12.534642
5.325	12.4956286875
5.33	12.456357
5.335	12.416834187500001
5.34	12.377067
5.345	12.33706225
5.35000	12.296826999999993
5.355	12.256368312499996
5.36	12.215693
5.365	12.1748079375
5.37	12.13372
5.375	12.092435875
5.38	12.050963
5.385	12.009308874999999
5.39	11.96748
5.39500	11.925483062499996
5.4	11.883325
5.405	11.8410125625
5.41	11.798553
5.415	11.7559535625
5.42	11.713221
5.425	11.6703624375
5.43	11.627384
5.43500	11.584294499999995
5.44	11.541093
5.445	11.497781937500001
5.45	11.45436
5.455	11.410827
5.46	11.367182
5.465	11.323424
5.47	11.279553
5.47500	11.235568937499997
5.48	11.191471
5.485	11.147258562500001
5.49	11.102931
5.495	11.0584875625
5.5	11.013928
5.505	10.9692520625
5.51	10.924459
5.515	10.8795481875
5.52000	10.834518999999991
5.525	10.789370624999997
5.53	10.744103
5.535	10.6987160625
5.54	10.653209
5.545	10.60758125
5.55	10.561832
5.555	10.5159579375
5.56000	10.46996599999999
5.565	10.423855312499995
5.57	10.377646
5.575	10.331351812500001
5.58	10.284991
5.585	10.2385809375
5.59	10.192138
5.595	10.1456786875
5.60000	10.099219999999992
5.605	10.052778724999996
5.61	10.006372
5.615	9.960017043750002
5.62	9.9137304
5.625	9.867528700000001
5.63	9.8214289
5.635	9.77544786875
5.64	9.7296025
5.64500	9.683909706249997
5.65	9.6383863
5.655	9.5930491
5.66	9.547915
5.665	9.50300088125
5.67	9.4583236
5.675	9.413900318749999
5.68	9.369747
5.68500	9.325885656249996
5.69	9.2823153
5.695	9.239046006250001
5.7	9.1960666
5.705	9.153371425
5.71	9.110954
5.715	9.068808031249999
5.72	9.0269273
5.72500	8.985305581249998
5.73	8.9439366
5.735	8.9028141
5.74	8.8619318
5.745	8.8212834125
5.75	8.7808627
5.755	8.7406634125
5.76	8.7006793
5.765	8.660904124999998
5.77000	8.621331599999992
5.775	8.581955437499996
5.78	8.5427694
5.785	8.50376724375
5.79	8.4649427
5.795	8.426289500000001
5.8	8.3878014
5.805	8.349471375
5.81000	8.311295499999993
5.815	8.273264762499997
5.82	8.2353874
5.825	8.197665918750001
5.83	8.1601085
5.835	8.12272188125
5.84	8.0855129
5.845	8.048488387499999
5.85000	8.011655099999993
5.855	7.975019806249997
5.86	7.9385893
5.865	7.9023703562500005
5.87	7.8663698
5.875	7.83059446875
5.88	7.7950511
5.885	7.75974643125
5.89	7.7246873
5.89500	7.689880531249997
5.9	7.6553329
5.905	7.6210511937500005
5.91	7.5870422
5.915	7.5533127
5.92	7.5198695
5.925	7.48671943125
5.93	7.4538692
5.93500	7.4213269062499965
5.94	7.3890952
5.945	7.357180700000001
5.95	7.3255796
5.955	7.2942909625
5.96	7.2633128
5.965	7.232643406249999
5.97	7.202281
5.97500	7.172223799999998
5.98	7.1424701
5.985	7.11301818125
5.99	7.0838663
5.995	7.05501273125
6.	7.0264557
6.005	6.99819343125
6.01	6.9702242
6.0150	6.942546262499994
6.02000	6.915157899999995
6.025	6.888057406249997
6.03	6.861243
6.035	6.8347129
6.04	6.8084654
6.045	6.7824987875
6.05	6.7568113
6.055	6.731401218749999
6.06000	6.706266699999995
6.065	6.681406299999997
6.07	6.6568171
6.075	6.632496850000001
6.08	6.6084421
6.085	6.58464968125
6.09	6.5611165
6.095	6.537839462499999
6.10000	6.514815399999995
6.105	6.492041156249998
6.11	6.4695136
6.115	6.4472295875
6.12	6.425186
6.125	6.40337971875
6.13	6.3818076
6.135	6.36046650625
6.1400	6.339353299999996
6.14500	6.318464843749998
6.15	6.297798
6.155	6.277349625
6.16	6.2571166
6.165	6.2370958125
6.17	6.2172841
6.175	6.1976783
6.18	6.1782753
6.18500	6.159071799999998
6.19	6.1400652
6.195	6.121252
6.2	6.1026316
6.205	6.0842025
6.21	6.0659639
6.215	6.04791483125
6.22	6.0300543
6.22500	6.012381299999999
6.23	5.9948949
6.235	5.9775941687500005
6.24	5.9604781
6.245	5.9435457
6.25	5.926796
6.255	5.910228018750001
6.26	5.8938408
6.2650	5.877633381249997
6.27000	5.861604799999998
6.275	5.845754112499998
6.28	5.8300803
6.285	5.8145823375
6.29	5.7992593
6.295	5.78411025
6.3	5.7691342
6.305	5.75433018125
6.31000	5.7396971999999975
6.315	5.725234287499999
6.32	5.7109404
6.325	5.696814575
6.33	5.6828556
6.335	5.6690623250000005
6.34	5.6554336
6.345	5.6419682625
6.35000	5.628665199999998
6.355	5.615523306249999
6.36	5.6025414
6.365	5.58971830625
6.37	5.5770529
6.375	5.56454405625
6.38	5.5521906
6.385	5.53999135
6.3900	5.527945199999998
6.39500	5.516051037499999
6.4	5.5043077
6.405	5.4927140375
6.41	5.4812689
6.415	5.4699711375
6.42	5.4588196
6.425	5.44781313125
6.43	5.4369506
6.43500	5.426230987499999
6.44	5.4156528
6.445	5.405215675
6.45	5.3949152
6.455	5.38474854375
6.46	5.3747106
6.465	5.36479680625
6.47	5.3550027
6.47500	5.345323818749999
6.48	5.3357556
6.485	5.32629349375
6.49	5.316933
6.495	5.30766960625
6.5	5.2984988
6.505	5.289416075
6.51	5.2804169
6.5150	5.271496749999998
6.52000	5.2626510999999985
6.525	5.253875412499999
6.53	5.2451652
6.535	5.23651598125
6.54	5.2279232
6.545	5.2193823
6.55	5.2108888
6.555	5.20243821875
6.56000	5.194025999999998
6.565	5.185646899999999
6.57	5.1772985
6.575	5.1689756625
6.58	5.1606813
6.585	5.1524159375
6.59	5.1441816
6.595	5.13597995
6.60000	5.127812599999999
6.605	5.1196811562499995
6.61	5.1115873
6.615	5.10353270625
6.62	5.095519
6.625	5.0875478125
6.63	5.0796208
6.635	5.0717396125
6.6400	5.063905899999998
6.64500	5.0561213249999994
6.65	5.0483875
6.655	5.0407060375
6.66	5.0330786
6.665	5.0255068312499995
6.67	5.0179924
6.675	5.0105369875
6.68	5.0031422
6.68500	4.995809681249999
6.69	4.988541
6.695	4.98133884375
6.7	4.9742015
6.705	4.96712949375
6.71	4.9601188
6.715	4.953166587499999
6.72	4.9462698
6.72500	4.9394254562499995
6.73	4.9326305
6.735	4.92588186875
6.74	4.9191766
6.745	4.91251173125
6.75	4.9058842
6.755	4.89929095
6.76	4.892729
6.7650	4.886195362499999
6.77000	4.879686999999999
6.775	4.873200874999999
6.78	4.866734
6.785	4.8602833875
6.79	4.853846
6.795	4.84741880625
6.8	4.8409988
6.805	4.83458296875
6.81000	4.828168299999999
6.815	4.821751718749999
6.82	4.8153304
6.825	4.80890104375
6.83	4.802462
6.835	4.7960110375000005
6.84	4.7895466
6.845	4.7830669625
6.85000	4.776570399999999
6.855	4.7700551875
6.86	4.7635196
6.865	4.75696191875
6.87	4.7503804
6.875	4.7437732937499995
6.88	4.7371389
6.885	4.73047551875
6.8900	4.723781399999999
6.89500	4.7170548
6.9	4.710294
6.905	4.70349726875
6.91	4.6966629
6.915	4.6897892
6.92	4.6828744
6.925	4.67591673125
6.93	4.6689145
6.93500	4.661865993749999
6.94	4.6547695
6.945	4.64762283125
6.95	4.6404257
6.955	4.63317624375
6.96	4.625877
6.965	4.61852926875
6.97	4.6111349
6.97500	4.603695612499999
6.98	4.5962131
6.985	4.58868905625
6.99	4.5811252
6.995	4.57352325
7.	4.5658849
7.005	4.55821184375
7.01	4.5505058
7.0150	4.542768481249999
7.02000	4.535001599999998
7.025	4.52720686875
7.03	4.519386
7.035	4.5115407125
7.04	4.5036727
7.045	4.4957836562499995
7.05	4.4878753
7.055	4.47994935
7.06000	4.472007499999998
7.065	4.464051468749999
7.07	4.4560829
7.075	4.44810400625
7.08	4.4401148
7.085	4.432116275
7.09	4.4241077
7.095	4.416088775
7.10000	4.4080591999999985
7.105	4.400018706249999
7.11	4.3919669
7.115	4.3839033875
7.12	4.3758279
7.125	4.3677401625
7.13	4.3596398
7.135	4.3515264375000005
7.1400	4.3433997999999985
7.14500	4.3352596125
7.15	4.3271055
7.155	4.31893709375
7.16	4.3107541
7.165	4.3025562187499995
7.17	4.2943431
7.175	4.28611439375
7.18	4.2778698
7.18500	4.26960901875
7.19	4.2613317
7.195	4.253037475
7.2	4.2447261
7.205	4.23639719375
7.21	4.2280508
7.215	4.21968683125
7.22	4.2113053
7.22500	4.2029061812499995
7.23	4.1944895
7.235	4.186055268750001
7.24	4.1776035
7.245	4.1691342250000005
7.25	4.1606474
7.255	4.152142975
7.26	4.143621
7.2650	4.135081518749999
7.27000	4.126524499999999
7.275	4.117949918749999
7.28	4.1093578
7.285	4.10074816875
7.29	4.092121
7.295	4.0834762625
7.3	4.074814
7.305	4.0661342625
7.31000	4.057436999999998
7.315	4.048722162499999
7.32	4.0399898
7.325	4.03123969375
7.33	4.0224726
7.335	4.013688575000001
7.34	4.0048895
7.345	3.9960767749999997
7.35000	3.987251899999998
7.355	3.9784163499999994
7.36	3.9695716
7.365	3.9607191250000002
7.37	3.9518604
7.375	3.94299689375
7.38	3.9341301
7.385	3.9252615124999997
7.3900	3.9163925999999982
7.39500	3.907524831249999
7.4	3.8986597
7.405	3.8897986937500004
7.41	3.8809433
7.415	3.8720950125
7.42	3.8632553
7.425	3.8544256375
7.43	3.8456075
7.43500	3.836802356249999
7.44	3.8280117
7.445	3.81923705
7.45	3.8104798
7.455	3.80174174375
7.46	3.7930232
7.465	3.78432506875
7.47	3.7756474
7.47500	3.766990456249999
7.48	3.7583545
7.485	3.7497398
7.49	3.7411466
7.495	3.73257515625
7.5	3.7240257
7.505	3.7154984625
7.51	3.7069937
7.5150	3.6985116562499982
7.52000	3.6900525999999987
7.525	3.681616806249999
7.53	3.6732045
7.535	3.6648159000000002
7.54	3.6564513
7.545	3.64811100625
7.55	3.6397952
7.555	3.6315040625
7.56000	3.6232378999999986
7.565	3.6149969999999993
7.57	3.6067816
7.575	3.5985918687500003
7.58	3.5904283
7.585	3.58229103125
7.59	3.5741813
7.595	3.56609998125
7.60000	3.5580482999999985
7.605	3.550027418749999
7.61	3.5420384
7.615	3.53408231875
7.62	3.5261603
7.625	3.5182734625
7.63	3.5104229
7.635	3.5026097
7.6400	3.494834999999999
7.64500	3.4870999437499997
7.65	3.4794056
7.655	3.4717530375000005
7.66	3.4641434
7.665	3.456577825
7.67	3.4490574
7.675	3.44158321875
7.68	3.4341564
7.68500	3.4267780624999995
7.69	3.4194493
7.695	3.4121712125
7.7	3.4049449
7.705	3.39777166875
7.71	3.390652
7.715	3.38358681875
7.72	3.3765761
7.72500	3.3696200999999992
7.73	3.3627189
7.735	3.3558726
7.74	3.3490814
7.745	3.3423454875000003
7.75	3.335665
7.755	3.32904008125
7.76	3.3224709
7.7650	3.315957631249999
7.77000	3.309500399999999
7.775	3.3030993249999994
7.78	3.2967546
7.785	3.29046641875
7.79	3.2842349
7.795	3.2780601625
7.8	3.2719424
7.8050	3.265881806249999
7.81000	3.2598784999999992
7.815	3.25393260625
7.82	3.2480443
7.825	3.2422137375
7.83	3.2364411
7.835	3.23072650625
7.84	3.2250703
7.845	3.21947275
7.85000	3.2139341999999993
7.855	3.2084549562499998
7.86	3.2030354
7.865	3.1976759125000003
7.87	3.1923768
7.875	3.18713836875
7.88	3.181961
7.885	3.1768450749999997
7.8900	3.171790899999999
7.89500	3.1667987874999994
7.9	3.1618691
7.905	3.1570021875000003
7.91	3.1521984
7.915	3.14745809375
7.92	3.1427816
7.925	3.13816925625
7.9300	3.133621399999999
7.93500	3.1291383687499996
7.94	3.1247205
7.945	3.1203681249999997
7.95	3.1160816
7.955	3.111861425
7.96	3.1077075
7.965	3.10362028125
7.97	3.0995986
7.97500	3.0956417562499996
7.98	3.0917488
7.985	3.0879188374999997
7.99	3.084151
7.995	3.08044440625
8.	3.0767982
8.005	3.0732115437499994
8.01	3.0696835
8.015	3.0662131249999995
8.02	3.0627996
8.025	3.0594420937499995
8.03	3.0561397
8.035	3.0528915312499993
8.0400	3.049696699999999
8.045	3.04655431875
8.05	3.0434635
8.055	3.0404233375000005
8.06	3.037433
8.065	3.0344916687500008
8.07	3.0315984
8.075	3.0287522375000004
8.08	3.0259524
8.085	3.0231977374999994
8.09	3.0204884
8.095	3.0178238624999993
8.1	3.015205
8.105	3.0126323374999995
8.11	3.0101064
8.115	3.0076277062499996
8.1200	3.005196799999999
8.125	3.002814225
8.13	3.0004805
8.135	2.9981961375000004
8.14	2.9959617
8.145	2.9937777437500004
8.15	2.9916448
8.155	2.9895634062500003
8.16	2.9875341
8.1650	2.9855574312499997
8.17	2.9836339
8.175	2.98176399375
8.18	2.9799483
8.185	2.9781874
8.19	2.9764818
8.195	2.97483201875
8.2	2.9732386
8.205	2.97170218125
8.21	2.970223
8.215	2.96880195625
8.22	2.9674377
8.225	2.96612965625
8.23	2.9648764
8.235	2.9636767125000003
8.24	2.9625294
8.2450	2.96143325625
8.25	2.9603871
8.255	2.9593897625
8.26	2.95844
8.265	2.9575365625
8.27	2.9566783
8.275	2.9558640499999997
8.28	2.9550926
8.285	2.9543627624999997
8.2900	2.9536732999999997
8.295	2.95302296875
8.3	2.9524106
8.305	2.9518350125
8.31	2.951295
8.315	2.9507893625
8.32	2.9503169
8.325	2.9498764125
8.33	2.9494667
8.335	2.9490863312499997
8.34	2.9487348
8.345	2.9484109125
8.35	2.9481153
8.355	2.9478480874999997
8.36	2.9476096
8.365	2.94740010625
8.3700	2.9472199
8.375	2.947069275
8.38	2.9469485
8.385	2.94685785625
8.39	2.9467976
8.395	2.946767975
8.4	2.9467693
8.405	2.94680189375
8.41	2.946866
8.4150	2.946961875
8.42	2.9470898
8.425	2.9472500375
8.43	2.9474429
8.435	2.9476687125
8.44	2.9479277
8.445	2.9482200875
8.45	2.9485462
8.455	2.94890638125
8.46	2.9493008
8.465	2.9497300437500003
8.47	2.9501932
8.475	2.9506900125
8.48	2.9512191
8.485	2.9517793625
8.49	2.9523697
8.4950	2.9529890187500003
8.5	2.9536362
8.505	2.9543101375000003
8.51	2.9550097
8.515	2.95573375625
8.52	2.9564812
8.525	2.9572509125
8.53	2.9580418
8.535	2.9588527750000004
8.5400	2.9596827000000006
8.545	2.9605304375
8.55	2.9613949
8.555	2.962275
8.56	2.9631696
8.565	2.9640775625
8.57	2.9649978
8.5750	2.965929225
8.58	2.9668707
8.585	2.96782101875
8.59	2.9687793
8.595	2.9697443062500004
8.6	2.9707159
8.605	2.9716936000000005
8.61	2.9726772
8.615	2.9736664062500004
8.6200	2.9746610000000007
8.625	2.97566075625
8.63	2.9766654
8.635	2.9776746687499998
8.64	2.9786883
8.645	2.9797060249999996
8.65	2.9807276
8.655	2.9817527812499995
8.66	2.9827813
8.6650	2.98381289375
8.67	2.9848473
8.675	2.98588424375
8.68	2.9869235
8.685	2.9879648500000004
8.69	2.989008
8.695	2.99005266875
8.7000	2.9910986000000004
8.705	2.9921455249999998
8.71	2.9931932
8.715	2.99424143125
8.72	2.9952898
8.725	2.99633803125
8.73	2.9973855
8.735	2.99843168125
8.74	2.999476
8.7450	3.00051788125
8.75	3.0015568
8.755	3.0025922187500003
8.76	3.0036236
8.765	3.0046504187500003
8.77	3.0056721
8.775	3.00668806875
8.78	3.0076978
8.785	3.0087007687500003
8.7900	3.0096964000000006
8.795	3.0106841187500004
8.8	3.0116634
8.805	3.01263370625
8.81	3.0135945
8.815	3.01454525625
8.82	3.0154854
8.8250	3.0164143562500003
8.83	3.0173316
8.835	3.01823658125
8.84	3.0191288
8.845	3.0200074625
8.85	3.0208729
8.855	3.0217250312500004
8.86	3.0225643
8.865	3.02339101875
8.8700	3.0242055000000003
8.875	3.02500804375
8.88	3.025799
8.885	3.0265787187499997
8.89	3.0273475
8.895	3.0281056437499996
8.9	3.0288535
8.905	3.029591425
8.91	3.0303197
8.9150	3.0310386
8.92	3.0317485
8.925	3.0324497687500003
8.93	3.0331427
8.935	3.03382760625
8.94	3.0345048
8.945	3.035174575
8.9500	3.0358373000000003
8.955	3.0364933499999998
8.96	3.037143
8.965	3.03778670625
8.97	3.0384243
8.975	3.03905630625
8.98	3.0396811
8.985	3.04029769375
8.99	3.0409047
8.9950	3.04150084375
9.	3.0420848
9.005	3.04265523125
9.01	3.0432109
9.015	3.0437505750000002
9.02	3.0442729
9.025	3.044776525
9.03	3.0452602
9.035	3.0457226625000002
9.0400	3.0461626
9.045	3.0465787125
9.05	3.0469697
9.055	3.04733425625
9.06	3.0476711
9.065	3.04797894375
9.07	3.0482565
9.0750	3.04850249375
9.08	3.0487156
9.085	3.048894475
9.09	3.0490379
9.095	3.0491441375000004
9.1	3.0492134
9.105	3.04924485
9.11	3.0492399
9.115	3.04919936875
9.1200	3.0491242
9.125	3.04901530625
9.13	3.0488736
9.135	3.0487
9.14	3.0484954
9.145	3.04826069375
9.15	3.0479968
9.155	3.047704625
9.16	3.0473851
9.1650	3.0470391625
9.17	3.0466677
9.175	3.0462716125
9.18	3.0458518
9.185	3.04540915
9.19	3.0449446
9.195	3.0444590875
9.2000	3.0439535
9.205	3.043428725
9.21	3.0428857
9.215	3.04232543125
9.22	3.0417486
9.225	3.0411564375
9.23	3.0405483
9.235	3.0399242125000003
9.24	3.0392834
9.2450	3.0386252875
9.25	3.0379493
9.255	3.03725486875
9.26	3.0365414
9.265	3.03580830625
9.27	3.035055
9.275	3.03428088125
9.28	3.0334854
9.285	3.0326680062499998
9.2900	3.0318280999999994
9.295	3.03096509375
9.3	3.0300784
9.305	3.029167425
9.31	3.0282316
9.315	3.02727035
9.32	3.0262831
9.3250	3.02526928125
9.33	3.0242283
9.335	3.0231595624999996
9.34	3.0220625
9.345	3.020936425
9.35	3.0197811
9.355	3.0185958999999998
9.36	3.0173813
9.365	3.0161374624999997
9.3700	3.0148646999999995
9.375	3.0135632875
9.38	3.0122335
9.385	3.0108756125
9.39	3.0094899
9.395	3.0080766437500004
9.4	3.0066361
9.405	3.00516851875
9.41	3.0036742
9.4150	3.0021534374999996
9.42	3.0006065
9.425	2.9990336687499997
9.43	2.9974352
9.435	2.99581135
9.44	2.9941624
9.445	2.9924886249999996
9.4500	2.9907902999999996
9.455	2.98906769375
9.46	2.9873211
9.465	2.9855508250000002
9.47	2.9837571
9.475	2.9819401687500005
9.48	2.9801003
9.485	2.978237775
9.49	2.9763528
9.4950	2.9744455999999997
9.5	2.9725164
9.505	2.9705654249999998
9.51	2.9685929
9.515	2.9665990499999997
9.52	2.9645841
9.525	2.9625482749999996
9.53	2.9604918
9.535	2.9584148999999993
9.5400	2.956317799999999
9.545	2.954200725
9.55	2.9520639
9.555	2.9499075437500006
9.56	2.9477319
9.565	2.9455372187500006
9.57	2.9433237
9.5750	2.94109155
9.58	2.938841
9.585	2.9365722749999996
9.59	2.9342856
9.595	2.9319812249999995
9.6	2.9296593
9.605	2.9273201812499994
9.61	2.9249635
9.615	2.9225891249999996
9.6200	2.920196699999999
9.625	2.9177859
9.63	2.9153565
9.635	2.912908275000001
9.64	2.9104409
9.645	2.9079540750000006
9.65	2.9054475
9.655	2.9029208500000006
9.66	2.9003739
9.6650	2.8978064312499994
9.67	2.8952181
9.675	2.8926085687499996
9.68	2.8899776
9.685	2.8873249437499995
9.69	2.8846503
9.695	2.8819533874999994
9.7000	2.879233899999999
9.705	2.87649151875
9.71	2.873726
9.715	2.8709371000000004
9.72	2.8681245
9.725	2.8652876125000004
9.73	2.862427
9.735	2.8595425062500004
9.74	2.8566357
9.7450	2.8537076624999993
9.75	2.8507597
9.755	2.8477930624999996
9.76	2.844809
9.765	2.8418087562499994
9.77	2.8387936
9.775	2.8357648062499994
9.78	2.8327236
9.785	2.8296712062499996
9.7900	2.826608899999999
9.795	2.82353795
9.8	2.8204596
9.805	2.8173751062500005
9.81	2.8142857
9.815	2.8111926062500006
9.82	2.8080971
9.8250	2.8050004499999996
9.83	2.8019039
9.835	2.7988087062499996
9.84	2.7957161
9.845	2.7926273437499995
9.85	2.7895436
9.855	2.7864665999999993
9.86	2.7833959
9.865	2.7803319249999996
9.8700	2.7772737999999992
9.875	2.774221
9.88	2.7711729
9.885	2.7681288875000005
9.89	2.7650884
9.895	2.7620508687500003
9.9	2.7590157
9.905	2.7559823000000008
9.91	2.7529501
9.9150	2.7499185249999996
9.92	2.746887
9.925	2.7438549624999995
9.93	2.7408218
9.935	2.7377869062499993
9.94	2.7347497
9.945	2.7317095812499996
9.9500	2.728665999999999
9.955	2.72561840625
9.96	2.7225662
9.965	2.7195088000000007
9.97	2.7164456
9.975	2.7133759000000004
9.98	2.7102994
9.985	2.7072154312500003
9.99	2.7041244
9.9950	2.7010263499999994
10.	2.6979217
10.005	2.6948107999999995
10.01	2.6916939
10.015	2.6885712499999994
10.02	2.6854432
10.025	2.6823100999999996
10.03	2.6791722
10.035	2.6760297562499993
10.0400	2.6728830999999986
10.045	2.66973255
10.05	2.6665784
10.055	2.663420950000001
10.06	2.6602605
10.065	2.657097350000001
10.07	2.6539318
10.0750	2.6507641499999997
10.08	2.6475947
10.085	2.644423749999999
10.09	2.6412516
10.095	2.6380785499999995
10.1	2.6349049
10.105	2.6317308437499993
10.11	2.628557
10.115	2.625383743749999
10.1200	2.622211999999999
10.125	2.61904255
10.13	2.6158762
10.135	2.6127137500000006
10.14	2.609556
10.145	2.6064037375000004
10.15	2.6032578
10.155	2.6001190375000007
10.16	2.5969882
10.1650	2.5938660374999998
10.17	2.5907534
10.175	2.5876511249999994
10.18	2.58456
10.185	2.581480825
10.19	2.5784144
10.195	2.5753615249999995
10.2000	2.572322999999999
10.205	2.5692996187499997
10.21	2.5662922
10.215	2.5633015625000004
10.22	2.5603285
10.225	2.5573738562500004
10.23	2.5544383
10.235	2.5515229687500005
10.24	2.5486273
10.2450	2.5457513437499997
10.25	2.5428944
10.255	2.5400559812499997
10.26	2.5372355
10.265	2.5344323687499997
10.27	2.5316461
10.275	2.5288762062499996
10.28	2.5261221
10.285	2.5233831999999996
10.2900	2.5206589999999993
10.295	2.5179489875
10.3	2.5152526
10.305	2.5125692750000006
10.31	2.5098985
10.315	2.5072397625000002
10.32	2.5045925
10.3250	2.50195615625
10.33	2.4993302
10.335	2.4967140874999996
10.34	2.4941073
10.345	2.4915093312499996
10.35	2.4889196
10.355	2.4863374249999994
10.36	2.4837626
10.365	2.4811945437499996
10.3700	2.478633699999999
10.375	2.47608019375
10.38	2.4735344
10.385	2.470996643750001
10.39	2.4684672
10.395	2.4659463562500004
10.4	2.4634344
10.405	2.4609316062500004
10.41	2.4584383
10.4150	2.4559548062499994
10.42	2.4534814
10.425	2.4510183624999993
10.43	2.448566
10.435	2.4461246249999995
10.44	2.4436945
10.445	2.441275874999999
10.4500	2.438869099999999
10.455	2.43647451875
10.46	2.4340924
10.465	2.4317230375000007
10.47	2.4293667
10.475	2.4270236437500006
10.48	2.4246942
10.485	2.422378825
10.49	2.4200774
10.4950	2.4177900812499993
10.5	2.4155165
10.505	2.4132564062499995
10.51	2.4110096
10.515	2.4087758874999996
10.52	2.406555
10.525	2.4043466749999998
10.53	2.4021507
10.535	2.3999668562499994
10.5400	2.397794899999999
10.545	2.39563459375
10.55	2.3934857
10.555	2.3913479812500005
10.56	2.3892212
10.565	2.3871051062500004
10.57	2.3849995
10.5750	2.3829041937499995
10.58	2.3808189
10.585	2.3787433374999996
10.59	2.3766773
10.595	2.3746205624999996
10.6	2.3725729
10.605	2.3705340812499998
10.61	2.3685039
10.615	2.3664820499999997
10.6200	2.364468599999999
10.625	2.362463475
10.63	2.3604668
10.635	2.3584786687500006
10.64	2.3564991
10.645	2.3545281250000003
10.65	2.3525658
10.655	2.35061216875
10.66	2.3486673
10.6650	2.3467312624999996
10.67	2.3448041
10.675	2.3428858624999997
10.68	2.3409766
10.685	2.3390763624999997
10.69	2.3371852
10.695	2.3353031499999997
10.7000	2.3334302999999994
10.705	2.33156675
10.71	2.3297125
10.715	2.32786755625
10.72	2.326032
10.725	2.3242058937500003
10.73	2.3223893
10.735	2.3205823062500004
10.74	2.3187849
10.7450	2.31699711875
10.75	2.3152189
10.755	2.31345021875
10.76	2.311691
10.765	2.3099411749999996
10.77	2.3082007
10.775	2.3064695312499994
10.78	2.3047476
10.785	2.3030348249999997
10.7900	2.3013311999999995
10.795	2.299636725
10.8	2.2979513
10.805	2.2962748375000004
10.81	2.2946073
10.815	2.2929486375000003
10.82	2.2912988
10.8250	2.2896577375
10.83	2.2880254
10.835	2.28640174375
10.84	2.2847867
10.845	2.2831802
10.85	2.2815822
10.855	2.2799926499999996
10.86	2.2784115
10.865	2.2768387562499997
10.8700	2.2752741999999997
10.875	2.27371770625
10.88	2.272169
10.885	2.2706278562500004
10.89	2.269094
10.895	2.2675671437500005
10.9	2.2660471
10.905	2.2645336750000005
10.91	2.2630266
10.9150	2.2615256249999995
10.92	2.2600305
10.925	2.2585409687499998
10.93	2.2570568
10.935	2.2555777562499997
10.94	2.2541036
10.945	2.25263409375
10.9500	2.2511689999999995
10.955	2.24970808125
10.96	2.2482511
10.965	2.2467978250000002
10.97	2.245348
10.975	2.243901375
10.98	2.2424577
10.985	2.2410166937500002
10.99	2.2395782
10.9950	2.23814199375
11.	2.236708
11.005	2.235276075
11.01	2.2338462
11.015	2.232418325
11.02	2.2309924
11.025	2.2295683874999996
11.03	2.2281462
11.035	2.2267257437499994
11.0400	2.2253069999999995
11.045	2.22388994375
11.05	2.2224745
11.055	2.2210606062500005
11.06	2.2196482
11.065	2.2182372125
11.07	2.2168276
11.0750	2.2154193187499995
11.08	2.2140123
11.085	2.212606475
11.09	2.2112018
11.095	2.2097982375
11.1	2.2083957
11.105	2.2069940875
11.11	2.2055934
11.115	2.204193675
11.1200	2.2027946999999997
11.125	2.2013963750000003
11.13	2.1999984
11.135	2.1986005250000002
11.14	2.1972025
11.145	2.1958040687500002
11.15	2.194405
11.155	2.1930050750000003
11.16	2.191604
11.1650	2.19020148125
11.17	2.1887973
11.175	2.1873912312499995
11.18	2.185983
11.185	2.1845723374999997
11.19	2.183159
11.195	2.1817427437499997
11.2000	2.1803232999999995
11.205	2.17890039375
11.21	2.1774738
11.215	2.1760432937500003
11.22	2.1746086
11.225	2.17316945625
11.23	2.1717256
11.235	2.17027675
11.24	2.1688227
11.2450	2.16736313125
11.25	2.1658981
11.255	2.1644275125
11.26	2.1629515
11.265	2.1614701375
11.27	2.1599835
11.275	2.15849165625
11.28	2.1569947
11.285	2.1554927249999998
11.2900	2.1539857999999996
11.295	2.15247400625
11.3	2.1509574
11.305	2.149436025
11.31	2.14791
11.315	2.1463794375000003
11.32	2.1448444
11.3250	2.1433049625
11.33	2.1417612
11.335	2.1402131874999997
11.34	2.138661
11.345	2.1371047062499997
11.35	2.1355444
11.355	2.1339801749999996
11.36	2.1324121
11.365	2.1308402749999993
11.3700	2.1292646999999993
11.375	2.127685475
11.38	2.1261024
11.385	2.1245153687500005
11.39	2.1229242
11.395	2.1213287437500004
11.4	2.1197288
11.405	2.1181241625000005
11.41	2.1165147
11.4150	2.1149002749999997
11.42	2.1132807
11.425	2.1116557874999997
11.43	2.1100254
11.435	2.1083894062499997
11.44	2.1067476
11.445	2.1050997812499994
11.4500	2.1034457999999994
11.455	2.10178549375
11.46	2.1001187
11.465	2.0984452562500002
11.47	2.096765
11.475	2.0950777687500004
11.48	2.0933834
11.485	2.09168174375
11.49	2.0899726
11.4950	2.0882556999999995
11.5	2.0865311
11.505	2.0847987187499997
11.51	2.0830587
11.515	2.0813111249999996
11.52	2.0795561
11.525	2.077793725
11.53	2.0760241
11.535	2.0742473249999995
11.5400	2.0724634999999996
11.545	2.070672725
11.55	2.0688751
11.555	2.067070725
11.56	2.0652597
11.565	2.0634421187500003
11.57	2.0616181
11.5750	2.0597877687499997
11.58	2.0579512
11.585	2.056108475
11.59	2.0542597
11.595	2.0524049687499994
11.6	2.0505444
11.605	2.0486781124999998
11.61	2.0468062
11.615	2.0449287812499994
11.6200	2.043045899999999
11.625	2.04115768125
11.63	2.039264
11.635	2.0373648500000003
11.64	2.03546
11.645	2.0335492500000005
11.65	2.0316325
11.655	2.0297096437500004
11.66	2.0277805
11.6650	2.0258449062499997
11.67	2.0239027
11.675	2.0219537124999998
11.68	2.0199978
11.685	2.0180348125
11.69	2.0160646
11.695	2.0140870124999997
11.7000	2.0121018999999993
11.705	2.0101091125000004
11.71	2.0081085
11.715	2.0060999187500004
11.72	2.0040832
11.725	2.0020581750000006
11.73	2.0000247
11.735	1.9979826312500002
11.74	1.9959318
11.7450	1.9938719812499996
11.75	1.9918032
11.755	1.9897253249999995
11.76	1.9876386
11.765	1.9855431312499996
11.77	1.9834392
11.775	1.9813270749999998
11.78	1.9792069
11.785	1.9770788249999995
11.7900	1.9749430999999993
11.795	1.9727999625
11.8	1.9706496
11.805	1.9684922062500005
11.81	1.966328
11.815	1.9641572000000005
11.82	1.96198
11.8250	1.9597965874999996
11.83	1.9576072
11.835	1.9554120812499995
11.84	1.9532114
11.845	1.9510053249999997
11.85	1.9487941
11.855	1.9465779687499996
11.86	1.9443571
11.865	1.9421316624999996
11.8700	1.939901899999999
11.875	1.9376681062499999
11.88	1.9354303
11.885	1.9331885875000006
11.89	1.930943
11.895	1.9286936125000005
11.9	1.9264404
11.905	1.9241833500000003
11.91	1.9219225
11.9150	1.9196578749999997
11.92	1.9173895
11.925	1.9151173999999995
11.93	1.9128416
11.935	1.9105621312499996
11.94	1.908279
11.945	1.9059922124999997
11.9500	1.9037017999999992
11.955	1.9014077875
11.96	1.8991102
11.965	1.8968090687500003
11.97	1.8945044
11.975	1.8921961937500005
11.98	1.8898845
11.985	1.8875693687500004
11.99	1.8852508
11.9950	1.8829288062499996
12.	1.8806034
12.005	1.8782745749999996
12.01	1.8759424
12.015	1.8736069499999997
12.02	1.8712682
12.025	1.8689261249999995
12.0300	1.866580799999999
12.035	1.8642322874999995
12.0400	1.8618805999999992
12.045	1.8595257687500002
12.05	1.8571678
12.055	1.8548066875000004
12.06	1.8524425
12.065	1.8500753000000003
12.07	1.8477051
12.0750	1.8453319249999995
12.08	1.8429558
12.085	1.8405767562499995
12.09	1.8381948
12.095	1.8358099187499994
12.1	1.8334222
12.105	1.8310317374999996
12.11	1.8286385
12.115	1.8262424687499996
12.1200	1.8238436999999992
12.125	1.8214422187500001
12.13	1.8190381
12.135	1.8166313750000005
12.14	1.8142222
12.145	1.8118107000000003
12.15	1.809397
12.1550	1.8069812312499995
12.16	1.8045635
12.1650	1.8021438999999995
12.17	1.7997226
12.175	1.7972997687499996
12.18	1.7948755
12.185	1.7924498999999996
12.19	1.7900231
12.195	1.7875952187499995
12.2000	1.7851663999999992
12.205	1.7827367875
12.21	1.7803065
12.215	1.7778756687500006
12.22	1.7754444
12.225	1.7730127937500004
12.23	1.770581
12.235	1.7681491625000003
12.24	1.7657174
12.2450	1.7632858374999996
12.25	1.7608546
12.255	1.7584238312499996
12.26	1.7559936
12.265	1.7535640249999995
12.27	1.7511351
12.275	1.7487068312499996
12.2800	1.7462792999999992
12.285	1.7438525749999996
12.2900	1.7414266999999992
12.295	1.7390017312500001
12.3	1.7365777
12.305	1.7341546437500004
12.31	1.7317326
12.315	1.7293115875000002
12.32	1.7268917
12.3250	1.7244730437499995
12.33	1.7220556
12.335	1.7196393499999996
12.34	1.7172244
12.345	1.7148108499999997
12.35	1.7123987
12.355	1.7099879562499996
12.36	1.7075787
12.365	1.7051710062499996
12.3700	1.7027648999999991
12.375	1.70036041875
12.38	1.6979576
12.385	1.6955565062500007
12.39	1.6931571
12.395	1.6907593625000004
12.4	1.6883633
12.4050	1.6859689312499997
12.41	1.6835762
12.4150	1.6811850499999996
12.42	1.6787955
12.425	1.6764075687499997
12.43	1.6740212
12.435	1.6716363374999996
12.44	1.669253
12.445	1.6668711937499996
12.4500	1.6644908999999992
12.455	1.66211211875
12.46	1.6597348
12.465	1.6573588937500006
12.47	1.6549844
12.475	1.6526113000000004
12.48	1.6502396
12.485	1.6478693187500004
12.49	1.6455004
12.4950	1.6431327874999995
12.5	1.6407665
12.505	1.6384014999999996
12.51	1.6360379
12.515	1.6336756874999996
12.52	1.6313152
12.525	1.6289566812499996
12.5300	1.6266003999999992
12.535	1.6242466312499995
12.5400	1.621895599999999
12.545	1.6195475375
12.55	1.6172027
12.555	1.6148613312500004
12.56	1.6125237
12.565	1.6101900812500003
12.57	1.6078607
12.5750	1.6055357749999997
12.58	1.6032156
12.585	1.6009004687499997
12.59	1.5985906
12.595	1.5962862249999996
12.6	1.5939876
12.605	1.5916949687499995
12.61	1.5894086
12.615	1.5871287687499995
12.6200	1.5848556999999992
12.625	1.58258963125
12.63	1.5803308
12.635	1.5780795812500004
12.64	1.5758358
12.645	1.5735994875000003
12.65	1.5713704
12.6550	1.5691483562499995
12.66	1.5669332
12.6650	1.5647247687499997
12.67	1.5625229
12.675	1.5603274499999995
12.68	1.5581382
12.685	1.5559549187499997
12.69	1.5537775
12.695	1.5516058312499996
12.7000	1.5494396999999993
12.705	1.5472789062499999
12.71	1.5451233
12.715	1.5429727250000005
12.72	1.540827
12.725	1.5386859500000003
12.73	1.5365494
12.735	1.5344171687500003
12.74	1.5322891
12.7450	1.5301650374999995
12.75	1.5280448
12.755	1.5259281749999996
12.76	1.5238151
12.765	1.5217053812499997
12.77	1.5195992
12.775	1.5174966374999996
12.7800	1.5153977999999992
12.785	1.5133027687499996
12.7900	1.5112116999999994
12.795	1.50912474375
12.8	1.507042
12.805	1.5049635812500004
12.81	1.5028896
12.815	1.5008201562500005
12.82	1.4987554
12.8250	1.4966954937499997
12.83	1.4946405
12.835	1.4925904749999996
12.84	1.4905456
12.845	1.4885060562499997
12.85	1.4864719
12.855	1.4844431874999995
12.86	1.4824201
12.865	1.4804028124999995
12.8700	1.4783913999999994
12.875	1.4763859562500001
12.88	1.4743866
12.885	1.4723934812500004
12.89	1.4704066
12.895	1.4684260500000004
12.9	1.4664517
12.9050	1.4644834687499995
12.91	1.4625213
12.9150	1.4605651374999995
12.92	1.4586149
12.925	1.4566705187499998
12.93	1.4547319
12.935	1.4527989374999997
12.94	1.4508716
12.945	1.4489498562499996
12.9500	1.4470335999999993
12.955	1.4451227375
12.96	1.4432172
12.965	1.4413169000000006
12.97	1.4394218
12.975	1.4375318750000003
12.98	1.435647
12.985	1.4337670562500002
12.99	1.431892
12.9950	1.4300217687499996
13.	1.4281563
13.005	1.4262955312499996
13.01	1.4244394
13.015	1.4225877874999997
13.02	1.4207408
13.025	1.4188984687499997
13.0300	1.4170608999999994
13.035	1.4152281624999996
13.0400	1.4134003999999993
13.045	1.4115777625
13.05	1.4097603
13.055	1.4079480750000004
13.06	1.4061412
13.065	1.4043397750000002
13.07	1.4025439
13.0750	1.4007536812499997
13.08	1.3989692
13.085	1.3971905312499997
13.09	1.3954178
13.095	1.3936511312499997
13.1	1.3918906
13.105	1.3901362874999996
13.11	1.3883883
13.115	1.3866467374999996
13.1200	1.3849116999999993
13.125	1.38318329375
13.13	1.3814616
13.135	1.3797467312500002
13.14	1.3780387
13.145	1.3763376187500003
13.15	1.3746433
13.1550	1.3729556437499997
13.16	1.3712745
13.1650	1.3695997249999996
13.17	1.3679312
13.175	1.3662688062499997
13.18	1.3646124
13.185	1.3629618374999997
13.19	1.361317
13.195	1.3596777687499997
13.2000	1.3580439999999994
13.205	1.35641554375
13.21	1.3547923
13.215	1.3531741812500002
13.22	1.351561
13.225	1.3499525687500002
13.23	1.3483488
13.235	1.3467495875000002
13.24	1.3451548
13.2450	1.3435643249999996
13.25	1.341978
13.255	1.3403956562499997
13.26	1.3388172
13.265	1.3372424562499996
13.27	1.3356715
13.275	1.3341042687499995
13.2800	1.3325409999999995
13.285	1.3309818749999995
13.2900	1.3294269999999995
13.295	1.32787649375
13.3	1.3263305
13.305	1.3247891437500003
13.31	1.3232526
13.315	1.3217210500000003
13.32	1.3201946
13.3250	1.3186733562499997
13.33	1.3171575
13.335	1.3156472062499998
13.34	1.3141426
13.345	1.3126438187499998
13.35	1.311151
13.355	1.3096642812499997
13.36	1.3081838
13.365	1.3067096812499996
13.3700	1.3052420999999996
13.375	1.30378123125
13.38	1.3023272
13.385	1.3008801750000003
13.39	1.2994402
13.395	1.2980074687500003
13.4	1.2965817
13.4050	1.2951627812499997
13.41	1.2937504
13.4150	1.2923442999999997
13.42	1.2909442
13.425	1.2895497999999999
13.43	1.2881609
13.435	1.2867773062499999
13.44	1.2853987
13.445	1.2840247687499997
13.4500	1.2826552999999996
13.455	1.281290075
13.46	1.2799288
13.465	1.2785711875000003
13.47	1.277217
13.475	1.2758659937500003
13.48	1.2745179
13.485	1.2731724437500003
13.49	1.2718294
13.4950	1.27048855625
13.5	1.2691496
13.505	1.2678122187499998
13.51	1.2664762
13.515	1.2651412374999997
13.52	1.2638073
13.525	1.26247415625
13.5300	1.2611420999999996
13.535	1.2598112749999997
13.5400	1.2584818999999996
13.545	1.25715418125
13.55	1.2558283
13.555	1.2545044437500001
13.56	1.2531828
13.565	1.2518635500000002
13.57	1.2505469
13.5750	1.2492330562499998
13.58	1.2479222
13.585	1.2466145124999999
13.59	1.2453102
13.595	1.244009475
13.6	1.2427125
13.605	1.2414194312499998
13.61	1.2401305
13.615	1.2388459374999998
13.6200	1.2375658999999997
13.625	1.23629055
13.63	1.2350201
13.635	1.2337547562500002
13.64	1.2324947
13.645	1.2312401937500002
13.65	1.2299912
13.6550	1.2287477874999997
13.66	1.2275099
13.6650	1.22627751875
13.67	1.2250506
13.675	1.2238291062499997
13.68	1.222613
13.685	1.2214022312499997
13.69	1.2201968
13.695	1.2189967187499997
13.7000	1.2178018999999995
13.705	1.21661225
13.71	1.2154278
13.715	1.2142485812500003
13.72	1.2130745
13.725	1.2119054687500002
13.73	1.2107415
13.735	1.2095826
13.74	1.2084287
13.7450	1.2072797312499999
13.75	1.2061357
13.755	1.2049966187499999
13.76	1.2038624
13.765	1.2027329562499998
13.77	1.2016083
13.775	1.2004884749999998
13.7800	1.1993732999999995
13.785	1.1982626312499998
13.7900	1.1971563999999995
13.795	1.1960545375
13.8	1.1949569
13.805	1.1938633500000002
13.81	1.1927738
13.815	1.1916881500000003
13.82	1.1906063
13.8250	1.18952815625
13.83	1.1884536
13.835	1.1873825249999999
13.84	1.1863148
13.845	1.1852502812499999
13.85	1.1841889
13.855	1.1831305749999999
13.86	1.1820752
13.865	1.18102269375
13.8700	1.1799728999999997
13.875	1.17892565625
13.88	1.1778809
13.885	1.1768385562500001
13.89	1.1757985
13.895	1.1747605687500002
13.9	1.1737248
13.9050	1.1726911437499998
13.91	1.1716597
13.9150	1.1706305249999998
13.92	1.1696037
13.925	1.1685792874999998
13.93	1.1675574
13.935	1.1665381562499997
13.94	1.1655216
13.945	1.164507775
13.9500	1.1634967999999997
13.955	1.1624887875
13.96	1.1614838
13.965	1.1604819125
13.97	1.1594832
13.975	1.1584877312500002
13.98	1.1574956
13.985	1.1565069000000001
13.99	1.1555217
13.9950	1.1545400687499998
14.	1.1535621
14.005	1.15258788125
14.01	1.1516175
14.015	1.1506510624999997
14.02	1.1496886
14.025	1.1487301999999997
14.0300	1.1477757999999996
14.035	1.1468254062499998
14.0400	1.1458788999999996
14.045	1.14493619375
14.05	1.1439972
14.055	1.1430618375000003
14.06	1.14213
14.065	1.1412015750000002
14.07	1.1402765
14.0750	1.1393547124999999
14.08	1.1384361
14.085	1.13752055625
14.09	1.136608
14.095	1.13569834375
14.1	1.1347915
14.105	1.1338873812499999
14.11	1.1329859
14.115	1.13208696875
14.1200	1.1311904999999998
14.125	1.13029640625
14.13	1.1294046
14.135	1.1285150000000002
14.14	1.1276275
14.145	1.1267419562500003
14.15	1.1258584
14.1550	1.1249767499999999
14.16	1.1240972
14.1650	1.1232198375
14.17	1.1223449
14.175	1.12147261875
14.18	1.1206031
14.185	1.1197364625
14.19	1.1188729
14.195	1.11801258125
14.2000	1.1171556999999999
14.205	1.1163024625
14.21	1.115453
14.215	1.1146074500000003
14.22	1.113766
14.225	1.11292883125
14.23	1.1120961
14.235	1.1112679625000002
14.24	1.1104446
14.2450	1.1096261874999997
14.25	1.1088129
14.255	1.108004925
14.26	1.1072024
14.265	1.1064054562499999
14.27	1.1056143
14.275	1.1048292437499998
14.2800	1.1040500999999998
14.285	1.1032768687499999
14.2900	1.1025092999999997
14.295	1.1017472312499998
14.3	1.1009904
14.305	1.10023855625
14.31	1.0994915
14.315	1.0987490250000003
14.32	1.0980109
14.3250	1.0972769
14.33	1.0965468
14.335	1.095820375
14.34	1.0950974
14.345	1.0943776374999998
14.35	1.0936609
14.355	1.0929470062499997
14.36	1.0922357
14.365	1.0915267375
14.3700	1.0908198999999998
14.375	1.09011495625
14.38	1.0894117
14.385	1.0887099312500002
14.39	1.0880094
14.395	1.0873098250000002
14.4	1.0866111
14.4050	1.0859129875
14.41	1.0852156
14.4150	1.0845188874999998
14.42	1.0838231
14.425	1.08312844375
14.43	1.082435
14.435	1.08174285
14.44	1.0810522
14.445	1.0803632499999998
14.4500	1.0796760999999997
14.455	1.07899086875
14.46	1.0783077
14.465	1.0776267187500002
14.47	1.0769481
14.475	1.0762720187500001
14.48	1.0755986
14.485	1.07492798125
14.49	1.0742603
14.4950	1.0735956875
14.5	1.0729343
14.505	1.0722762937499999
14.51	1.0716218
14.515	1.0709709499999998
14.52	1.0703239
14.525	1.0696808125
14.5300	1.0690417999999997
14.535	1.0684069687499997
14.5400	1.0677764999999997
14.545	1.0671505937499999
14.55	1.0665293
14.555	1.065912675
14.56	1.0653009
14.565	1.0646941312500002
14.57	1.0640925
14.5750	1.0634961625000001
14.58	1.0629052
14.585	1.0623196875
14.59	1.0617398
14.595	1.0611656999999999
14.6	1.0605975
14.605	1.06003533125
14.61	1.0594793
14.615	1.0589294999999999
14.6200	1.0583860999999999
14.625	1.05784926875
14.63	1.0573191
14.635	1.0567957000000001
14.64	1.0562792
14.645	1.0557697250000002
14.65	1.0552674
14.6550	1.0547724937499998
14.66	1.0542847
14.6650	1.05380395625
14.67	1.0533298
14.675	1.05286185625
14.68	1.0523998
14.685	1.05194330625
14.69	1.051492
14.695	1.05104551875
14.7000	1.0506034999999998
14.705	1.050165575
14.71	1.0497314
14.715	1.0493006312500002
14.72	1.0488729
14.725	1.04844783125
14.73	1.0480251
14.735	1.0476043875
14.74	1.0471853
14.7450	1.0467674437499999
14.75	1.0463505
14.755	1.04593415
14.76	1.045518
14.765	1.0451016624999998
14.77	1.0446848
14.775	1.04426700625
14.7800	1.0438480999999997
14.785	1.04342758125
14.7900	1.0430059999999999
14.795	1.04258360625
14.8	1.0421608
14.805	1.0417379125000001
14.81	1.0413154
14.815	1.0408937
14.82	1.0404732
14.8250	1.0400543062499998
14.83	1.0396374
14.835	1.0392228625
14.84	1.0388111
14.845	1.0384025124999998
14.85	1.0379975
14.855	1.0375964624999998
14.86	1.0371998
14.865	1.0368079124999998
14.8700	1.0364211999999997
14.875	1.0360400625
14.88	1.0356649
14.885	1.0352961125000002
14.89	1.0349341
14.895	1.0345792687500002
14.9	1.034232
14.9050	1.0338928187499998
14.91	1.0335617
14.9150	1.033238975
14.92	1.0329241
14.925	1.03261678125
14.93	1.0323166
14.935	1.0320231375
14.94	1.0317361
14.945	1.03145519375
14.9500	1.03118
14.955	1.0309101125
14.96	1.0306452
14.965	1.03038491875
14.97	1.0301289
14.975	1.02987678125
14.98	1.0296282
14.985	1.0293827937500002
14.99	1.0291402
14.9950	1.02890005
15.	1.028662
15.005	1.0284257187499999
15.01	1.0281908
15.015	1.02795683125
15.02	1.0277235
15.025	1.0274904625
15.0300	1.0272574
15.035	1.02702379375
15.0400	1.0267899
15.045	1.0265556500000002
15.05	1.0263215
15.055	1.0260877875
15.06	1.0258548
15.065	1.0256228375
15.07	1.0253922
15.0750	1.0251631749999999
15.08	1.0249361
15.085	1.024711325
15.09	1.0244891
15.095	1.02426966875
15.1	1.0240534
15.105	1.0238406562499998
15.11	1.0236317
15.115	1.0234268
15.1200	1.0232263
15.125	1.02303055
15.13	1.0228398
15.135	1.02265429375
15.14	1.0224744
15.145	1.022300475
15.15	1.0221328
15.1550	1.02197175
15.16	1.0218174
15.1650	1.0216701124999998
15.17	1.0215294
15.175	1.0213950374999998
15.18	1.0212666
15.185	1.0211437125
15.19	1.021026
15.195	1.0209130874999999
15.2000	1.0208046
15.205	1.0207001625
15.21	1.0205994
15.215	1.020501925
15.22	1.0204074
15.225	1.0203155
15.23	1.0202258
15.235	1.02013788125
15.24	1.0200514
15.2450	1.019966
15.25	1.0198813
15.255	1.01979691875
15.26	1.0197125
15.265	1.01962769375
15.27	1.0195421
15.275	1.0194553124999999
15.2800	1.019367
15.285	1.019276675
15.2900	1.0191844
15.295	1.019089925
15.3	1.0189937
15.305	1.01889599375
15.31	1.0187971
15.315	1.01869730625
15.32	1.0185969
15.3250	1.0184961687499998
15.33	1.0183954
15.335	1.01829488125
15.34	1.0181949
15.345	1.0180957375
15.35	1.0179977
15.355	1.01790110625
15.36	1.0178062
15.365	1.0177132125000001
15.3700	1.0176225
15.375	1.017534425
15.38	1.0174492
15.385	1.0173670375
15.39	1.0172883
15.395	1.01721334375
15.4	1.0171424
15.4050	1.01707574375
15.41	1.0170136
15.4150	1.01695635625
15.42	1.0169038
15.425	1.0168559625
15.43	1.0168125
15.435	1.01677315625
15.44	1.0167377
15.445	1.0167058812499998
15.4500	1.0166775
15.455	1.01665235625
15.46	1.0166302
15.465	1.0166107875
15.47	1.0165939
15.475	1.016579325
15.48	1.0165668
15.4850	1.01655605625
15.49	1.0165469
15.4950	1.01653913125
15.5	1.0165325
15.505	1.0165267625
15.51	1.0165217
15.515	1.01651709375
15.52	1.0165127
15.525	1.016508275
15.5300	1.0165036
15.535	1.0164984187500001
15.5400	1.0164926
15.545	1.0164858875
15.55	1.0164784
15.555	1.01647015625
15.56	1.0164612
15.565	1.01645156875
15.57	1.0164413
15.5750	1.01643043125
15.58	1.016419
15.585	1.0164070374999998
15.59	1.0163946
15.595	1.01638174375
15.6	1.0163685
15.605	1.0163549
15.6100	1.016341
15.615	1.01632686875
15.6200	1.0163125
15.625	1.016297875
15.63	1.0162831
15.635	1.016268275
15.64	1.0162534
15.645	1.0162385
15.65	1.0162236
15.6550	1.0162087
15.66	1.0161939
15.6650	1.01617933125
15.67	1.0161649
15.675	1.0161505625
15.68	1.0161363
15.685	1.0161221
15.69	1.0161079
15.695	1.0160936437499999
15.7000	1.0160793
15.705	1.0160648374999999
15.71	1.0160502
15.715	1.0160353312500001
15.72	1.0160202
15.725	1.016004775
15.73	1.015989
15.7350	1.0159728125
15.74	1.0159562
15.7450	1.0159391625
15.75	1.0159216
15.755	1.0159034062499999
15.76	1.0158846
15.765	1.0158651875
15.77	1.0158451
15.775	1.01582429375
15.7800	1.0158027
15.785	1.01578023125
15.7900	1.0157569
15.795	1.0157327250000001
15.8	1.0157076
15.805	1.01568143125
15.81	1.0156542
15.815	1.0156258812499999
15.82	1.0155964
15.8250	1.015565675
15.83	1.0155337
15.835	1.0155004749999998
15.84	1.0154659
15.845	1.01542988125
15.85	1.0153924
15.855	1.015353425
15.8600	1.0153129
15.865	1.015270775
15.8700	1.015227
15.875	1.015181525
15.88	1.0151343
15.885	1.015085275
15.89	1.0150344
15.895	1.014981625
15.9	1.0149269
15.9050	1.014870175
15.91	1.0148114
15.9150	1.0147505124999998
15.92	1.0146875
15.925	1.01462231875
15.93	1.014555
15.935	1.01448555
15.94	1.014414
15.945	1.0143403874999999
15.9500	1.0142647
15.955	1.0141869187499999
15.96	1.0141071
15.965	1.0140253
15.97	1.0139415
15.975	1.01385568125
15.98	1.0137679
15.9850	1.01367820625
15.99	1.0135866
15.9950	1.0134931
16.	1.0133977
16.005	1.01330038125
16.01	1.0132012
16.015	1.0131002062499999
16.02	1.0129974
16.025	1.01289279375
16.03	1.0127864
16.035	1.012678225
16.04	1.0125683
16.045	1.012456675
16.05	1.0123433
16.055	1.01222814375
16.06	1.0121112
16.065	1.011992475
16.07	1.0118719
16.075	1.01174940625
16.0800	1.011625
16.085	1.01149868125
16.09	1.0113704
16.095	1.01124011875
16.1	1.0111078
16.105	1.01097339375
16.11	1.0108369
16.1150	1.010698325
16.12	1.0105576
16.125	1.0104146625
16.13	1.0102695
16.135	1.0101220874999999
16.14	1.0099724
16.145	1.0098204187500002
16.15	1.0096661
16.155	1.0095094
16.16	1.0093503
16.165	1.00918878125
16.17	1.0090248
16.175	1.00885831875
16.18	1.0086893
16.185	1.0085177250000001
16.19	1.0083435
16.195	1.00816653125
16.2	1.0079868
16.2050	1.0078042812499999
16.21	1.0076189
16.215	1.0074305875
16.22	1.0072393
16.225	1.0070449874999998
16.23	1.0068476
16.235	1.0066470875
16.2400	1.0064433999999998
16.245	1.00623649375
16.25	1.0060263
16.255	1.00581275
16.26	1.0055958
16.265	1.0053754
16.27	1.0051515
16.275	1.0049240562500001
16.28	1.004693
16.285	1.0044582625
16.29	1.0042198
16.295	1.0039775375
16.3	1.0037315
16.305	1.0034816625
16.31	1.0032281
16.315	1.00297085625
16.32	1.00271
16.325	1.00244560625
16.3300	1.0021776999999998
16.335	1.00190630625
16.34	1.0016315
16.345	1.0013533375
16.35	1.0010719
16.355	1.000787285
16.36	1.0004995
16.3650	1.000208554375
16.37	0.99991454
16.375	0.999617538125
16.38	0.99931759
16.385	0.9990147443749999
16.39	0.99870906
16.395	0.9984005918750001
16.4	0.9980894
16.405	0.9977755456249999
16.41	0.99745908
16.415	0.9971400593750002
16.42	0.99681853
16.425	0.9964945681249999
16.43	0.99616814
16.435	0.9958392562500001
16.44	0.99550786
16.445	0.995173910625
16.45	0.99483737
16.4550	0.9944981987499999
16.46	0.99415636
16.465	0.9938118162499999
16.47	0.99346453
16.475	0.9931144649999999
16.48	0.99276158
16.485	0.99240583375
16.4900	0.9920471899999997
16.495	0.9916856118749998
16.5	0.99132106
16.505	0.9909534950000002
16.51	0.99058288
16.515	0.9902091781250001
16.52	0.98983235
16.525	0.9894523575000002
16.53	0.98906916
16.535	0.988682715
16.54	0.98829299
16.545	0.9878999431249998
16.55	0.98750356
16.555	0.987103788125
16.56	0.9867007
16.565	0.9862943349999999
16.57	0.98588474
16.575	0.9854719575
16.5800	0.9850560399999997
16.585	0.9846370393749998
16.59	0.984215
16.595	0.9837899668750002
16.6	0.98336199
16.605	0.982931118125
16.61	0.9824974
16.6150	0.9820608862499998
16.62	0.98162162
16.625	0.981179643125
16.63	0.98073501
16.635	0.9802877749999999
16.64	0.97983798
16.645	0.9793856675
16.65	0.97893089
16.655	0.9784736993749998
16.66	0.97801414
16.665	0.9775522581250001
16.67	0.9770881
16.675	0.9766217375
16.68	0.97615314
16.685	0.9756823287500002
16.69	0.97520922
16.695	0.9747337575
16.7	0.97425588
16.7050	0.9737755262499999
16.71	0.97329264
16.715	0.972807165625
16.72	0.97231904
16.725	0.9718282012499998
16.73	0.97133459
16.735	0.970838145625
16.7400	0.9703388099999997
16.745	0.9698365243749998
16.75	0.96933123
16.755	0.9688228687500002
16.76	0.96831138
16.765	0.96779670375
16.77	0.96727878
16.775	0.9667575481250001
16.78	0.96623295
16.785	0.9657049274999999
16.79	0.96517342
16.795	0.9646383599999998
16.8	0.96409971
16.805	0.9635573793750001
16.81	0.96301146
16.815	0.9624619799999998
16.82	0.96190904
16.825	0.96135272375
16.8300	0.9607931099999996
16.835	0.9602302781249997
16.84	0.95966431
16.845	0.9590952875000002
16.85	0.95852329
16.855	0.957948396875
16.86	0.95737069
16.8650	0.9567902499999997
16.87	0.95620716
16.875	0.955621504375
16.88	0.95503336
16.885	0.9544428037499998
16.89	0.95384992
16.895	0.9532547918750001
16.9	0.9526575
16.905	0.9520581268749998
16.91	0.95145675
16.915	0.9508534456250003
16.92	0.9502483
16.925	0.949641403125
16.93	0.94903282
16.935	0.9484226268750002
16.94	0.94781088
16.945	0.9471976425
16.95	0.94658297
16.9550	0.9459669199999998
16.96	0.94534955
16.965	0.9447309174999999
16.97	0.94411108
16.975	0.9434900937499998
16.98	0.94286802
16.985	0.942244921875
16.9900	0.9416208499999995
16.995	0.9409958543749998
17.	0.94037
17.005	0.9397433500000003
17.01	0.93911596
17.015	0.93848788875
17.02	0.93785919
17.025	0.9372299156250002
17.03	0.93660013
17.035	0.9359698974999999
17.04	0.93533927
17.045	0.9347083024999997
17.05	0.93407705
17.055	0.933445603125
17.06	0.93281391
17.065	0.9321819812499998
17.07	0.93154972
17.075	0.930917056875
17.0800	0.9302839199999996
17.085	0.9296502381249998
17.09	0.92901594
17.095	0.9283809543750002
17.1	0.92774521
17.105	0.927108635
17.11	0.92647116
17.1150	0.9258327168749998
17.12	0.92519323
17.125	0.9245526237499999
17.13	0.92391083
17.135	0.9232677793749997
17.14	0.9226234
17.145	0.921977620625
17.1500	0.9213303699999995
17.155	0.9206815768749997
17.16	0.92003117
17.165	0.9193790781250002
17.17	0.91872523
17.175	0.918069545625
17.18	0.91741198
17.185	0.9167524375000002
17.19	0.91609099
17.195	0.9154276587500001
17.2	0.9147625
17.2050	0.9140955574999998
17.21	0.91342689
17.215	0.912756556875
17.22	0.9120846
17.225	0.9114110618749998
17.23	0.910736
17.235	0.910059469375
17.2400	0.9093815199999996
17.245	0.9087022049999998
17.25	0.90802157
17.255	0.9073396593750003
17.26	0.90665653
17.265	0.905972238125
17.27	0.90528683
17.2750	0.9046003524999998
17.28	0.90391286
17.285	0.90322440625
17.29	0.90253504
17.295	0.9018448112499997
17.3	0.90115377
17.305	0.900461975625
17.31	0.89976945
17.315	0.8990762393749997
17.32	0.89838233
17.325	0.897687725625
17.3300	0.8969924199999996
17.335	0.8962964074999997
17.34	0.89559969
17.345	0.8949022687500002
17.35	0.89420414
17.355	0.893505301875
17.36	0.89280575
17.3650	0.8921054787499997
17.37	0.89140449
17.375	0.890702785
17.38	0.89000036
17.385	0.8892972131249998
17.39	0.88859334
17.395	0.887888735
17.4000	0.8871833999999994
17.405	0.8864773362499997
17.41	0.88577054
17.415	0.8850630087500003
17.42	0.88435474
17.425	0.883645729375
17.43	0.88293598
17.435	0.8822254731250002
17.44	0.88151427
17.445	0.880802400625
17.45	0.88008994
17.4550	0.8793769512499997
17.46	0.8786635
17.465	0.8779496518750001
17.47	0.87723547
17.475	0.8765210187499998
17.48	0.87580636
17.485	0.875091554375
17.4900	0.8743766699999994
17.495	0.8736617743749997
17.5	0.87294693
17.505	0.8722322006250003
17.51	0.87151765
17.515	0.87080334125
17.52	0.87008934
17.5250	0.8693757118749997
17.53	0.86866252
17.535	0.86794982875
17.54	0.8672377
17.545	0.8665261937499997
17.55	0.86581538
17.555	0.865105334375
17.56	0.8643961
17.565	0.8636877406249998
17.57	0.86298027
17.575	0.8622737187499999
17.5800	0.8615680999999994
17.585	0.8608634324999997
17.59	0.86015973
17.595	0.8594570043750003
17.6	0.85875528
17.605	0.858054581875
17.61	0.85735492
17.6150	0.8566563049999998
17.62	0.85595876
17.625	0.8552623075
17.63	0.85456696
17.635	0.8538727299999997
17.64	0.85317964
17.645	0.852487711875
17.6500	0.8517969599999996
17.655	0.8511073999999997
17.66	0.85041905
17.665	0.8497319275000003
17.67	0.84904605
17.675	0.848361435625
17.68	0.8476781
17.685	0.8469960806250002
17.69	0.84631533
17.695	0.845635846875
17.7	0.84495753
17.7050	0.8442803056249998
17.71	0.84360409
17.715	0.8429288
17.72	0.84225436
17.725	0.8415806949999998
17.73	0.84090772
17.735	0.840235349375
17.7400	0.8395635099999995
17.745	0.8388921287499997
17.75	0.83822112
17.755	0.8375503993750003
17.76	0.83687989
17.765	0.83620951375
17.77	0.83553919
17.7750	0.8348688381249998
17.78	0.83419838
17.785	0.833527738125
17.79	0.83285683
17.795	0.8321855724999997
17.8	0.83151389
17.805	0.830841700625
17.81	0.83016894
17.815	0.8294954899999998
17.82	0.82882143
17.825	0.828146768125
17.8300	0.8274715999999995
17.835	0.8267959993749997
17.84	0.82612004
17.845	0.8254437968750002
17.85	0.82476734
17.855	0.824090739375
17.86	0.82341407
17.8650	0.8227374056249998
17.87	0.82206082
17.875	0.821384386875
17.88	0.82070818
17.885	0.8200322743749998
17.89	0.81935674
17.895	0.81868164625
17.9000	0.8180070699999995
17.905	0.8173330881249997
17.91	0.81665977
17.915	0.8159871850000002
17.92	0.81531541
17.925	0.81464452125
17.93	0.81397459
17.935	0.8133057062500002
17.94	0.81263789
17.945	0.81197122
17.95	0.81130561
17.9550	0.8106410218749998
17.96	0.80997739
17.965	0.80931465625
17.97	0.80865276
17.975	0.8079916406249997
17.98	0.80733124
17.985	0.806671499375
17.9900	0.8060123599999995
17.995	0.8053537631249997
18.	0.80469565
18.005	0.8040379618750002
18.01	0.80338064
18.015	0.802723625625
18.02	0.80206686
18.0250	0.8014102849999998
18.03	0.80075384
18.035	0.80009746375
18.04	0.7994411
18.045	0.7987846924999997
18.05	0.79812818
18.055	0.7974714993750001
18.06	0.7968146
18.065	0.7961573906249998
18.07	0.79549993
18.075	0.7948422025
18.0800	0.7941843399999996
18.085	0.7935264362499997
18.09	0.79286859
18.095	0.7922108993750002
18.1	0.79155346
18.105	0.7908963675
18.11	0.79023972
18.1150	0.7895836156249998
18.12	0.78892815
18.125	0.78827341875
18.13	0.78761952
18.135	0.7869665512499998
18.14	0.78631461
18.145	0.785663795
18.1500	0.7850141999999996
18.155	0.7843659181249997
18.16	0.78371905
18.165	0.7830736962500002
18.17	0.78242995
18.175	0.7817879037500001
18.18	0.78114766
18.185	0.7805093331250003
18.19	0.77987298
18.195	0.77923873
18.2	0.77860648
18.2050	0.7779762068749998
18.21	0.7773478
18.215	0.7767211700000001
18.22	0.77609623
18.225	0.7754728918749998
18.23	0.77485107
18.235	0.774230679375
18.2400	0.7736116299999996
18.245	0.7729938331249997
18.25	0.7723772
18.255	0.7717616400000002
18.26	0.77114707
18.265	0.7705334075
18.27	0.76992056
18.2750	0.7693084349999998
18.28	0.76869695
18.285	0.7680860225
18.29	0.76747556
18.295	0.7668654712499998
18.3	0.76625567
18.305	0.765646068125
18.31	0.76503658
18.315	0.7644271068749997
18.32	0.7638176
18.325	0.76320797125
18.3300	0.7625982399999995
18.335	0.7619883981249997
18.34	0.76137844
18.345	0.7607683581250002
18.35	0.76015815
18.355	0.759547811875
18.36	0.75893734
18.3650	0.7583267306249998
18.37	0.75771598
18.375	0.757105085625
18.38	0.75649404
18.385	0.7558828349999998
18.39	0.75527147
18.395	0.754659943125
18.4000	0.7540482499999995
18.405	0.7534363881249998
18.41	0.75282435
18.415	0.7522121275000002
18.42	0.75159972
18.425	0.75098712625
18.43	0.75037434
18.435	0.7497613537500002
18.44	0.74914817
18.445	0.7485347625
18.45	0.74792121
18.4550	0.7473075481249998
18.46	0.74669388
18.465	0.74608029
18.47	0.74546687
18.475	0.7448537112499998
18.48	0.7442409
18.485	0.743628523125
18.4900	0.7430166699999996
18.495	0.7424054293749998
18.5	0.74179489
18.505	0.7411851400000002
18.51	0.74057627
18.515	0.7399683718750001
18.52	0.73936153
18.5250	0.7387558281249998
18.53	0.73815136
18.535	0.73754822
18.54	0.73694649
18.545	0.7363462512499998
18.55	0.7357476
18.555	0.735150631875
18.56	0.73455543
18.565	0.7339620968749998
18.57	0.73337067
18.575	0.732781274375
18.5800	0.7321937499999995
18.585	0.7316080256249998
18.59	0.73102396
18.595	0.7304414287500002
18.6	0.72986031
18.605	0.7292804825
18.61	0.72870182
18.6150	0.7281241956249997
18.62	0.72754749
18.625	0.726971583125
18.63	0.72639635
18.635	0.7258216668749998
18.64	0.72524741
18.645	0.72467345625
18.6500	0.7240996799999996
18.655	0.7235259537499997
18.66	0.72295216
18.665	0.7223781818750002
18.67	0.72180389
18.675	0.72122915625
18.68	0.72065386
18.685	0.7200778781250001
18.69	0.71950109
18.695	0.7189233275
18.7	0.71834461
18.7050	0.7177648431249999
18.71	0.7171842
18.715	0.71660278375
18.72	0.71602071
18.725	0.7154380893749998
18.73	0.71485504
18.735	0.71427167875
18.7400	0.7136881199999996
18.745	0.7131044793749998
18.75	0.71252087
18.755	0.7119374050000002
18.76	0.7113542
18.765	0.7107713706250001
18.77	0.71018903
18.7750	0.7096072899999998
18.78	0.70902627
18.785	0.708446090625
18.79	0.70786686
18.795	0.7072886862499997
18.8	0.70671169
18.805	0.706135990625
18.81	0.7055617
18.815	0.7049889387499998
18.82	0.7044178
18.825	0.703848441875
18.8300	0.7032807899999995
18.835	0.7027148618749998
18.84	0.70215054
18.845	0.7015877400000002
18.85	0.70102638
18.855	0.700466378125
18.86	0.69990765
18.8650	0.6993501118749997
18.87	0.69879368
18.875	0.69823826875
18.88	0.6976838
18.885	0.6971301968749998
18.89	0.69657737
18.895	0.6960252312499999
18.9000	0.6954736999999995
18.905	0.6949226931249998
18.91	0.69437213
18.915	0.6938219312500002
18.92	0.69327201
18.925	0.69272228
18.93	0.69217266
18.935	0.6916230675000002
18.94	0.69107342
18.945	0.6905236193750001
18.95	0.68997363
18.9550	0.6894233499999998
18.96	0.68887288
18.965	0.688322264375
18.97	0.68777157
18.975	0.6872208549999997
18.98	0.68667019
18.985	0.6861196437499999
18.9900	0.6855692799999995
18.995	0.6850191643749998
19.	0.68446936
19.005	0.6839199300000002
19.01	0.68337094
19.015	0.6828224549999999
19.02	0.68227454
19.0250	0.6817272599999998
19.03	0.68118068
19.035	0.680634865625
19.04	0.68008988
19.045	0.6795457849999998
19.05	0.67900265
19.055	0.6784605450000001
19.06	0.67791953
19.065	0.6773796668749998
19.07	0.67684102
19.075	0.676303680625
19.0800	0.6757676299999996
19.085	0.6752329062499998
19.09	0.67469943
19.095	0.6741671537500002
19.1	0.67363602
19.105	0.67310597125
19.11	0.67257696
19.1150	0.6720489387499998
19.12	0.67152185
19.125	0.670995636875
19.13	0.67047025
19.135	0.6699456399999999
19.14	0.66942175
19.145	0.6688985225
19.1500	0.6683759099999996
19.155	0.6678538649999998
19.16	0.66733233
19.165	0.6668112493750002
19.17	0.66629057
19.175	0.66577023625
19.18	0.6652502
19.185	0.6647304137500002
19.19	0.66421082
19.195	0.663691356875
19.2	0.66317199
19.2050	0.6626526418749998
19.21	0.66213338
19.215	0.6616142225
19.22	0.66109524
19.225	0.6605764881249998
19.23	0.66005803
19.235	0.6595399275
19.2400	0.6590222399999996
19.245	0.6585050287499998
19.25	0.65798835
19.255	0.6574722593750002
19.26	0.65695682
19.265	0.656442094375
19.27	0.65592814
19.2750	0.6554150149999998
19.28	0.65490278
19.285	0.654391495
19.29	0.65388122
19.295	0.6533720162499999
19.3	0.65286394
19.305	0.652357046875
19.31	0.6518514
19.315	0.6513470618749998
19.32	0.65084409
19.325	0.650342554375
19.3300	0.6498424799999997
19.335	0.6493439281249999
19.34	0.64884686
19.345	0.6483512650000002
19.35	0.64785712
19.355	0.647364406875
19.36	0.6468731
19.3650	0.6463831724999999
19.37	0.64589461
19.375	0.6454073975
19.38	0.64492151
19.385	0.6444369237499998
19.39	0.64395362
19.395	0.64347158
19.4000	0.6429907799999997
19.405	0.6425111956249998
19.41	0.64203281
19.415	0.6415556056250002
19.42	0.64107956
19.425	0.6406046525
19.43	0.64013086
19.435	0.6396581581250002
19.44	0.63918653
19.445	0.63871595875
19.45	0.63824642
19.4550	0.6377778874999999
19.46	0.63731035
19.465	0.6368437925
19.47	0.6363782
19.475	0.6359135568749998
19.48	0.63544985
19.485	0.634987065
19.4900	0.6345251899999996
19.495	0.6340642131249998
19.5	0.63360412
19.505	0.6331448975000001
19.51	0.63268653
19.515	0.6322290012499999
19.52	0.6317723
19.5250	0.6313164149999998
19.53	0.63086133
19.535	0.630407028125
19.54	0.6299535
19.545	0.6295007368749999
19.55	0.62904872
19.555	0.628597430625
19.56	0.62814686
19.565	0.6276969993749998
19.57	0.62724783
19.575	0.62679933125
19.5800	0.6263514999999996
19.585	0.6259043168749998
19.59	0.62545781
19.595	0.6250119931250002
19.6	0.62456689
19.605	0.62412252125
19.61	0.62367891
19.6150	0.6232360787499999
19.62	0.62279405
19.625	0.62235284625
19.63	0.62191249
19.635	0.6214730037499999
19.64	0.62103441
19.645	0.620596731875
19.6500	0.6201599899999997
19.655	0.6197242049999998
19.66	0.6192894
19.665	0.6188555968750001
19.67	0.61842282
19.675	0.617991094375
19.68	0.61756044
19.685	0.6171308781250001
19.69	0.61670243
19.695	0.616275115
19.7	0.61584896
19.7050	0.6154239912499999
19.71	0.61500023
19.715	0.6145776956250001
19.72	0.61415642
19.725	0.6137364331249999
19.73	0.61331776
19.735	0.612900424375
19.7400	0.6124844599999997
19.745	0.6120699006249998
19.75	0.61165677
19.755	0.6112450937500001
19.76	0.6108349
19.765	0.6104262149999999
19.77	0.61001907
19.7750	0.6096134968749999
19.78	0.60920952
19.785	0.60880716375
19.79	0.60840646
19.795	0.6080074399999998
19.8	0.60761013
19.805	0.6072145575
19.81	0.60682075
19.815	0.6064287343749999
19.82	0.60603854
19.825	0.60565019875
19.8300	0.6052637299999998
19.835	0.6048791849999998
19.84	0.6044965
19.845	0.6041156575000002
19.85	0.60373657
19.855	0.603359169375
19.86	0.60298338
19.8650	0.6026091262499998
19.87	0.60223634
19.875	0.601864951875
19.88	0.60149489
19.885	0.6011260843749998
19.89	0.60075846
19.895	0.6003919412500001
19.9000	0.6000264599999998
19.905	0.5996619481249998
19.91	0.59929833
19.915	0.5989355300000001
19.92	0.59857348
19.925	0.59821211125
19.93	0.59785135
19.935	0.5974911231250001
19.94	0.59713136
19.945	0.59677199
19.95	0.59641294
19.9550	0.5960541243749998
19.96	0.59569551
19.965	0.5953370099999999
19.97	0.5949787
19.975	0.5946206043749999
19.98	0.59426279
19.985	0.5939053131250002
19.9900	0.5935482299999998
19.995	0.5931915968749993
